title,money,description,url,images
3 Piece - Printed Embroidered Suit - 42402130,"Rs. 10,490.00 Rs. 8,392.00","Endless look from our trendiest printed embroidered three-piece from the latest unstitched summer collection.
Product Detail:
Ethnic Style Shirt with Dupatta and Trousers
SHIRT
Printed Slub Cambric Shirt: 3 Meter
Embroidered Front + Border
Fabric: Cambric
Color: Light Yellow
DUPATTA
Printed Fancy Brochia Dupatta: 2.5 Meter
Fabric: Fancy Brochia
Color: Light Yellow
TROUSERS
Solid Cambric Trousers: 2.5 Meter
Fabric: Cambric
Color: Light Yellow
Note:
Product color may slightly vary due to photographic lighting sources or your device settings.",https://nishatlinen.com/collections/women/products/42402130,"image_1_1_1.jpg, image_1_1_2.jpg, image_1_1_3.jpg"
Embroidered Jacket - AS24-73 - XS,"Rs. 5,650.00 Rs. 3,390.00","Dress up like a queen with this embroidered jacket from the latest pret summer collection.
Product Detail
Embroidered Jacket
Jacket
Front Open Embroidered Jacket
Fabric: Cambric
Color: Peach
Note:
Product color may vary slightly due to photographic lighting sources or monitor settings.",https://nishatlinen.com/collections/women/products/as24-73,"image_1_2_1.jpg, image_1_2_2.jpg, image_1_2_3.jpg"
3 Piece - Embroidered Suit - 42401796,"Rs. 10,770.00 Rs. 7,000.50","Make a bold fashion statement with this embroidered three-piece from the latest unstitched summer collection.
Product Detail:
Banarsi Style Shirt with Dupatta and Trousers
SHIRT
Solid Satin Shirt: 3 Meter
Embroidered Front + Border
Fabric: Satin
Color: Black
DUPATTA
Fancy Banarsi Dupatta: 2.5 Meter
Fabric: Banarsi
Color: Black
TROUSERS
Solid Satin Trousers: 2.5 Meter
Fabric: Satin
Color: Black
Note:
Product color may slightly vary due to photographic lighting sources or your device settings.",https://nishatlinen.com/collections/women/products/42401796,"image_1_3_1.jpg, image_1_3_2.jpg, image_1_3_3.jpg"
2 Piece - Printed Suit - 42401776,"Rs. 4,610.00 Rs. 2,996.50","Make your day marvelous by wearing this printed two-piece from the latest unstitched summer collection.
Product Detail:
Watercolor Textures With Stencil Style Patterns Shirt with Dupatta
SHIRT
Printed Super Fine Lawn Shirt: 3 Meter
Fabric: Lawn
Color: Pink
DUPATTA
Digital Printed Crinkle Chiffon Dupatta: 2.5 Meter
Fabric: Crinkle Chiffon
Color: Multi
Note:
Product color may slightly vary due to photographic lighting sources or your device settings.",https://nishatlinen.com/collections/women/products/42401776,"image_1_4_1.jpg, image_1_4_2.jpg, image_1_4_3.jpg"
1 Piece - Digital Printed Loose Fabric - 42403060 - Shirt / 3 / 3,Rs. 670.00 Rs. 436.00,"Unveil your summer story with the timeless elegance of our digital printed one-piece from the latest freedom to buy summer collection.
Product Detail:
Floral Printed Style Shirt
SHIRT
Shirt: 3 Meter (RS 1090/-Mtr)
Fabric: Fancy Strip
Color: Off White
Note:
Product color may slightly vary due to photographic lighting sources or your device settings.",https://nishatlinen.com/collections/women/products/42403060,"image_1_5_1.jpg, image_1_5_2.jpg, image_1_5_3.jpg"
3 Piece - Printed Loose Fabric - 42403001 - Shirt / 3 / 3,Rs. 670.00 Rs. 436.00,"Embrace the season with our printed three-piece from the latest freedom to buy summer collection.
Product Detail:
Block Printed Style Shirt with Dupatta and Trousers
SHIRT
Shirt: 3 Meter (RS 730/-Mtr)
Fabric: Lawn
Color: Gold
DUPATTA
Dupatta: 2.5 Meter (RS 750/-Mtr)
Fabric: Voile
Color: Sea Green & Gold
TROUSERS
Trousers: 2.5 Meter (RS 650/-Mtr)
Fabric: Cambric
Color: Gold
Note:
Product color may slightly vary due to photographic lighting sources or your device settings.",https://nishatlinen.com/collections/women/products/42403001,"image_1_6_1.jpg, image_1_6_2.jpg, image_1_6_3.jpg"
1 Piece - Digital Printed Loose Fabric - 42403217 - Shirt / 3 / 3,"Rs. 1,120.00 Rs. 728.00","Give occasion dressing a new age in this digital printed one-piece from the latest freedom to buy summer collection.
Product Detail:
Ethnic Flower Jaal Printed Style Shirt 
SHIRT
Shirt: 3 Meter (RS 800/-Mtr)
Fabric: Dobby Lawn
Color: Off White

Note:
Product color may slightly vary due to photographic lighting sources or your device settings.",https://nishatlinen.com/products/42403217,"image_1_7_1.jpg, image_1_7_2.jpg, image_1_7_3.jpg"
2 Piece - Printed Suit - 42401758,"Rs. 3,070.00 Rs. 1,995.50","Delicate your look with this printed two-piece from the latest unstitched summer collection.
Product Detail:
Ceramic Pots Printed Style Shirt with Trousers
SHIRT
Printed Super Fine Lawn Shirt: 3 Meter
Fabric: Lawn
Color: Yellow
TROUSERS
Printed Cambric Trousers: 2.5 Meter
Fabric: Cambric
Color: Yellow
Note:
Product color may slightly vary due to photographic lighting sources or your device settings.",https://nishatlinen.com/collections/women/products/42401758,"image_1_8_1.jpg, image_1_8_2.jpg, image_1_8_3.jpg"
3 Piece - Printed Loose Fabric - 42403256 - Shirt / 3 / 3,Rs. 455.00 - Rs. 527.00,"Revitalize your casual look with this printed three-piece from the latest freedom to buy summer collection.
Product Detail:
Flowers & Textures Printed Style Shirt with Dupatta and Trousers
SHIRT
Shirt: 3 Meter (RS 750/-Mtr)
Fabric: Lawn
Color: Black
DUPATTA
Dupatta: 2.5 Meter (RS 780/-Mtr)
Fabric: Voile
Color: Black
TROUSERS
Trousers: 2.5 Meter (RS 680/-Mtr)
Fabric: Cambric
Color: ﻿Black
Note:
Product color may slightly vary due to photographic lighting sources or your device settings.",https://nishatlinen.com/products/42403256,"image_1_9_1.jpg, image_1_9_2.jpg, image_1_9_3.jpg"
3 Piece - Digital Printed Loose Fabric - 42403315 - Trouser / 2.5 / 2.5,Rs. 880.00 Rs. 572.00,"Level up your wardrobe with gorgeous digital printed three-piece from the latest freedom to buy summer collection.
Product Detail:
Bougainvillea Plants Patterns In Printed Form Shirt with Dupatta and Trousers 
SHIRT
Shirt: 3 Meter (RS 780/-Mtr)
Fabric: Lawn
Color: Green
DUPATTA
Dupatta: 2.5 Meter (RS 800/-Mtr)
Fabric: Voile
Color: Green
TROUSERS
Trousers: 2.5 Meter (RS 680/-Mtr)
Fabric: Cambric
Color: Green
Note:
Product color may slightly vary due to photographic lighting sources or your device settings.",https://nishatlinen.com/products/42403315,"image_1_10_1.jpg, image_1_10_2.jpg, image_1_10_3.jpg"
Embroidered Trousers - PE24-367 - XS,"Rs. 2,560.00 Rs. 1,536.00","Look and feel your best by wearing this embroidered trousers from the latest pret summer collection.
Product Detail
Embroidered Trousers
Trousers
Straight Trousers With Embroidered Hem
Fabric: Cambric
Color: White
Note:
Product color may vary slightly due to photographic lighting sources or monitor settings.",https://nishatlinen.com/collections/women/products/pe24-367,"image_1_11_1.jpg, image_1_11_2.jpg, image_1_11_3.jpg"
2 Piece - Printed Suit - PE24-344 - XS,"Rs. 4,570.00 Rs. 2,742.00","Illustrate your style with this printed two-piece suit from the latest pret summer collection. 
Product Detail
Printed Shirt With Trousers
Shirt
Band Neckline With Slit, Printed Shirt
Fabric: Cambric
Color: Multi
Trousers
Printed Straight Trousers
Fabric: Cambric
Color: Multi
Note:
Product color may vary slightly due to photographic lighting sources or monitor settings.",https://nishatlinen.com/products/pe24-344,"image_1_12_1.jpg, image_1_12_2.jpg, image_1_12_3.jpg"
2 Piece - Dyed Embroidered Suit - 42402143,"Rs. 4,290.00 Rs. 3,432.00","Look radiant with this dyed embroidered two-piece from the latest unstitched summer collection.
Product Detail:
Satin Embroidered Style Shirt with Trousers
SHIRT
Solid Cambric Shirt: 3 Meter
Embroidered Front + Sleeves + Border
Fabric: Cambric
Color: Off White
TROUSERS
Solid Cambric Trousers: 2.5 Meter
Fabric: Cambric
Color: Off White
Note:
Product color may slightly vary due to photographic lighting sources or your device settings.",https://nishatlinen.com/collections/women/products/42402143,"image_1_13_1.jpg, image_1_13_2.jpg, image_1_13_3.jpg"
1 Piece - Printed Loose Fabric - 42403084 - Dupatta / 2.5 / 2.5,Rs. 670.00 Rs. 436.00,"Indulge in the grandeur of fashion, making a graceful statement with our printed one-piece from the latest freedom to buy summer collection.
Product Detail:
Gradient Printed Style Dupatta
DUPATTA
Dupatta: 2.5 Meter (RS 750/-Mtr)
Fabric: Voile
Color: Pink & Orange
Note:
Product color may slightly vary due to photographic lighting sources or your device settings.",https://nishatlinen.com/products/42403084,"image_1_14_1.jpg, image_1_14_2.jpg, image_1_14_3.jpg"
1 Piece - Gold Printed Loose Fabric - 42403360 - Dupatta / 2.5 / 2.5,Rs. 880.00 Rs. 572.00,"Brighten up your wardrobe with this gold printed one-piece from the latest freedom to buy summer collection.
Product Detail:
Dotted Style Motifs In Printed Form Dupatta
Dupatta
Dupatta: 2.5 Meter (RS 850/-Mtr)
Fabric: Voile
Color: Purple
Note:
Product color may slightly vary due to photographic lighting sources or your device settings.",https://nishatlinen.com/products/42403360,"image_1_15_1.jpg, image_1_15_2.jpg, image_1_15_3.jpg"
Basic Shirt - PS24-02 - XS,"Rs. 4,100.00 Rs. 2,460.00","Embrace style with elegance by wearing this basic shirt from the latest pret pre summer collection. 
Product Detail
Basic Shirt
Shirt
Band Neckline With Placket, Buttons & Top Stitching Detail At Paneled Cuff Sleeves, Button Down Shirt
Fabric: Jacquard
Color: Navy

Note:
Product color may vary slightly due to photographic lighting sources or monitor settings.",https://nishatlinen.com/products/ps24-02,"image_1_16_1.jpg, image_1_16_2.jpg, image_1_16_3.jpg"
3 Piece - Printed Loose Fabric - 42403368 - Dupatta / 2.5 / 2.5,Rs. 455.00 - Rs. 533.00,"Uplift your look with printed three-piece from the latest freedom to buy summer collection.
Product Detail
Wallpaper Style Florals & Textured Shirt with Dupatta and Trousers 
SHIRT
Shirt: 3 Meter (RS 780/-Mtr) 
Fabric: Lawn
Color: Sea Green
DUPATTA
Dupatta: 2.5 Meter (RS 800/-Mtr) 
Fabric: Voile
Color: Beige
TROUSERS
Trousers: 2.5 Meter (RS 700/-Mtr) 
Fabric: Cambric
Color: Beige
Note:
Product color may slightly vary due to photographic lighting sources or your device settings.",https://nishatlinen.com/products/42403368,"image_1_17_1.jpg, image_1_17_2.jpg, image_1_17_3.jpg"
3 Piece - Printed Embroidered Suit - 42401562,"Rs. 8,720.00 Rs. 5,668.00","Create effortlessly elegant & stylish look by wearing this digital printed embroidered three-piece from the latest unstitched summer collection.
Product Detail:
Embellished Patterns With Textures Style Shirt with Dupatta and Trousers
SHIRT
Digital Printed Zari Lawn Shirt: 3 Meter
Embroidered Neckline + Border
Fabric: Lawn
Color: Pink
DUPATTA
Digital Printed Zari Lawn Dupatta: 2.5 Meter
Fabric: Lawn
Color: Pink
TROUSERS
Dyed Cambric Trousers: 2.5 Meter
Fabric: Cambric
Color: Pink
Note:
Product color may slightly vary due to photographic lighting sources or your device settings.",https://nishatlinen.com/collections/women/products/42401562,"image_1_18_1.jpg, image_1_18_2.jpg, image_1_18_3.jpg"
Embroidered Shirt - PE24-68 - XS,"Rs. 5,650.00 Rs. 3,390.00","Embrace your inner radiance by wearing this embroidered shirt from the latest pret summer collection.  
Product Detail
Embroidered Shirt
Shirt
Round Neckline With Slit & Piping, Embroidered Neckline
Fabric: Jacquard
Color: Pink
Note:
Product color may vary slightly due to photographic lighting sources or monitor settings.",https://nishatlinen.com/collections/women/products/pe24-68,"image_1_19_1.jpg, image_1_19_2.jpg, image_1_19_3.jpg"
2 Piece - Printed Suit - PS24-142 - XS,"Rs. 7,690.00 Rs. 4,614.00","Get ready to shine in style by wearing this printed two-piece suit from the latest pret summer collection.
Product Detail
Printed Shirt With Dupatta
Shirt
Round Neckline With Button Details at Piping
Fabric: Lawn
Color: Black
Dupatta
Printed Dupatta
Fabric: Silk
Color: Black
Note:
Product color may vary slightly due to photographic lighting sources or monitor settings.",https://nishatlinen.com/products/ps24-142,"image_1_20_1.jpg, image_1_20_2.jpg, image_1_20_3.jpg"
3 Piece - Embroidered Suit - 42401648,"Rs. 9,740.00 Rs. 6,331.00","Preserve your beautiful memories by wearing this embroidered three-piece from the latest unstitched summer collection.
Product Detail:
Laces With Flowers Prints Style Shirt with Dupatta and Trousers
SHIRT
Dyed Cambric Embroidered Front: 3 Meter
Embroidered Front
Fabric: Cambric
Color: Light Pink
DUPATTA
Digital Printed Organza Chiffon Dupatta: 2.5 Meter
Fabric: Organza Chiffon
Color: Light Pink
TROUSERS
Dyed Cambric Trousers: 2.5 Meter
Fabric: Cambric
Color: ﻿Light Pink
Note:
Product color may slightly vary due to photographic lighting sources or your device settings.",https://nishatlinen.com/collections/women/products/42401648,"image_1_21_1.jpg, image_1_21_2.jpg, image_1_21_3.jpg"
2 Piece - Basic Suit - PS24-106 - XS,"Rs. 6,690.00 Rs. 4,014.00","Create effortlessly elegant & stylish looks with this basic two-piece suit from the latest pret summer collection. 
Product Detail
Basic Shirt With Dupatta
Shirt
High V Neckline With Overlap Placket, Top Stitching Detail On Sleeves, Basic Shirt
Fabric: Cambric
Color: Pink
Dupatta
Gold Stripe Dupatta
Fabric: Silk
Color: Pink
Note:
Product color may vary slightly due to photographic lighting sources or monitor settings.",https://nishatlinen.com/collections/women/products/ps24-106,"image_1_22_1.jpg, image_1_22_2.jpg, image_1_22_3.jpg"
3 Piece - Yarn Dyed Embroidered Suit - 42401981,"Rs. 13,330.00 Rs. 8,664.50","Catch unblemished beauty with yarn dyed embroidered three-piece from the latest unstitched summer collection.
Product Detail:
Banarsi Style Shirt with Dupatta and Trousers
SHIRT
Yarn Dyed Banarsi Shirt: 3 Meter
Embroidered Front + Neckline + Sleeves + Motifs + 2 Borders
Fabric: Banarsi
Color: Red & Shocking Pink
DUPATTA
Banarsi Jacquard Dupatta: 2.5 Meter
Fabric: Banarsi
Color: Red & Shocking Pink
TROUSERS
Yarn Dyed Banarsi Trousers: 2.5 Meter
Fabric: Banarsi
Color: Red
Note:
Product color may slightly vary due to photographic lighting sources or your device settings.",https://nishatlinen.com/collections/women/products/42401981,"image_1_23_1.jpg, image_1_23_2.jpg, image_1_23_3.jpg"
Embroidered Trousers - PS24-270 - XS,"Rs. 2,560.00 Rs. 1,536.00","Feel captivating in this unique in this embroidered trousers from the latest pret summer collection.
Product Detail
Embroidered Trousers
Trousers
Loose Straight Trousers With Embroidered Hem
Fabric: Cambric
Color: Black
Note:
Product color may vary slightly due to photographic lighting sources or monitor settings.",https://nishatlinen.com/collections/women/products/ps24-270,"image_1_24_1.jpg, image_1_24_2.jpg, image_1_24_3.jpg"
Embroidered Shirt - PE24-146 - XL,"Rs. 6,660.00 Rs. 3,996.00","Refresh your wardrobe with this embroidered shirt from the latest pret summer collection.
Product Detail
Embroidered Shirt
Shirt
Round Neckline With Slit, Embroidered Neckline & Sleeves, Straight Shirt
Fabric: Jacquard
Color: Pistachio
Note:
Product color may vary slightly due to photographic lighting sources or monitor settings.",https://nishatlinen.com/collections/women/products/pe24-146,"image_1_25_1.jpg, image_1_25_2.jpg, image_1_25_3.jpg"
Embroidered Shirt - PE24-64 - XS,"Rs. 5,330.00 Rs. 3,198.00","Transform every moment into a timeless affair with this embroidered shirt from the latest pret summer collection.
Product Detail
Embroidered Shirt
Shirt
Band Neckline With Slit & Piping, Embroidered Front & Sleeves
Fabric: Cambric
Color: Green
Note:
Product color may vary slightly due to photographic lighting sources or monitor settings.",https://nishatlinen.com/products/pe24-64,"image_1_26_1.jpg, image_1_26_2.jpg, image_1_26_3.jpg"
3 Piece - Printed Suit - 42401682,"Rs. 4,100.00 Rs. 2,665.00","Glorify yourself with this amazing printed three-piece from the latest unstitched summer collection.
Product Detail:
Modern Printed Style Shirt with Dupatta and Trousers
SHIRT
Printed Lawn Shirt: 3 Meter
Fabric: Lawn
Color: Multi
DUPATTA
Printed Voile Dupatta: 2.5 Meter
Fabric: Voile
Color: Multi
TROUSERS
Solid Cambric Trousers: 2.5 Meter
Fabric: Cambric
Color: Off White
Note:
Product color may slightly vary due to photographic lighting sources or your device settings.",https://nishatlinen.com/collections/women/products/42401682,"image_1_27_1.jpg, image_1_27_2.jpg, image_1_27_3.jpg"
2 Piece - Printed Embroidered Suit - 42401953,"Rs. 5,640.00 Rs. 3,666.00","Radiate positivity and vibrancy in this printed embroidered two-piece from the latest unstitched summer collection.
Product Detail:
Jewel Studded Embroidered Motifs Style Shirt with Dupatta
SHIRT
Printed Super Fine Lawn Shirt: 3 Meter
Embroidered Front + Border
Fabric: Lawn
Color: Black
DUPATTA
Digital Printed Silk Dupatta: 2.5 Meter
Fabric: Silk
Color: Black
Note:
Product color may slightly vary due to photographic lighting sources or your device settings.",https://nishatlinen.com/products/42401953,"image_1_28_1.jpg, image_1_28_2.jpg, image_1_28_3.jpg"
3 Piece - Printed Embroidered Suit - 42405001,"Rs. 8,720.00 Rs. 5,668.00","For an elegant appearance with printed embroidered three-piece from the latest summer collection.
Product Detail:
Shirt with Dupatta and Trousers
SHIRT
Digital Printed Cambric Shirt: 3.2 Meter
Embroidered Front 
Fabric: Cambric
Color: Orange
DUPATTA
Digital Printed Voile Dupatta: 2.6 Meter
Fabric: Voile
Color: Orange 
TROUSERS
Digital Printed Cambric Trousers: 2.5 Meter
Fabric: Cambric
Color: Orange
Note:
Product color may slightly vary due to photographic lighting sources or your device settings.",https://nishatlinen.com/collections/women/products/42405001,"image_1_29_1.jpg, image_1_29_2.jpg, image_1_29_3.jpg"
Embroidered Shirt - PS24-69 - XS,"Rs. 6,150.00 Rs. 3,690.00","Celebrate style and grace with this embroidered shirt from the latest pret pre summer collection. 
Product Detail
Embroidered Shirt
Shirt
Band Neckline With Piping & Slit, Embroidered Neckline & Sleeves
Fabric: Jacquard
Color: Pink
Note:
Product color may vary slightly due to photographic lighting sources or monitor settings.",https://nishatlinen.com/collections/women/products/ps24-69,"image_1_30_1.jpg, image_1_30_2.jpg, image_1_30_3.jpg"
3 Piece - Printed Suit - 42402010,"Rs. 4,100.00 Rs. 2,665.00","Glow up for evening events by wearing this printed three-piece from the latest unstitched summer collection.
Product Detail:
Banarsi Printed Style Shirt with Dupatta and Trousers
SHIRT
Printed Lawn Shirt: 3 Meter
Fabric: Lawn
Color: Pink
DUPATTA
Printed Voile Dupatta: 2.5 Meter
Fabric: Voile
Color: Pink
TROUSERS
Solid Cambric Trousers: 2.5 Meter
Fabric: Cambric
Color: Pink
Note:
Product color may slightly vary due to photographic lighting sources or your device settings.",https://nishatlinen.com/collections/women/products/42402010-1,"image_1_31_1.jpg, image_1_31_2.jpg, image_1_31_3.jpg"
Printed Shirt - PE24-288 - XS,"Rs. 3,790.00 Rs. 2,274.00","Make truly glamorous statement in this printed shirt from the latest pret summer collection.
Product Detail
Printed Shirt
Shirt
Band Neckline With Slit & Piping
Fabric: Lawn
Color: Green
Note:
Product color may vary slightly due to photographic lighting sources or monitor settings.",https://nishatlinen.com/collections/women/products/pe24-288,"image_1_32_1.jpg, image_1_32_2.jpg, image_1_32_3.jpg"
2 Piece - Printed Embroidered Suit - 42401771,"Rs. 5,130.00 Rs. 3,334.50","Make your personality rejuvenate by wearing this printed embroidered two-piece from the latest unstitched summer collection.
Product Detail:
Paisleys Printed Style Shirt with Dupatta
SHIRT
Printed Super Fine Lawn Shirt: 3 Meter
2 Embroidered Motifs
Fabric: Lawn
Color: Multi
DUPATTA
Digital Printed Crinkle Chiffon Dupatta: 2.5 Meter
Fabric: Crinkle Chiffon
Color: Multi
Note:
Product color may slightly vary due to photographic lighting sources or your device settings.",https://nishatlinen.com/products/42401771,"image_1_33_1.jpg, image_1_33_2.jpg, image_1_33_3.jpg"
3 Piece - Printed Suit - 42401215,"Rs. 7,690.00 Rs. 4,998.50","Experience the sublime beauty of nature with this printed three-piece from the latest unstitched summer collection.
Product Detail:
Abstract Floral Arrangement Printed Style Shirt with Dupatta and Trousers
SHIRT
Printed Super Fine Lawn Shirt: 3 Meter
Fabric: Lawn
Color: Light Yellow
DUPATTA
Yarn Dyed Dupatta: 2.5 Meter
Fabric: Yarn Dyed
Color: Light Yellow
TROUSERS
Printed Cambric Trousers: 2.5 Meter
Fabric: Cambric
Color: ﻿Light Yellow
Note:
Product color may slightly vary due to photographic lighting sources or your device settings.",https://nishatlinen.com/products/42401215,"image_1_34_1.jpg, image_1_34_2.jpg, image_1_34_3.jpg"
2 Piece - Embroidered Suit - PE24-90 - XS,"Rs. 8,200.00 Rs. 4,920.00","Radiate positivity and vibrancy in this embroidered two-piece suit from the latest pret summer collection.
Product Detail
Embroidered Shirt With Dupatta
Shirt
Band Neckline With Placket, Embroidered Front & Sleeves
Fabric: Cambric
Color: Apple Green
Dupatta
Dupatta With Embroidered Hem
Fabric: Silk
Color: Apple Green
Note:
Product color may vary slightly due to photographic lighting sources or monitor settings.",https://nishatlinen.com/products/pe24-90,"image_1_35_1.jpg, image_1_35_2.jpg, image_1_35_3.jpg"
3 Piece - Printed Suit - 42401410,"Rs. 6,150.00 Rs. 3,997.50","Immerse yourself in the alluring charm with this printed three-piece from the latest unstitched summer collection.
Product Detail:
Paisleys Style Shirt with Dupatta and Trousers
SHIRT
Printed Super Fine Lawn: 3 Meter
Fabric: Lawn
Color: Red
DUPATTA
Digital Printed Banarsi Slub Dupatta: 2.5 Meter
Fabric: Banarsi Slub
Color: Red
TROUSERS
Printed Cambric Trousers: 2.5 Meter
Fabric: Cambric
Color: Red
Note:
Product color may slightly vary due to photographic lighting sources or your device settings.",https://nishatlinen.com/products/42401410,"image_1_36_1.jpg, image_1_36_2.jpg, image_1_36_3.jpg"
3 Piece - Yarn Dyed Embroidered Suit - 42401974,"Rs. 13,330.00 Rs. 8,664.50","Get an essential graceful look in this yarn dyed embroidered three-piece from the latest unstitched summer collection.
Product Detail:
Banarsi Style Shirt with Dupatta and Trousers
SHIRT
Yarn Dyed Banarsi Shirt: 3 Meter
Embroidered Front + Neckline + Sleeves + Motifs + Border
Fabric: Banarsi
Color: Pink
DUPATTA
Banarsi Jacquard Dupatta: 2.5 Meter
Fabric: Jacquard
Color: Pink
TROUSERS
Yarn Dyed Banarsi Trousers: 2.5 Meter
Fabric: Banarsi
Color: Pink
Note:
Product color may slightly vary due to photographic lighting sources or your device settings.",https://nishatlinen.com/collections/women/products/42401974,"image_1_37_1.jpg, image_1_37_2.jpg, image_1_37_3.jpg"
3 Piece - Yarn Dyed Embroidered Suit - 42401977,"Rs. 13,330.00 Rs. 8,664.50","Make your catchy with this wonderful yarn dyed embroidered three-piece from the latest unstitched summer collection.
Product Detail:
Banarsi Style Shirt with Dupatta and Trousers
SHIRT
Yarn Dyed Banarsi Shirt: 3 Meter
Embroidered Front + Neckline + Motifs + Border
Fabric: Banarsi
Color: Rust Orange
DUPATTA
Banarsi Jacquard Dupatta: 2.5 Meter
Fabric: Banarsi Jacquard
Color: Rust Orange
TROUSERS
Yarn Dyed Banarsi Trousers: 2.5 Meter
Fabric: Banarsi
Color: Rust Orange
Note:
Product color may slightly vary due to photographic lighting sources or your device settings.",https://nishatlinen.com/products/42401977,"image_1_38_1.jpg, image_1_38_2.jpg, image_1_38_3.jpg"
2 Piece - Dyed Embroidered Suit - 42401731,"Rs. 5,640.00 Rs. 3,666.00","Wear this most influential beige dyed embroidered two-piece from the latest unstitched summer collection.
Product Detail:
Shirt with Trousers
SHIRT
Solid Cambric Shirt: 3 Meter
Embroidered Motifs + Border
Fabric: Cambric
Color: Beige
TROUSERS
Embroidered Solid Cambric Trousers: 2.5 Meter
Fabric: Cambric
Color: Beige
Note:
Product color may slightly vary due to photographic lighting sources or your device settings.",https://nishatlinen.com/collections/women/products/42401731,"image_1_39_1.jpg, image_1_39_2.jpg, image_1_39_3.jpg"
3 Piece - Printed Embroidered Suit - 42405010,"Rs. 8,720.00 Rs. 5,668.00","Traditional designs enriched with printed embroidered three piece from the latest summer collection.
Product Detail:
Shirt with Dupatta and Trousers
SHIRT
Dyed Cambric Shirt: 3.2 Meter
Embroidered Front + 3 Borders
Fabric: Cambric
Color: Black
DUPATTA
Digital Printed Voile Dupatta: 2.6 Meter
Fabric: Voile
Color: Black
TROUSERS
Dyed Cambric Trousers: 2.5 Meter
Fabric: Cambric
Color: ﻿Black
Note:
Product color may slightly vary due to photographic lighting sources or your device settings.",https://nishatlinen.com/collections/women/products/42405010,"image_1_40_1.jpg, image_1_40_2.jpg, image_1_40_3.jpg"
Embroidered Shirt - PS24-319 - XS,"Rs. 4,890.00 Rs. 2,934.00","Capture hearts and mesmerize souls with this embroidered shirt from the latest pret summer collection. 
Product Detail
Embroidered Shirt
Shirt
Buttons Detail On Neckline & Sleeves, Embroidered Front, Straight Shirt
Fabric: Cambric 
Color: Pink
Note:
Product color may vary slightly due to photographic lighting sources or monitor settings.",https://nishatlinen.com/products/ps24-319,"image_1_41_1.jpg, image_1_41_2.jpg, image_1_41_3.jpg"
3 Piece - Jacquard Embroidered Suit - 42401932,"Rs. 8,720.00 Rs. 5,668.00","Feel the joy of life in this jacquard embroidered three-piece from the latest unstitched summer collection.
Product Detail:
Embellished Style Shirt with Dupatta and Trousers
SHIRT
Jacquard Shirt: 3 Meter
Embroidered Neckline + Border
Fabric: Jacquard
Color: Green
DUPATTA
Digital Printed Zari Lawn Dupatta: 2.5 Meter
Fabric: Zari Lawn
Color: Green
TROUSERS
Solid Cambric Trousers: 2.5 Meter
Fabric: Cambric
Color: Green
Note:
Product color may slightly vary due to photographic lighting sources or your device settings.",https://nishatlinen.com/collections/women/products/42401932,"image_1_42_1.jpg, image_1_42_2.jpg, image_1_42_3.jpg"
1 Piece - Digital Printed Loose Fabric - 42403386 - Shirt / 3 / 3,Rs. 830.00 Rs. 540.00,"Indulge in the magnificence of this digital printed one-piece from the latest freedom to buy summer collection.
Product Detail:
Mughal Motifs Printed Style Shirt 
SHIRT
Shirt: 3 Meter (RS 830/-Mtr)
Fabric: Dobby Lawn
Color: Off White

Note:
Product color may slightly vary due to photographic lighting sources or your device settings.",https://nishatlinen.com/collections/women/products/42403386,"image_1_43_1.jpg, image_1_43_2.jpg, image_1_43_3.jpg"
3 Piece - Digital Printed Suit - 42401498,"Rs. 8,200.00 Rs. 5,330.00","Look gorgeous effortlessly by wearing this digital printed three-piece from the latest unstitched summer collection.
Product Detail:
Embroidered Style Patterns Shirt with Dupatta and Trousers
SHIRT
Digital Printed Brochia Jacquard Shirt: 3 Meter
Fabric: Jacquard
Color: Skin
DUPATTA
Digital Printed Brochia Jacquard Dupatta: 2.5 Meter
Fabric: Jacquard
Color: Skin
TROUSERS
Dyed Cambric Trousers: 2.5 Meter
Fabric: Cambric
Color: ﻿Skin
Note:
Product color may slightly vary due to photographic lighting sources or your device settings.",https://nishatlinen.com/collections/women/products/42401498,"image_1_44_1.jpg, image_1_44_2.jpg, image_1_44_3.jpg"
3 Piece - Printed Loose Fabric - 42403155 - Dupatta / 2.5 / 2.5,Rs. 830.00 Rs. 540.00,"Embrace the allure of timeless elegance with this printed three-piece from the latest freedom to buy summer collection.
Product Detail:
Abstract Line Motifs With Vector Florals Printed Style Shirt with Dupatta and Trousers
SHIRT
Shirt: 3 Meter (RS 730/-Mtr)
Fabric: Lawn
Color:Black & Red
DUPATTA
Dupatta: 2.5 Meter (RS 750/-Mtr)
Fabric: Voile
Color: Black & Red
TROUSERS
Trousers: 2.5 Meter (RS 650/-Mtr)
Fabric: Cambric
Color: Black
Note:
Product color may slightly vary due to photographic lighting sources or your device settings.",https://nishatlinen.com/collections/women/products/42403155,"image_1_45_1.jpg, image_1_45_2.jpg, image_1_45_3.jpg"
2 Piece - Embroidered Suit - PS24-114 - S,"Rs. 9,230.00 Rs. 5,538.00","Indulge in a world of sheer enchantment with this embroidered two-piece suit from the latest pret summer collection.
Product Detail
Embroidered Shirt With Dupatta
Shirt
Round Neckline With Slit & Tassels Detail, Embroidered Sleeves & Hem, Embroidered Shirt
Fabric: Cambric
Color: Pink
Dupatta
Fabric: Poly Stripe
Color: Pink
Note:
Product color may vary slightly due to photographic lighting sources or monitor settings.",https://nishatlinen.com/collections/women/products/ps24-114,"image_1_46_1.jpg, image_1_46_2.jpg, image_1_46_3.jpg"
2 Piece - Jacquard Embroidered Suit - 42402156,"Rs. 6,990.00 Rs. 5,592.00","For an elegant appearance this jacquard embroidered two-piece from the latest unstitched summer collection.
Product Detail:
Kashmiri Pattern Style Shirt with Dupatta
SHIRT
Jacquard Shirt: 3 Meter
Embroidered Motifs + Border
Fabric: Jacquard
Color: Brown
DUPATTA
Jacquard Dupatta: 2.5 Meter
Fabric: Jacquard
Color: Brown
Note:
Product color may slightly vary due to photographic lighting sources or your device settings.",https://nishatlinen.com/collections/women/products/42402156,"image_1_47_1.jpg, image_1_47_2.jpg, image_1_47_3.jpg"
1 Piece - Digital Printed Loose Fabric - 42403057 - Shirt / 3 / 3,Rs. 670.00 Rs. 436.00,"Dive into the pool of style with our exclusive digital printed one-piece from the latest freedom to buy summer collection.
Product Detail:
Embroidery Style Floral Printed Style Shirt
SHIRT
Shirt: 3 Meter (RS 1090/-Mtr)
Fabric: Fancy Strip
Color: Black
Note:
Product color may slightly vary due to photographic lighting sources or your device settings.",https://nishatlinen.com/collections/women/products/42403057,"image_1_48_1.jpg, image_1_48_2.jpg, image_1_48_3.jpg"
3 Piece - Printed Embroidered Suit - 42401641,"Rs. 9,740.00 Rs. 6,331.00","Adorn grace with this printed embroidered three-piece from the latest unstitched summer collection.
Product Detail:
Sticker Style Floral Patterns Prints Style Shirt with Dupatta and Trousers
SHIRT
Solid Cambric Shirt: 3 Meter
Embroidered Front + Border
Fabric: Cambric
Color: Grey
DUPATTA
Digital Printed Brochia Dupatta: 2.5 Meter
Fabric: Brochia
Color: Grey
TROUSERS
Printed Cambric Trousers: 2.5 Meter
Fabric: Cambric
Color: Grey
Note:
Product color may slightly vary due to photographic lighting sources or your device settings.",https://nishatlinen.com/products/42401641,"image_1_49_1.jpg, image_1_49_2.jpg, image_1_49_3.jpg"
2 Piece - Dyed Embroidered Suit - 42402143,"Rs. 4,290.00 Rs. 3,432.00","Look radiant with this dyed embroidered two-piece from the latest unstitched summer collection.
Product Detail:
Satin Embroidered Style Shirt with Trousers
SHIRT
Solid Cambric Shirt: 3 Meter
Embroidered Front + Sleeves + Border
Fabric: Cambric
Color: Off White
TROUSERS
Solid Cambric Trousers: 2.5 Meter
Fabric: Cambric
Color: Off White
Note:
Product color may slightly vary due to photographic lighting sources or your device settings.",https://nishatlinen.com/products/42402143,"image_1_50_1.jpg, image_1_50_2.jpg, image_1_50_3.jpg"
2 Piece - Embroidered Suit - PS24-28 - XS / S,"Rs. 5,840.00 Rs. 3,504.00","Show off your beauty in relaxed style with this embroidered two-piece suit from the latest pret summer collection.
Product Detail
Embroidered Shirt With Trousers
Shirt
V Neckline with Wider Band, Lace and Top Stitch Detail on Sleeves, Embroidered Front
Fabric: Cambric
Color: Light Green
Trousers
Loose Straight Trousers
Fabric: Cambric
Color: Light Green
Note:
Product color may vary slightly due to photographic lighting sources or monitor settings.",https://nishatlinen.com/products/ps24-28,"image_1_51_1.jpg, image_1_51_2.jpg, image_1_51_3.jpg"
3 Piece - Embroidered Suit - 42401447,"Rs. 8,200.00 Rs. 5,330.00","For a stunningly spectacular look, try this digital printed embroidered three-piece from the latest unstitched summer collection.
Product Detail:
Geometric Style Shirt with Dupatta and Trousers
SHIRT
Dyed Super Fine Grid Lawn Shirt: 3 Meter
Embroidered Neckline + Motifs + Border
Fabric: Grid Lawn
Color: Skin & Red
DUPATTA
Digital Printed Grid Lawn Dupatta: 2.5 Meter
Fabric: Grid Lawn
Color: Skin & Red
TROUSERS
Dyed Cambric Trousers: 2.5 Meter
Fabric: Cambric
Color: Skin
Note:
Product color may slightly vary due to photographic lighting sources or your device settings.",https://nishatlinen.com/collections/women/products/42401447,"image_1_52_1.jpg, image_1_52_2.jpg, image_1_52_3.jpg"
Printed Shirt - AS24-41 - XS,"Rs. 4,010.00 Rs. 2,406.00","Look and feel your best by wearing this printed shirt from the latest pret summer collection.
Product Detail
Printed Shirt
Shirt
Collar Neckline With Slit
Fabric: Silk
Color: Black
Note:
Product color may vary slightly due to photographic lighting sources or monitor settings.",https://nishatlinen.com/collections/women/products/as24-41,"image_1_53_1.jpg, image_1_53_2.jpg, image_1_53_3.jpg"
2 Piece - Printed Embroidered Suit - 42401627,"Rs. 5,130.00 Rs. 3,334.50","Elevate your look with this printed embroidered two-piece from the latest unstitched summer collection.
Product Detail:
Ethnic With Color Blockings Prints Style Shirt with Dupatta
SHIRT
Printed Super Fine Lawn Shirt: 3 Meter
Embroidered Motifs
Fabric: Lawn
Color: White
DUPATTA
Digital Printed Crinkle Chiffon Dupatta: 2.5 Meter
Fabric: Crinkle Chiffon
Color: Pink
Note:
Product color may slightly vary due to photographic lighting sources or your device settings.",https://nishatlinen.com/products/42401627,"image_1_54_1.jpg, image_1_54_2.jpg, image_1_54_3.jpg"
1 Piece - Digital Printed Loose Fabric - 42313099 - Shirt / 3 / 3,Rs. 830.00 Rs. 540.00,"Create a mesmerising look by wearing this digital printed one-piece from the latest freedom to buy summer collection.
Product Detail:
Printed Style Shirt
SHIRT
Shirt: 3 Meter (RS 800/-Mtr)
Fabric: Jacquard
Color: Teal
Note:
Product color may slightly vary due to photographic lighting sources or your device settings.",https://nishatlinen.com/products/42313099,"image_1_55_1.jpg, image_1_55_2.jpg, image_1_55_3.jpg"
2 Piece - Embroidered Suit - 42402174,"Rs. 7,490.00 Rs. 5,992.00","Exude grace with this embroidered three-piece from the latest unstitched summer collection.
Product Detail:
Ethnic Printed Style Shirt with Dupatta and Trousers
SHIRT
Solid Satin Shirt: 3 Meter
Embroidered Front + Border
Fabric: Satin
Color: Black & Light Gold
DUPATTA
Printed Khadi Silk Dupatta: 2.23 Meter
Fabric: Khadi Silk
Color: Black & Light Gold
TROUSERS
Solid Satin Trousers: 2.5 Meter
Fabric: Satin
Color: ight Gold
Note:
Product color may slightly vary due to photographic lighting sources or your device settings.",https://nishatlinen.com/products/42402174,"image_1_56_1.jpg, image_1_56_2.jpg, image_1_56_3.jpg"
Printed Shirt - PS24-338 - XS,"Rs. 3,590.00 Rs. 2,154.00","Elevate your daily style with this printed shirt from the latest pret summer collection.
Product Detail
Printed Shirt
Shirt
Round Neckline With Slit Piping & Adda Detailing, Lace Detail At Sleeves, Flared Shirt
Fabric: Lawn
Color: Purple
Note:
Product color may vary slightly due to photographic lighting sources or monitor settings.",https://nishatlinen.com/collections/women/products/ps24-338,"image_1_57_1.jpg, image_1_57_2.jpg, image_1_57_3.jpg"
3 Piece - Digital Printed Embroidered Suit - 42401973,"Rs. 9,740.00 Rs. 6,331.00","Get the ultimate glamorous look with this digital printed embroidered three-piece from the latest unstitched summer collection.
Product Detail:
Floral With Laces Style Shirt with Dupatta and Trousers
SHIRT
Digital Printed Chicken Kari Shirt: 3 Meter
Fabric: Chicken Kari
Color: White
DUPATTA
Digital Printed Voile Dupatta: 2.5 Meter
Fabric: Voile
Color: Light Mint
TROUSERS
Solid Cambric Trousers: 2.5 Meter
Fabric: Cambric
Color: White
Note:
Product color may slightly vary due to photographic lighting sources or your device settings.",https://nishatlinen.com/collections/women/products/42401973,"image_1_58_1.jpg, image_1_58_2.jpg, image_1_58_3.jpg"
1 Piece - Gold Printed Loose Fabric - 42403236 - Dupatta / 2.5 / 2.5,Rs. 830.00 Rs. 540.00,"Adorn grace with this gold printed one-piece from the latest freedom to buy summer collection.
Product Detail:
Floral Jaal Printed Style Dupatta
DUPATTA
Dupatta: 2.5 Meter (RS 800/-Mtr)
Fabric: Voile
Color: Red

Note:
Product color may slightly vary due to photographic lighting sources or your device settings.",https://nishatlinen.com/products/42403236,"image_1_59_1.jpg, image_1_59_2.jpg, image_1_59_3.jpg"
3 Piece - Printed Loose Fabric - 42403011 - Shirt / 3 / 3,Rs. 670.00 Rs. 436.00,"Elevate your style with our printed three-piece from the latest freedom to buy summer collection.
Product Detail:
Vintage Pictoral Theme Printed Style Shirt with Dupatta and Trousers
SHIRT
Shirt: 3 Meter (RS 730/-Mtr)
Fabric: Lawn
Color: ﻿Mint Green
DUPATTA
Dupatta: 2.5 Meter (RS 750/-Mtr)
Fabric:
Color: Mint Green
TROUSERS
Trousers: 2.5 Meter (RS 690/-Mtr)
Fabric: Cambric
Color: Mint Green
Note:
Product color may slightly vary due to photographic lighting sources or your device settings.",https://nishatlinen.com/products/42403011,"image_1_60_1.jpg, image_1_60_2.jpg, image_1_60_3.jpg"
1 Piece - Digital Printed Loose Fabric - 42403068 - Shirt / 3 / 3,Rs. 830.00 Rs. 540.00,"An effortless daily summer look with this digital printed one-piece from the latest freedom to buy summer collection.
Product Detail:
Rustic Floral Patterns Printed Style Shirt
SHIRT
Shirt: 3 Meter (RS 1090/-Mtr)
Fabric: Lurix Stripe
Color: Black

Note:
Product color may slightly vary due to photographic lighting sources or your device settings.",https://nishatlinen.com/products/42403068,"image_1_61_1.jpg, image_1_61_2.jpg, image_1_61_3.jpg"
Embroidered Shirt - PE24-146 - XS,"Rs. 6,660.00 Rs. 3,996.00","Refresh your wardrobe with this embroidered shirt from the latest pret summer collection.
Product Detail
Embroidered Shirt
Shirt
Round Neckline With Slit, Embroidered Neckline & Sleeves, Straight Shirt
Fabric: Jacquard
Color: Pistachio
Note:
Product color may vary slightly due to photographic lighting sources or monitor settings.",https://nishatlinen.com/products/pe24-146,"image_1_62_1.jpg, image_1_62_2.jpg, image_1_62_3.jpg"
3 Piece - Printed Suit - 42401216,"Rs. 7,690.00 Rs. 4,998.50","Strut in style with this printed three-piece from the latest unstitched summer collection.
Product Detail:
Ancient Chinese Patterns Printed Style Shirt with Dupatta and Trousers
SHIRT
Printed Super Fine Lawn Shirt: 3 Meter
Fabric: Lawn
Color: Yellow
DUPATTA
Yarn Dyed Dupatta: 2.5 Meter
Fabric: Yarn Dyed
Color: Yellow
TROUSERS
Printed Cambric Trousers: 2.5 Meter
Fabric: Cambric
Color: ﻿Yellow
Note:
Product color may slightly vary due to photographic lighting sources or your device settings.",https://nishatlinen.com/products/42401216,"image_1_63_1.jpg, image_1_63_2.jpg, image_1_63_3.jpg"
Basic Shirt - PE24-119 - S,"Rs. 4,100.00 Rs. 2,460.00","Ease your confusion for styling by wearing this basic shirt from the latest pret summer collection. 
Product Detail
Basic Shirt
Shirt
Band Neckline With Adda Work Detail On Placket, Gathers Detail At Side Panels, Front Open Flared Shirt
Fabric: Cambric
Color: Magenta
Note:
Product color may vary slightly due to photographic lighting sources or monitor settings.",https://nishatlinen.com/collections/women/products/pe24-119,"image_1_64_1.jpg, image_1_64_2.jpg, image_1_64_3.jpg"
3 Piece - Printed Loose Fabric - 42403007 - Shirt / 3 / 3,Rs. 670.00 Rs. 436.00,"Make your day magnificent by wearing this printed three-piece from the latest freedom to buy summer collection.
Product Detail:
Mughal Line Patterns With Stripes Printed Style Shirt with Dupatta and Trousers
SHIRT
Shirt: 3 Meter (RS 730/-Mtr)
Fabric: Lawn
Color: ﻿Multi
DUPATTA
Dupatta: 2.5 Meter (RS 750/-Mtr)
Fabric: Voile
Color: Multi
TROUSERS
Trousers: 2.5 Meter (RS 650/-Mtr)
Fabric: Cambric
Color: Off White
Note:
Product color may slightly vary due to photographic lighting sources or your device settings.",https://nishatlinen.com/products/42403007,"image_1_65_1.jpg, image_1_65_2.jpg, image_1_65_3.jpg"
1 Piece - Printed Loose Fabric - 42403184 - Shirt / 3 / 3,Rs. 830.00 Rs. 540.00,"Enliven your look with this printed one-piece from the latest freedom to buy summer collection.
Product Detail:
Traditional Printed Style Shirt
SHIRT
Shirt: 3 Meter (RS 730/-Mtr)
Fabric: Lawn
Color: Black

Note:
Product color may slightly vary due to photographic lighting sources or your device settings.",https://nishatlinen.com/products/42403184,"image_1_66_1.jpg, image_1_66_2.jpg, image_1_66_3.jpg"
Embroidered Shirt - PE24-24 - XS,"Rs. 4,100.00 Rs. 2,460.00","Stay updated with the trends by wearing this embroidered shirt from the latest pret summer collection. 
Product Detail
Embroidered Shirt
Shirt
Band Pleated Neckline With Adda Work Detail On Placket, Epaulet Sleeves, Pockets At Both Sides
Fabric: Cambric
Color: Beige
Note:
Product color may vary slightly due to photographic lighting sources or monitor settings.",https://nishatlinen.com/collections/women/products/pe24-24,"image_1_67_1.jpg, image_1_67_2.jpg, image_1_67_3.jpg"
2 Piece - Embroidered Suit - PE24-112 - XS,"Rs. 9,230.00 Rs. 5,538.00","Make a stylish addition to your collection with this embroidered two-piece suit from the latest pret summer collection. 
Product Detail
Embroidered Shirt With Dupatta
Shirt
Round Neckline With Piping & Slit, Embroidered Neckline
Fabric: Texture
Color: Peach
Dupatta
Fabric: Jacquard
Color: Peach
Note:
Product color may vary slightly due to photographic lighting sources or monitor settings.",https://nishatlinen.com/products/pe24-112,"image_1_68_1.jpg, image_1_68_2.jpg, image_1_68_3.jpg"
1 Piece - Digital Printed Loose Fabric - 42403395 - Shirt / 3 / 3,Rs. 830.00 Rs. 540.00,"Unleash your creativity and fashion a unique style with this digital printed one-piece from the latest freedom to buy summer collection.
Product Detail:
Tie & Dye Textures Printed Style Shirt 
SHIRT
Shirt: 3 Meter (RS 830/-Mtr)
Fabric: Cotton Green Naps
Color: Maroon

Note:
Product color may slightly vary due to photographic lighting sources or your device settings.",https://nishatlinen.com/products/42403395,"image_1_69_1.jpg, image_1_69_2.jpg, image_1_69_3.jpg"
3 Piece - Embroidered Suit - 42402000,"Rs. 9,740.00 Rs. 6,331.00","Effortlessly captivate with your magnetic charm in this attractive embroidered three-piece from the latest unstitched summer collection.
Product Detail:
Floral Style Shirt with Dupatta and Trousers
SHIRT
Solid Swiss Lawn Shirt: 3 Meter
Embroidered Front + Sleeves + 4 Motifs
Fabric: Swiss Lawn
Color: Powder Peach
DUPATTA
Embroidered Swiss Voile Dupatta: 2.5 Meter
Fabric: Swiss Voile
Color: Powder Peach
TROUSERS
Solid Cambric Trousers: 2.5 Meter
Fabric: Cambric
Color: Powder Peach
Note:
Product color may slightly vary due to photographic lighting sources or your device settings.",https://nishatlinen.com/collections/women/products/42402000,"image_1_70_1.jpg, image_1_70_2.jpg, image_1_70_3.jpg"
Embroidered Dress - FE24-11 - XS,"Rs. 17,450.00 Rs. 10,470.00","Look glamorous by wearing this embroidered dress from the latest pret summer collection.
Product Detail
Embroidered Dress
Dress
Round Neckline With Side Panels Detail, Embroidered Neckline, Sleeves & Side Panels At Hem
Fabric: Polyester & Lakhani Chiffon
Color: Gold
Note:
Product color may vary slightly due to photographic lighting sources or monitor settings.",https://nishatlinen.com/collections/women/products/fe24-11,"image_1_71_1.jpg, image_1_71_2.jpg, image_1_71_3.jpg"
3 Piece - Embroidered Suit - 42402056,"Rs. 8,690.00 Rs. 5,648.50","Look glamorous by wearing this embroidered three-piece from the latest unstitched summer collection.
Product Detail:
Paisleys Style Shirt with Dupatta and Trousers
SHIRT
Solid Slub Cambric Shirt: 3 Meter
Embroidered Front + Border
Fabric: Cambric
Color: Beige
DUPATTA
Digital Printed Slub Dupatta: 2.5 Meter
Fabric: Slub
Color: Multi
TROUSERS
Solid Cambric Trousers: 2.5 Meter
Fabric: Cambric
Color: Beige
Note:
Product color may slightly vary due to photographic lighting sources or your device settings.",https://nishatlinen.com/collections/women/products/42402056,"image_1_72_1.jpg, image_1_72_2.jpg, image_1_72_3.jpg"
Embroidered Shirt - PS24-23 - XS,"Rs. 6,460.00 Rs. 3,876.00","Complete your look for the special occasion by wearing this embroidered shirt from the latest pret summer collection. 
Product Detail
Embroidered Shirt
Shirt
Round Neckline with V Slit, Embroidered Neckline, Sleeves & Both Side Pockets
Fabric: Jacquard
Color: Rust
Note:
Product color may vary slightly due to photographic lighting sources or monitor settings.",https://nishatlinen.com/collections/women/products/ps24-23,"image_1_73_1.jpg, image_1_73_2.jpg, image_1_73_3.jpg"
3 Piece - Embroidered Suit - 42401999,"Rs. 9,740.00 Rs. 6,331.00","Radiate with striking attractiveness by adorning yourself with this elegant embroidered three-piece from the latest unstitched summer collection.
Product Detail:
Floral Style Shirt with Dupatta and Trousers
SHIRT
Solid Lawn Shirt: 3 Meter
Embroidered Front + Motifs
Fabric: Lawn
Color: Carrot
DUPATTA
Embroidered Swiss Voile Dupatta: 2.5 Meter
Fabric: Swiss Voile
Color: Carrot
TROUSERS
Solid Cambric Trousers: 2.5 Meter
Fabric: Cambric
Color: Carrot
Note:
Product color may slightly vary due to photographic lighting sources or your device settings.",https://nishatlinen.com/collections/women/products/42401999,"image_1_74_1.jpg, image_1_74_2.jpg, image_1_74_3.jpg"
3 Piece - Printed Embroidered Suit - 42402067,"Rs. 8,690.00 Rs. 5,648.50","Make your day magnificent by wearing this printed embroidered three-piece from the latest unstitched summer collection.
Product Detail:
Embroidery Motifs Style Shirt with Dupatta and Trousers
SHIRT
Printed Super Fine Lawn Shirt: 3 Meter
Embroidered Neckline + Motifs + Border
Fabric: Lawn
Color: Maroon
DUPATTA
Digital Printed Fancy Jacquard Dupatta: 2.5 Meter
Fabric: Jacquard
Color: Maroon
TROUSERS
Solid Cambric Trousers: 2.5 Meter
Fabric: Cambric
Color: Maroon
Note:
Product color may slightly vary due to photographic lighting sources or your device settings.",https://nishatlinen.com/collections/women/products/42402067,"image_1_75_1.jpg, image_1_75_2.jpg, image_1_75_3.jpg"
2 Piece - Digital Printed Embroidered Suit - 42401099,"Rs. 4,610.00 Rs. 2,996.50","Unleash elegance in every thread, featuring digital printed embroidered two-piece from the latest unstitched summer collection.
Product Detail:
Abstract Watercolor Art Prints Style Shirt with Trousers
SHIRT
Digital Printed Super Fine Lawn Shirt: 3 Meter
2 Embroidered Motifs
Fabric: Lawn
Color: Blue
TROUSERS
Dyed Cambric Trousers: 2.5 Meter
Fabric: Cambric
Color: ﻿Blue
Note:
Product color may slightly vary due to photographic lighting sources or your device settings.",https://nishatlinen.com/products/42401099,"image_1_76_1.jpg, image_1_76_2.jpg, image_1_76_3.jpg"
3 Piece - Printed Loose Fabric - 42403031 - Shirt / 3 / 3,Rs. 670.00 Rs. 436.00,"Look radiant with this printed three-piece from the latest freedom to buy summer collection.
Product Detail:
Mughal Printed Style Shirt with Dupatta and Trousers
SHIRT
Shirt: 3 Meter (RS 730/-Mtr)
Fabric: Lawn
Color: Pashmina
DUPATTA
Dupatta: 2.5 Meter (RS 750/-Mtr)
Fabric: Voile
Color: Pashmina
TROUSERS
Trousers: 2.5 Meter (RS 650/-Mtr)
Fabric: Cambric
Color: Pashmina
Note:
Product color may slightly vary due to photographic lighting sources or your device settings",https://nishatlinen.com/collections/women/products/42403031,"image_1_77_1.jpg, image_1_77_2.jpg, image_1_77_3.jpg"
2 Piece - Printed Suit - 42402148,"Rs. 3,290.00 Rs. 2,632.00","Brighten up your wardrobe with this printed two-piece from the latest unstitched summer collection.
Product Detail:
Banarsi Printed Style Shirt with Trousers
SHIRT
Digital Printed Cambric Shirt: 3 Meter
Fabric: Cambric
Color: Green
TROUSERS
Digital Printed Cambric Trousers: 2.5 Meter
Fabric: Cambric
Color: Pink
Note:
Product color may slightly vary due to photographic lighting sources or your device settings.",https://nishatlinen.com/collections/women/products/42402148,"image_1_78_1.jpg, image_1_78_2.jpg, image_1_78_3.jpg"
3 Piece - Gold Paste Printed Embroidered Suit - 42401891,"Rs. 8,720.00 Rs. 5,668.00","Make an inspiring statement with our gold paste printed embroidered three-piece from the latest unstitched summer collection.
Product Detail:
Embellished Patterns Style Shirt with Dupatta and Trousers
SHIRT
Gold Paste Printed Super Fine Lawn Shirt: 3 Meter
Embroidered Motifs + Border
Fabric: Lawn
Color: Maroon
DUPATTA
Gold Paste Printed Lawn Dupatta: 2.5 Meter
Fabric: Lawn
Color: Maroon
TROUSERS
Dyed Cambric Trousers: 2.5 Meter
Fabric: Cambric
Color: ﻿Maroon
Note:
Product color may slightly vary due to photographic lighting sources or your device settings.",https://nishatlinen.com/products/42401891,"image_1_79_1.jpg, image_1_79_2.jpg, image_1_79_3.jpg"
Embroidered Shirt - PS24-89 - XS,"Rs. 3,790.00 Rs. 2,274.00","Complete your summer collection range by adding this embroidered shirt from the latest pret summer collection.
Product Detail
Embroidered Shirt
Shirt
Round Band Neckline, One Sided Embroidered Panel, Top Stitching Detail On Sleeves Hem, Front Open Shirt
Fabric: Cambric
Color: Plum
Note:
Product color may vary slightly due to photographic lighting sources or monitor settings.",https://nishatlinen.com/collections/women/products/ps24-89,"image_1_80_1.jpg, image_1_80_2.jpg, image_1_80_3.jpg"
2 Piece - Printed Embroidered Suit - 42401715,"Rs. 5,640.00 Rs. 3,666.00","Dress up like a queen with this printed embroidered two-piece from the latest unstitched summer collection.
Product Detail:
Baroque Prints Style Shirt with Dupatta
SHIRT
Printed Super Fine Lawn Shirt: 3 Meter
Embroidered Motifs
Fabric: Lawn
Color: Magenta
DUPATTA
Digital Printed Zari Chiffon Dupatta: 2.5 Meter
Fabric: Chiffon
Color: Magenta
Note:
Product color may slightly vary due to photographic lighting sources or your device settings.",https://nishatlinen.com/collections/women/products/42401715,"image_1_81_1.jpg, image_1_81_2.jpg, image_1_81_3.jpg"
3 Piece - Printed Loose Fabric - 42403249 - Shirt / 3 / 3,Rs. 455.00 - Rs. 527.00,"Enchant hearts and captivate souls with this mesmerizing printed three-piece from the latest freedom to buy summer collection.
Product Detail:
Floral Silhouettes Printed Style Shirt with Dupatta and Trousers
SHIRT
Shirt: 3 Meter (RS 750/-Mtr)
Fabric: Lawn
Color: Black
DUPATTA
Dupatta: 2.5 Meter (RS 780/-Mtr)
Fabric: Voile
Color: Black
TROUSERS
Trousers: 2.5 Meter (RS 680/-Mtr)
Fabric: Cambric
Color: ﻿Black
Note:
Product color may slightly vary due to photographic lighting sources or your device settings.",https://nishatlinen.com/products/42403249,"image_1_82_1.jpg, image_1_82_2.jpg, image_1_82_3.jpg"
Printed Kaftan - FS24-53 - XS,"Rs. 4,620.00 Rs. 2,772.00","Look mesmerizing with this printed kaftan from the latest pret summer collection.
Product Detail
Printed Kaftan
Kaftan
V Neckline With Front Gathers, Tassels Detail On Sides
Fabric: Lawn
Color: Red
Note:
Product color may vary slightly due to photographic lighting sources or monitor settings.",https://nishatlinen.com/products/fs24-53,"image_1_83_1.jpg, image_1_83_2.jpg, image_1_83_3.jpg"
1 Piece - Digital Printed Loose Fabric - 42403211 - Shirt / 3 / 3,Rs. 830.00 Rs. 540.00,"Unleash your inner enchantress with our digital printed one-piece from the latest freedom to buy summer collection.
Product Detail:
Watercolor Flowers Printed Style Shirt 
SHIRT
Shirt: 3 Meter (RS 830/-Mtr)
Fabric: Dobby Check
Color: Pink

Note:
Product color may slightly vary due to photographic lighting sources or your device settings.",https://nishatlinen.com/products/42403211,"image_1_84_1.jpg, image_1_84_2.jpg, image_1_84_3.jpg"
Embroidered Tunic - PS24-90 - XS,"Rs. 4,000.00 Rs. 2,400.00","Keep yourself comfy with this gorgeous embroidered tunic from the latest pret summer collection.

Product Detail
Embroidered Tunic
Tunic
Band Neckline With Pearl & Loop Detail, Gathered Elastic Sleeves, Front Embroidered Tunic
Fabric: Cambric
Color: White
Note:
Product color may vary slightly due to photographic lighting sources or monitor settings.",https://nishatlinen.com/collections/women/products/ps24-90,"image_1_85_1.jpg, image_1_85_2.jpg, image_1_85_3.jpg"
Embroidered Shirt - PE24-23 - XS,"Rs. 3,590.00 Rs. 2,154.00","Get special attention by wearing this embroidered shirt from the latest pret summer collection. 
Product Detail
Embroidered Shirt
Shirt
Band Neckline With Tie-Up Dorri & Tassels Detail, Top Stitches Detail on Band, Embellished Sleeves & Back Yoke
Fabric: Cambric
Color: Yellow
Note:
Product color may vary slightly due to photographic lighting sources or monitor settings.",https://nishatlinen.com/collections/women/products/pe24-23,"image_1_86_1.jpg, image_1_86_2.jpg, image_1_86_3.jpg"
2-Piece - Basic Suit  - PS24-84 - XS,"Rs. 6,190.00 Rs. 3,714.00","Look and feel your best by wearing this basic two-piece suit from the latest pret summer collection. 
Product Detail
Basic Shirt With Dupatta
Shirt
Round Neckline With Placket, Top Stitches Detail At Neckline & Sleeves, Tassel Detail On Stylized Sleeves
Fabric: Lawn
Color: Teal
Dupatta
Tassels Detail At Dupatta Corners
Fabric: Cambric
Color: Teal
Note:
Product color may vary slightly due to photographic lighting sources or monitor settings.",https://nishatlinen.com/collections/women/products/ps24-84,"image_1_87_1.jpg, image_1_87_2.jpg, image_1_87_3.jpg"
Embroidered Shirt - AS24-47 - XS,"Rs. 5,130.00 Rs. 3,078.00","Envelop yourself in the embrace of opulence with this embroidered shirt from the latest pret summer collection. 
Product Detail
Embroidered Shirt
Shirt
Collar Neckline With Placket, Embroidered Front & Sleeves Edges
Fabric: Yarn Dyed
Color: Sky Blue
Note:
Product color may vary slightly due to photographic lighting sources or monitor settings.",https://nishatlinen.com/products/as24-47,"image_1_88_1.jpg, image_1_88_2.jpg, image_1_88_3.jpg"
3 Piece - Printed Embroidered Suit - 42401130,"Rs. 7,690.00 Rs. 4,998.50","Revamp your approach with this printed embroidered three-piece from the latest unstitched summer collection.
Product Detail:
Ethnic Prints Style Shirt with Dupatta and Trousers
SHIRT
Printed Super Fine Lawn Shirt: 3 Meter
Embroidered Front + Motifs
Fabric: Lawn
Color: Ivory
DUPATTA
Printed Voile Dupatta: 2.5 Meter
Fabric: Voile
Color: Ivory
TROUSERS
Dyed Cambric Trousers: 2.5 Meter
Fabric: Cambric
Color: ﻿Ivory
Note:
Product color may slightly vary due to photographic lighting sources or your device settings.",https://nishatlinen.com/products/42401130,"image_1_89_1.jpg, image_1_89_2.jpg, image_1_89_3.jpg"
2 Piece - Printed Embroidered Suit - 42401712,"Rs. 5,640.00 Rs. 3,666.00","Upgrade your wardrobe with this printed embroidered two-piece from the latest unstitched summer collection.
Product Detail:
Mandala Motifs With Adda Work Motifs Style Shirt with Dupatta
SHIRT
Printed Super Fine Lawn Shirt: 3 Meter
3 Embroidered Motifs
Fabric: Lawn
Color: Black
DUPATTA
Digital Printed Zari Chiffon Dupatta: 2.5 Meter
Fabric: Chiffon
Color: Black
Note:
Product color may slightly vary due to photographic lighting sources or your device settings.",https://nishatlinen.com/products/42401712,"image_1_90_1.jpg, image_1_90_2.jpg, image_1_90_3.jpg"
3 Piece - Printed Embroidered Suit - 42401702,"Rs. 8,200.00 Rs. 5,330.00","Get the most significant look by wearing this printed embroidered three-piece from the latest unstitched summer collection.
Product Detail:
Intricate Ethnic Motifs Style Shirt with Dupatta and Trousers
SHIRT
Printed Super Fine Lawn Shirt: 3 Meter
Embroidered Neckline + Motifs + Border
Fabric: Lawn
Color: Charcole
DUPATTA
Digital Printed Voile Dupatta: 2.5 Meter
Fabric: Voile
Color: Charcole
TROUSERS
Printed Cambric Trousers: 2.5 Meter
Fabric: Cambric
Color: ﻿Charcole
Note:
Product color may slightly vary due to photographic lighting sources or your device settings.",https://nishatlinen.com/products/42401702,"image_1_91_1.jpg, image_1_91_2.jpg, image_1_91_3.jpg"
Printed Embroidered Shirt - PE24-422 - XS,"Rs. 6,150.00 Rs. 3,690.00","Ease your confusion for styling by wearing this printed embroidered shirt from the latest pret summer collection.
Product Detail
Printed Embroidered Shirt
Shirt
Round Neckline, Overlap Yoke With Tassels Detail, Embroidered Neckline & Sleeves Edges, Front Open Flared Shirt
Fabric: Lawn
Color: Maroon
Note:
Product color may vary slightly due to photographic lighting sources or monitor settings.",https://nishatlinen.com/collections/women/products/pe24-422,"image_1_92_1.jpg, image_1_92_2.jpg, image_1_92_3.jpg"
2 Piece - Digital Printed Embroidered Suit - 42401105,"Rs. 4,610.00 Rs. 2,996.50","Wrap yourself in a cloud of comfort, adorned with digital printed embroidered two-piece from the latest unstitched summer collection.
Product Detail:
Ethnic Prints Style Shirt with Trousers
SHIRT
Digital Printed Super Fine Lawn Shirt: 3 Meter
Embroidered Neckline
Fabric: Lawn
Color: Navy
TROUSERS
Dyed Cambric Trousers: 2.5 Meter
Fabric: Cambric
Color: ﻿Navy
Note:
Product color may slightly vary due to photographic lighting sources or your device settings.",https://nishatlinen.com/collections/women/products/42401105,"image_1_93_1.jpg, image_1_93_2.jpg, image_1_93_3.jpg"
3 Piece - Digital Printed Embroidered Suit - 42401455,"Rs. 8,720.00 Rs. 5,668.00","Embrace your style and sophistication by wearing this digital printed embroidered three-piece from the latest unstitched summer collection.
Product Detail:
Textures & Flowers Printed Style Shirt with Dupatta and Trousers
SHIRT
Digital Printed Super Fine Grid Lawn Shirt: 3 Meter
Embroidered Motifs + Border
Fabric: Lawn
Color: Light Yellow
DUPATTA
Digital Printed Grid Lawn Dupatta: 2.5 Meter
Fabric: Lawn
Color: Light Yellow
TROUSERS
Dyed Cambric Trousers: 2.5 Meter
Fabric: Cambric
Color: Light Yellow
Note:
Product color may slightly vary due to photographic lighting sources or your device settings.",https://nishatlinen.com/collections/women/products/42401455,"image_1_94_1.jpg, image_1_94_2.jpg, image_1_94_3.jpg"
Printed Dress - FE24-27 - M,"Rs. 9,750.00 Rs. 5,850.00","Look and feel your best by wearing this printed dress from the latest pret summer collection. 
Product Detail
Printed Dress
Dress
V Neckline With Frill, Buttons Detail On Placket, Lace Detail On Sleeves, Gathered Hem
Fabric: Cotton Chicken
Color: Orange
Note:
Product color may vary slightly due to photographic lighting sources or monitor settings.",https://nishatlinen.com/collections/women/products/fe24-27,"image_1_95_1.jpg, image_1_95_2.jpg, image_1_95_3.jpg"
3 Piece - Printed Suit - 42401856,"Rs. 6,150.00 Rs. 3,997.50","Make a bold fashion statement with our printed three-piece from the latest unstitched summer collection.
Product Detail:
Watercolor Floral Printed Style Shirt with Dupatta and Trousers
SHIRT
Printed Lawn Shirt: 3 Meter
Fabric: Lawn
Color: Light Blue
DUPATTA
Digital Printed Zari Lawn Dupatta: 2.5 Meter
Fabric: Zari Lawn
Color: Multi
TROUSERS
Dyed Cambric Trousers: 2.5 Meter
Fabric: Cambric
Color: Light Blue
Note:
Product color may slightly vary due to photographic lighting sources or your device settings.",https://nishatlinen.com/products/42401856,"image_1_96_1.jpg, image_1_96_2.jpg, image_1_96_3.jpg"
1 Piece - Digital Printed Loose Fabric - 42403218 - Shirt / 3 / 3,Rs. 830.00 Rs. 540.00,"Make special occasions even more magical with this digital printed one-piece from the latest freedom to buy summer collection.
Product Detail:
Florals In Stitch Printed Style Shirt 
SHIRT
Shirt: 3 Meter (RS 800/-Mtr)
Fabric: Dobby Lawn
Color: Red

Note:
Product color may slightly vary due to photographic lighting sources or your device settings.",https://nishatlinen.com/products/42403218,"image_1_97_1.jpg, image_1_97_2.jpg, image_1_97_3.jpg"
2 Piece - Printed Suit - AS24-90 - XS,"Rs. 5,340.00 Rs. 3,204.00","Go ahead and update your wardrobe with this printed two-piece suit from the latest pret summer collection.
Product Detail
Printed Tunic With Trousers
Tunic
Band Neckline With Placket, Printed Tunic
Fabric: Cambric
Color: Black
Trousers
Printed Straight Trousers
Fabric: Cambric
Color: Black
Note:
Product color may vary slightly due to photographic lighting sources or monitor settings.",https://nishatlinen.com/collections/women/products/as24-90,"image_1_98_1.jpg, image_1_98_2.jpg, image_1_98_3.jpg"
2 Piece - Printed Suit - 42401963,"Rs. 2,870.00 Rs. 1,865.50","Preserve your beautiful memories by wearing this printed two-piece from the latest unstitched summer collection.
Product Detail:
Ajrak Printed Style Shirt with Trousers
SHIRT
Printed Super Fine Lawn Shirt: 3 Meter
Fabric: Lawn
Color: Black
TROUSERS
Solid Cambric Trousers: 2.5 Meter
Fabric: Cambric
Color: Black
Note:
Product color may slightly vary due to photographic lighting sources or your device settings.",https://nishatlinen.com/products/42401963,"image_1_99_1.jpg, image_1_99_2.jpg, image_1_99_3.jpg"
3 Piece - Gold & Silver Printed Embroidered Suit - 42401907,"Rs. 8,720.00 Rs. 5,668.00","Delicate your look with this gold & silver printed embroidered three-piece from the latest unstitched summer collection.
Product Detail:
Ethnic Prints Style Shirt with Dupatta and Trousers
SHIRT
Gold & Silver Printed Super Fine Lawn Shirt: 3 Meter
Embroidered Motifs + Border
Fabric: Lawn
Color: Pink
DUPATTA
Gold & Silver Printed Voile Dupatta: 2.5 Meter
Fabric: Voile
Color: Pink
TROUSERS
Dyed Cambric Trousers: 2.5 Meter
Fabric: Cambric
Color: Pink
Note:
Product color may slightly vary due to photographic lighting sources or your device settings.",https://nishatlinen.com/products/42401907,"image_1_100_1.jpg, image_1_100_2.jpg, image_1_100_3.jpg"
3 Piece - Digital Printed Embroidered Suit - 42401970,"Rs. 9,740.00 Rs. 6,331.00","Enhance your charm at day and night outings by wearing this digital printed embroidered three-piece from the latest unstitched summer collection.
Product Detail:
Ethnic Motifs With Laces Style Shirt with Dupatta and Trousers
SHIRT
Digital Printed Chicken Kari Shirt: 3 Meter
Fabric: Chicken Kari
Color: Beige
DUPATTA
Digital Printed Voile Dupatta: 2.5 Meter
Fabric: Voile
Color: Beige
TROUSERS
Solid Cambric Trousers: 2.5 Meter
Fabric: Cambric
Color: Beige
Note:
Product color may slightly vary due to photographic lighting sources or your device settings.",https://nishatlinen.com/collections/women/products/42401970,"image_1_101_1.jpg, image_1_101_2.jpg, image_1_101_3.jpg"
3 Piece - Printed Loose Fabric - 42403042 - Shirt / 3 / 3,Rs. 670.00 Rs. 436.00,"Elevate your daily style with this three-piece from the latest freedom to buy summer collection.
Product Detail:
Suzani Patterns In Printed Form Shirt with Dupatta and Trousers
SHIRT
Shirt: 3 Meter (RS 730/-Mtr)
Fabric: Lawn
Color: Light Yellow
DUPATTA
Dupatta: 2.5 Meter (RS 750/-Mtr)
Fabric: Voile
Color: Light Yellow
TROUSERS
Trousers: 2.5 Meter (RS 690/-Mtr)
Fabric: Cambric
Color: ﻿Light Yellow
Note:
Product color may slightly vary due to photographic lighting sources or your device settings.",https://nishatlinen.com/collections/women/products/42403042,"image_1_102_1.jpg, image_1_102_2.jpg, image_1_102_3.jpg"
1 Piece - Printed Loose Fabric - 42403287 - Shirt / 3 / 3,Rs. 455.00 - Rs. 527.00,"Embrace elegance with the delicate beauty of this printed one-piece from the latest freedom to buy summer collection.
Product Detail:
Butterflies Printed Style Shirt
SHIRT
Shirt: 3 Meter (RS 850/-Mtr)
Fabric: Dobby Lawn
Color: Orange
Note:
Product color may slightly vary due to photographic lighting sources or your device settings.",https://nishatlinen.com/collections/women/products/42403287,"image_1_103_1.jpg, image_1_103_2.jpg, image_1_103_3.jpg"
Embroidered Shirt - PE24-147 - XS,"Rs. 5,640.00 Rs. 3,384.00","Ease your confusion about styling by wearing this embroidered shirt from the latest pret summer collection. 
Product Detail
Embroidered Shirt
Shirt
Band Neckline With Long Piping, Front Embroidered Shirt
Fabric: Cambric
Color: Green
Note:
Product color may vary slightly due to photographic lighting sources or monitor settings.",https://nishatlinen.com/collections/women/products/pe24-147,"image_1_104_1.jpg, image_1_104_2.jpg, image_1_104_3.jpg"
Printed Shirt - PE24-230 - XS,"Rs. 3,590.00 Rs. 2,154.00","Look and feel your best by wearing this printed shirt from the latest pret summer collection. 
Product Detail
Printed Shirt
Shirt
Round Neckline With Piping & Slit, Lace Detail On Sleeves
Fabric: Lawn
Color: Pink
Note:
Product color may vary slightly due to photographic lighting sources or monitor settings.",https://nishatlinen.com/products/pe24-230,"image_1_105_1.jpg, image_1_105_2.jpg, image_1_105_3.jpg"
3 Piece - Printed Loose Fabric - 42403024 - Shirt / 3 / 3,Rs. 670.00 Rs. 436.00,"Adorn your authenticity in the printed three-piece from the latest freedom to buy summer collection.
Product Detail:
Traditional Ethnic Patterns Printed Style Shirt with Dupatta and Trousers
SHIRT
Shirt: 3 Meter (RS 730/-Mtr)
Fabric: Lawn
Color: Black
DUPATTA
Dupatta: 2.5 Meter (RS 750/-Mtr)
Fabric: Voile
Color: Black
Note: Fabric used in shoot for gown is dupatta fabric
TROUSERS
Trousers: 2.5 Meter (RS 690/-Mtr)
Fabric: Cambric
Color: Black
Note:
Product color may slightly vary due to photographic lighting sources or your device settings.",https://nishatlinen.com/collections/women/products/42403024,"image_1_106_1.jpg, image_1_106_2.jpg, image_1_106_3.jpg"
Printed Shirt - PS24-331 - XS,"Rs. 3,890.00 Rs. 2,334.00","Look and feel your best by wearing this printed shirt from the latest pret summer collection. 
Product Detail
Printed Shirt
Shirt
Band Neckline With Placket & Buttons Detail, Gathered Sleeves, Button Down Shirt
Fabric: Lawn
Color: Yellow
Note:
Product color may vary slightly due to photographic lighting sources or monitor settings.",https://nishatlinen.com/collections/women/products/ps24-331,"image_1_107_1.jpg, image_1_107_2.jpg, image_1_107_3.jpg"
Embroidered Trousers - PS24-268 - XS,"Rs. 2,560.00 Rs. 1,536.00","Glance yourself in this attractively embroidered trousers from the latest pret summer collection.
Product Detail
Embroidered Trousers
Trousers
Loose Straight Trousers With Embroidered Hem
Fabric: Cambric
Color: Beige
Note:
Product color may vary slightly due to photographic lighting sources or monitor settings.",https://nishatlinen.com/products/ps24-268,"image_1_108_1.jpg, image_1_108_2.jpg, image_1_108_3.jpg"
3 Piece - Embroidered Suit - 42401996,"Rs. 9,740.00 Rs. 6,331.00","Radiate attractive charm by showcasing this beautifully embroidered three-piece from the latest unstitched summer collection.
Product Detail:
Floral Style Shirt with Dupatta and Trousers
SHIRT
Solid Lawn Shirt: 3 Meter
Embroidered Front + Sleeves
Fabric: Lawn
Color: Beige
DUPATTA
Embroidered Swiss Voile Dupatta: 2.5 Meter
Fabric: Swiss Voile
Color: Beige
TROUSERS
Solid Cambric Trousers: 2.5 Meter
Fabric: Cambric
Color: Beige
Note:
Product color may slightly vary due to photographic lighting sources or your device settings.",https://nishatlinen.com/products/42401996,"image_1_109_1.jpg, image_1_109_2.jpg, image_1_109_3.jpg"
1 Piece - Digital Printed Loose Fabric - 42403352 - Shirt / 3 / 3,Rs. 880.00 Rs. 572.00,"Make an elegant entrance on special occasions in this beautiful digital printed one-piece from the latest freedom to buy summer collection.
Product Detail:
Tie & Dye Textures In Printed Form Shirt 
SHIRT
Shirt: 3 Meter (RS 850/-Mtr)
Fabric: Dobby Lawn
Color: Blue
Note:
Product color may slightly vary due to photographic lighting sources or your device settings.",https://nishatlinen.com/products/42403352,"image_1_110_1.jpg, image_1_110_2.jpg, image_1_110_3.jpg"
3 Piece - Digital Printed Jacquard Embroidered Suit - 42402091,"Rs. 9,990.00 Rs. 6,493.50","Adorn grace with this digital printed jacquard embroidered three-piece from the latest unstitched summer collection.
Product Detail:
Tie & Dye Motifs In Printed Style Shirt with Dupatta and Trousers
SHIRT
Digital Printed Jacquard Shirt: 2.1 Meter
Embroidered Motifs + Border
Fabric: Jacquard 
Color: Purple
DUPATTA
Yarn Dyed Leno Kara Dupatta: 2.5 Meter
Fabric: Yarn Dyed
Color: Purple
TROUSERS
Solid Cambric Trousers: 1.7 Meter
Fabric: Cambric
Color: Purple
Note:
Product color may slightly vary due to photographic lighting sources or your device settings.",https://nishatlinen.com/collections/women/products/42402091,"image_1_111_1.jpg, image_1_111_2.jpg, image_1_111_3.jpg"
3 piece - Dyed Embroidered Suit - 42401333,"Rs. 12,820.00 Rs. 8,333.00","Get a sober look by wearing this dyed embroidered three-piece from the latest unstitched summer collection.
Product Detail:
Shirt with Dupatta and Trousers
SHIRT
Dyed Embroidered Swiss Lawn Center Panel
Dyed Embroidered Swiss Lawn Right + Left Panel
Dyed Swiss Lawn Back & Sleeves
Embroidered Organza Sleeves Patch: 1 Meter
Fabric: Swiss Lawn
Color: Black
DUPATTA
Dyed Embroidered Swiss Voile Dupatta
2 Embroidered Organza Dupatta Pallu Patch
Fabric: Swiss Voile
Color: Black
TROUSERS
Dyed Cambric Trousers: 2.5 Meter
Fabric: Cambric
Color: Black
Note:
Product color may slightly vary due to photographic lighting sources or your device settings.",https://nishatlinen.com/products/42401333,"image_1_112_1.jpg, image_1_112_2.jpg, image_1_112_3.jpg"
3 Piece - Printed Suit - 42401482,"Rs. 6,150.00 Rs. 3,997.50","Make your day pleasingly memorable with this printed three-piece from the latest unstitched summer collection.
Product Detail:
Watercolor Floral Borders Style Shirt with Dupatta and Trousers
SHIRT
Printed Super Fine Lawn Shirt: 3 Meter
1 Lace: 1.25 Meter
1 Lace: 2.5 Meter
Fabric: Lawn
Color: Light Yellow
DUPATTA
Digital Printed Crinkle Chiffon Dupatta: 2.5 Meter
Fabric: Crinkle Chiffon
Color: Light Yellow
TROUSERS
Printed Cambric Trousers: 2.5 Meter
Fabric: Cambric
Color: Light Yellow
Note:
Product color may slightly vary due to photographic lighting sources or your device settings.",https://nishatlinen.com/products/42401482,"image_1_113_1.jpg, image_1_113_2.jpg, image_1_113_3.jpg"
2 Piece - Printed Suit - 42401721,"Rs. 3,070.00 Rs. 1,995.50","For an elegant appearance printed two-piece from the latest unstitched summer collection.
Product Detail:
Ethnic Prints Style Shirt with Dupatta
SHIRT
Printed Super Fine Lawn Shirt: 3 Meter
Fabric: Lawn
Color: Off White & Pink
DUPATTA
Printed Voile Dupatta: 2.5 Meter
Fabric: Voile
Color: Off White & Pink
Note:
Product color may slightly vary due to photographic lighting sources or your device settings.",https://nishatlinen.com/products/42401721,"image_1_114_1.jpg, image_1_114_2.jpg, image_1_114_3.jpg"
2 Piece - Jacquard Embroidered Suit - 42402154,"Rs. 6,990.00 Rs. 5,592.00","Look radiant with this jacquard embroidered two-piece from the latest unstitched summer collection.
Product Detail:
Ethnic Style Shirt with Dupatta
SHIRT
Jacquard Shirt: 3 Meter
2 Embroidered Motifs
Fabric: Jacquard
Color: Jet Black
DUPATTA
Jacquard Dupatta: 2.5 Meter
Fabric: Jacquard
Color: Jet Black
Note:
Product color may slightly vary due to photographic lighting sources or your device settings.",https://nishatlinen.com/collections/women/products/42402154,"image_1_115_1.jpg, image_1_115_2.jpg, image_1_115_3.jpg"
3 Piece - Printed Embroidered Suit - 42402039,"Rs. 7,690.00 Rs. 4,998.50","Create a stylish look with our printed embroidered three-piece from the latest unstitched summer collection.
Product Detail:
Tie & Dye Textures In Printed Form Shirt with Dupatta and Trousers
SHIRT
Printed Super Fine Lawn Shirt: 3 Meter
Embroidered Motifs + Border
Fabric: Lawn
Color: Blue
DUPATTA
Digital Printed Crinkle Chiffon Dupatta: 2.5 Meter
Fabric: Crinkle Chiffon
Color: Blue
TROUSERS
Solid Cambric Trousers: 2.5 Meter
Fabric: Cambric
Color: Blue
Note:
Product color may slightly vary due to photographic lighting sources or your device settings.",https://nishatlinen.com/products/42402039,"image_1_116_1.jpg, image_1_116_2.jpg, image_1_116_3.jpg"
2-Piece - Printed Embroidered Suit  - PS24-127 - XS,"Rs. 6,190.00 Rs. 3,714.00","Make your day magnificent by wearing this printed embroidered two-piece suit from the latest pret summer collection. 
Product Detail
Printed Embroidered Shirt With Trousers
Shirt
Round Neckline With Slit & Piping, Embroidered Neckline, Lace Detail On Sleeves, Straight Shirt
Fabric: Cambric
Color: Yellow
Trousers
Straight Trousers
Fabric: Cambric
Color: Yellow
Note:
Product color may vary slightly due to photographic lighting sources or monitor settings.",https://nishatlinen.com/collections/women/products/ps24-127,"image_1_117_1.jpg, image_1_117_2.jpg, image_1_117_3.jpg"
3 Piece - Jacquard Embroidered Suit - 42401926,"Rs. 8,720.00 Rs. 5,668.00","Delicate your look with this jacquard embroidered three-piece from the latest unstitched summer collection.
Product Detail:
Floral Style Shirt with Dupatta and Trousers
SHIRT
Jacquard Shirt: 3 Meter
Embroidered Border + Patch
Fabric: Jacquard
Color: Green
DUPATTA
Digital Printed Zari Lawn Dupatta: 2.5 Meter
Fabric: Zari Lawn
Color: Green
TROUSERS
Solid Cambric Trousers: 2.5 Meter
Fabric: Cambric
Color: Green
Note:
Product color may slightly vary due to photographic lighting sources or your device settings.",https://nishatlinen.com/collections/women/products/42401926,"image_1_118_1.jpg, image_1_118_2.jpg, image_1_118_3.jpg"
2 Piece - Printed Embroidered Suit - 42401281,"Rs. 4,610.00 Rs. 2,996.50","Give your wardrobe a makeover by choosing this printed embroidered two-piece from the latest unstitched summer collection.
Product Detail:
Mughal Booti Prints Style Shirt with Trousers
SHIRT
Printed Super Fine Lawn Shirt: 3 Meter
Embroidered Motifs
Fabric: Lawn
Color: Blue
TROUSERS
Printed Cambric Trousers: 2.5 Meter
Fabric: Cambric
Color: Pink
Note:
Product color may slightly vary due to photographic lighting sources or your device settings.",https://nishatlinen.com/products/42401281,"image_1_119_1.jpg, image_1_119_2.jpg, image_1_119_3.jpg"
3 Piece - Printed Embroidered Suit - 42402026,"Rs. 9,490.00 Rs. 6,168.50","Get sober look by wearing this printed embroidered three-piece from the latest unstitched summer collection.
Product Detail:
Mughal Motifs & Textures In Printed Form Shirt with Dupatta and Trousers
SHIRT
Printed Super Fine Lawn Shirt: 3 Meter
Embroidered Neckline + Motifs
Fabric: Lawn
Color: Sea Green
DUPATTA
Printed Banarsi Brochia Dupatta: 2.5 Meter
Fabric: Banarsi Brochia
Color: Sea Green
TROUSERS
Solid Cambric Trousers: 2.5 Meter
Fabric: Cambric
Color: Sea Green
Note:
Product color may slightly vary due to photographic lighting sources or your device settings.",https://nishatlinen.com/collections/women/products/42402026,"image_1_120_1.jpg, image_1_120_2.jpg, image_1_120_3.jpg"
2 Piece - Printed Embroidered Suit - 42401952,"Rs. 5,640.00 Rs. 3,666.00","Preserve your beautiful memories by wearing this printed embroidered two-piece from the latest unstitched summer collection.
Product Detail:
Floral Bunches & Textures Prints Style Shirt with Dupatta
SHIRT
Printed Super Fine Lawn  Shirt: 3 Meter
Embroidered Front + Border
Fabric: Lawn
Color: Brown
DUPATTA
Digital Printed Silk Dupatta: 2.5 Meter
Fabric: Silk
Color: Brown
Note:
Product color may slightly vary due to photographic lighting sources or your device settings.",https://nishatlinen.com/collections/women/products/42401952,"image_1_121_1.jpg, image_1_121_2.jpg, image_1_121_3.jpg"
3 Piece - Printed Loose Fabric - 42403273 - Shirt / 3 / 3,Rs. 455.00 - Rs. 527.00,"Unveil your inner goddess with printed three-piece from the latest freedom to buy summer collection.
Product Detail:
Floral Printed Style Shirt with Dupatta and Trousers
SHIRT
Shirt: 3 Meter (RS 750/-Mtr)
Fabric: Lawn
Color: Lilac
DUPATTA
Dupatta: 2.5 Meter (RS 780/-Mtr)
Fabric: Voile
Color: Lilac
TROUSERS
Trousers: 2.5 Meter (RS 680/-Mtr)
Fabric: Cambric
Color: ﻿Lilac
Note:
Product color may slightly vary due to photographic lighting sources or your device settings.",https://nishatlinen.com/collections/women/products/42403273,"image_1_122_1.jpg, image_1_122_2.jpg, image_1_122_3.jpg"
3 Piece - Gold Printed Embroidered Suit - 42401375,"Rs. 9,740.00 Rs. 6,331.00","Glance yourself in this attractively gold printed embroidered three-piece from the latest unstitched summer collection.
Product Detail:
Mughal Banarsi Style Shirt with Dupatta and Trousers
SHIRT
Gold Paste Printed Sateen Shirt: 3 Meter
Embroidered Neckline + Motifs + Border
Fabric: Sateen
Color: Black
DUPATTA
Fancy Banarsi Dupatta: 2.5 Meter
Fabric: Banarsi
Color: Black
TROUSERS
Dyed Sateen Trousers: 2.5 Meter
Fabric: Sateen
Color: Black
Note:
Product color may slightly vary due to photographic lighting sources or your device settings.",https://nishatlinen.com/products/42401375,"image_1_123_1.jpg, image_1_123_2.jpg, image_1_123_3.jpg"
3 Piece - Printed Loose Fabric - 42403165 - Shirt / 3 / 3,"Rs. 1,120.00 Rs. 728.00","Give yourself a versatile styling with this printed three-piece from the latest freedom to buy summer collection.
Product Detail:
Leaf Bunches With Scroll Borders Printed Style Shirt with Dupatta and Trousers
SHIRT
Shirt: 3 Meter (RS 730/-Mtr)
Fabric: Lawn
Color: Powder Pink
DUPATTA
Dupatta: 2.5 Meter (RS 750/-Mtr)
Fabric: Voile
Color: Powder Pink
TROUSERS
Trousers: 2.5 Meter (RS 650/-Mtr)
Fabric: Cambric
Color: Powder Pink
Note:
Product color may slightly vary due to photographic lighting sources or your device settings.",https://nishatlinen.com/collections/women/products/42403165,"image_1_124_1.jpg, image_1_124_2.jpg, image_1_124_3.jpg"
3 Piece - Printed Loose Fabric - 42403248 - Shirt / 3 / 3,Rs. 455.00 - Rs. 527.00,"Capture hearts effortlessly with our printed three-piece from the latest freedom to buy summer collection.
Product Detail:
Modern Bubble Patterns In Printed Form Shirt with Dupatta and Trousers
SHIRT
Shirt: 3 Meter (RS 750/-Mtr)
Fabric: Lawn
Color: Pink & White
DUPATTA
Dupatta: 2.5 Meter (RS 780/-Mtr)
Fabric: Voile
Color: Pink & White
TROUSERS
Trousers: 2.5 Meter (RS 680/-Mtr)
Fabric: Cambric
Color: White
Note:
Product color may slightly vary due to photographic lighting sources or your device settings.",https://nishatlinen.com/collections/women/products/42403248,"image_1_125_1.jpg, image_1_125_2.jpg, image_1_125_3.jpg"
2 Piece - Jacquard Embroidered Suit - 42402161,"Rs. 6,990.00 Rs. 5,592.00","Elevate your daily style with this jacquard embroidered two-piece from the latest unstitched summer collection.
Product Detail:
Mughal Pattern Style Shirt with Dupatta
SHIRT
Jacquard Shirt: 3 Meter
Embroidered Neckline + Border
Fabric: Jacquard
Color: Beige
DUPATTA
Jacquard Dupatta: 2.5 Meter
Fabric: Jacquard
Color: Beige
Note:
Product color may slightly vary due to photographic lighting sources or your device settings.",https://nishatlinen.com/collections/women/products/42402161,"image_1_126_1.jpg, image_1_126_2.jpg, image_1_126_3.jpg"
2 Piece - Digital Printed Suit - 42401108,"Rs. 4,820.00 Rs. 3,133.00","Threads that resonate with elegance digital printed two-piece from the latest unstitched summer collection.
Product Detail:
Floral Printed Style Shirt with Dupatta
SHIRT
Digital Printed Super Fine Lawn Shirt: 3 Meter
Fabric: Lawn
Color: Tea Pink & Blue
DUPATTA
Digital Printed Zari Monar Dupatta: 2.5 Meter
Fabric: Zari Monar
Color: ﻿Tea Pink & Blue
Note:
Product color may slightly vary due to photographic lighting sources or your device settings.",https://nishatlinen.com/products/42401108,"image_1_127_1.jpg, image_1_127_2.jpg, image_1_127_3.jpg"
3 Piece - Gold Printed Embroidered Suit - 42401396,"Rs. 7,690.00 Rs. 4,998.50","Add a flash of colour to your wardrobe with this gold printed embroidered three-piece from the latest unstitched summer collection.
Product Detail:
Floral Borders With Chunri Print Style Shirt with Dupatta and Trousers
SHIRT
Gold Printed Super Fine Lawn Shirt: 3 Meter
Embroidered Neckline + 2 Borders
Fabric: Lawn
Color: Pink
DUPATTA
Digital Printed Maysuri Dupatta: 2.5 Meter
Fabric: Maysuri
Color: Pink
TROUSERS
Dyed Cambric Trousers: 2.5 Meter
Fabric: Cambric
Color: Pink
Note:
Product color may slightly vary due to photographic lighting sources or your device settings.",https://nishatlinen.com/products/42401396,"image_1_128_1.jpg, image_1_128_2.jpg, image_1_128_3.jpg"
3 piece - Dyed Embroidered Suit - 42401335,"Rs. 12,820.00 Rs. 8,333.00","Look fresh & elegant by wearing this dyed embroidered three-piece from the latest unstitched summer collection.
Product Detail:
Shirt with Dupatta and Trousers
SHIRT
Dyed Embroidered Swiss Lawn Center Panel
Dyed Embroidered Swiss Lawn Right + Left Panel
Dyed Swiss Lawn Back + Sleeves
2 Embroidered Organza Sleeves Motifs 
Embroidered Organza Border + Neckline 
Fabric: Swiss Lawn
Color: Light Pink
DUPATTA
Dyed Embroidered Swiss Voile Dupatta
Fabric: Swiss Voile
Color: Light Pink
TROUSERS
Dyed Cambric Trousers: 2.5 Meter
Fabric: Cambric
Color: Light Pink
Note:
Product color may slightly vary due to photographic lighting sources or your device settings.",https://nishatlinen.com/collections/women/products/42401335,"image_1_129_1.jpg, image_1_129_2.jpg, image_1_129_3.jpg"
1 Piece - Digital Printed Loose Fabric - 42403070 - Shirt / 3 / 3,"Rs. 1,120.00 Rs. 728.00","Achieve a refined and elegant look with this digital printed one-piece from the latest freedom to buy summer collection.
Product Detail:
Animal Printed Textures Style Shirt
SHIRT
Shirt: 3 Meter (RS 1090/-Mtr)
Fabric: Lurix Stripe
Color: Beige

Note:
Product color may slightly vary due to photographic lighting sources or your device settings.",https://nishatlinen.com/products/42403070,"image_1_130_1.jpg, image_1_130_2.jpg, image_1_130_3.jpg"
Basic Trousers - PE24-398 - XS,"Rs. 2,050.00 Rs. 1,230.00","Add a layer of glamour to your summer outfit with this basic trousers from the latest pret summer collection.
Product Detail
Basic Trousers
Trousers
Loose Straight Trousers With Lace Detail
Fabric: Cambric
Color: Beige
Note:
Product color may vary slightly due to photographic lighting sources or monitor settings.",https://nishatlinen.com/collections/women/products/pe24-398,"image_1_131_1.jpg, image_1_131_2.jpg, image_1_131_3.jpg"
Embroidered Dress - FE24-72 - XS,"Rs. 13,330.00 Rs. 7,998.00","From the first touch to the final flourish, look classy with this embroidered dress from the latest pret summer collection.  
Product Detail
Embroidered Dress
Dress
Embroidered Front & Sleeves With Lace Detail, Loose Straight Sleeves, Embroidered Neckline, Sleeves & Hem, Front Open Gown Dress
Fabric: Fancy Polyester
Color: Emerald
Note:
Product color may vary slightly due to photographic lighting sources or monitor settings.",https://nishatlinen.com/products/fe24-72,"image_1_132_1.jpg, image_1_132_2.jpg, image_1_132_3.jpg"
3 Piece - Printed Suit - 42401463,"Rs. 5,130.00 Rs. 3,334.50","Collect unique stuff to your wardrobe & add this printed three-piece from the latest unstitched summer collection.
Product Detail:
Kashmiri Style Shirt with Dupatta and Trousers
SHIRT
Printed Super Fine Lawn Shirt: 3 Meter
Fabric: Lawn
Color: Black
DUPATTA
Digital Printed Crinkle Chiffon Dupatta: 2.5 Meter
Fabric: Crinkle Chiffon
Color: Black
TROUSERS
Dyed Cambric Trousers: 2.5 Meter
Fabric: Cambric
Color: Black
Note:
Product color may slightly vary due to photographic lighting sources or your device settings.",https://nishatlinen.com/products/42401463,"image_1_133_1.jpg, image_1_133_2.jpg, image_1_133_3.jpg"
2 Piece - Printed Suit - 42401779,"Rs. 4,610.00 Rs. 2,996.50","Make your day magnificent by wearing this printed two-piece from the latest unstitched summer collection.
Product Detail:
Tie & Dye With Flowers Printed Style Shirt with Dupatta
SHIRT
Printed Super Fine Lawn Shirt: 3 Meter
Fabric: Lawn
Color: Green
DUPATTA
Digital Printed Crinkle Chiffon Dupatta: 2.5 Meter
Fabric: Crinkle Chiffon
Color: Green
Note:
Product color may slightly vary due to photographic lighting sources or your device settings.",https://nishatlinen.com/collections/women/products/42401779,"image_1_134_1.jpg, image_1_134_2.jpg, image_1_134_3.jpg"
1 Piece - Digital Printed Loose Fabric - 42403342 - Shirt / 3 / 3,Rs. 880.00 Rs. 572.00,"Upgrade your evening outdoor look with our digital printed one-piece from the latest freedom to buy summer collection.
Product Detail:
Tie & Dye Textures In Printed Form Shirt 
SHIRT
Shirt: 3 Meter (RS 780/-Mtr)
Fabric: Lawn
Color: Multi
Note:
Product color may slightly vary due to photographic lighting sources or your device settings.",https://nishatlinen.com/collections/women/products/42403342,"image_1_135_1.jpg, image_1_135_2.jpg, image_1_135_3.jpg"
2 Piece - Printed Embroidered Suit - 42401626,"Rs. 5,130.00 Rs. 3,334.50","Become the ultimate trendsetter with our printed embroidered two-piece from the latest unstitched summer collection.
Product Detail:
Bold Flower In Dupatta Paired With Abstract Floral Stems Style Shirt
SHIRT
Printed Super Fine Lawn Shirt: 3 Meter
Embroidered Neckline
Fabric: Lawn
Color: Light Pink 
DUPATTA
Digital Printed Crinkle Chiffon Dupatta: 2.5 Meter
Fabric: Crinkle Chiffon
Color: ﻿Light Pink 
Note:
Product color may slightly vary due to photographic lighting sources or your device settings.",https://nishatlinen.com/products/42401626,"image_1_136_1.jpg, image_1_136_2.jpg, image_1_136_3.jpg"
Printed Shirt - PS24-133 - XS,"Rs. 4,100.00 Rs. 2,460.00","Steal every spot on every occasion with this printed shirt from the latest pret summer collection. 
Product Detail
Printed Shirt
Shirt
Band Neckline Shirt with Slit, Piping & Adda Work Detail
Fabric: Lawn
Color: Maroon
Note:
Product color may vary slightly due to photographic lighting sources or monitor settings.",https://nishatlinen.com/products/ps24-133,"image_1_137_1.jpg, image_1_137_2.jpg, image_1_137_3.jpg"
3 Piece - Yarn Dyed Embroidered Suit - 42401978,"Rs. 13,330.00 Rs. 8,664.50","Make your catchy with this wonderful yarn dyed embroidered three-piece from the latest unstitched summer collection.
Product Detail:
Banarsi Style Shirt with Dupatta and Trousers
SHIRT
Yarn Dyed Banarsi Shirt: 3 Meter
Embroidered Front + Motifs + Border
Fabric: Banarsi
Color: Maroon
DUPATTA
Banarsi Jacquard Dupatta: 2.5 Meter
Fabric: Jacquard
Color: Maroon
TROUSERS
Yarn Dyed Banarsi Trousers: 2.5 Meter
Fabric: Banarsi
Color: Maroon
Note:
Product color may slightly vary due to photographic lighting sources or your device settings.",https://nishatlinen.com/products/42401978,"image_1_138_1.jpg, image_1_138_2.jpg, image_1_138_3.jpg"
3 Piece - Printed Loose Fabric - 42403105 - Shirt / 3 / 3,Rs. 830.00 Rs. 540.00,"Refresh your wardrobe with this stunning printed three-piece from the latest freedom to buy summer collection.
Product Detail:
Modern Leaf Bunches Printed Style Shirt with Dupatta and Trousers
SHIRT
Shirt: 3 Meter (RS 730/-Mtr)
Fabric: Lawn
Color: Black & Off White
DUPATTA
Dupatta: 2.5 Meter (RS 750/-Mtr)
Fabric: Voile
Color: Black
Note: Fabric used in shoot for gown is dupatta fabric
TROUSERS
Trousers: 2.5 Meter (RS 650/-Mtr)
Fabric: Cambric
Color: Black & Off White
Note:
Product color may slightly vary due to photographic lighting sources or your device settings.",https://nishatlinen.com/products/42403105,"image_1_139_1.jpg, image_1_139_2.jpg, image_1_139_3.jpg"
2 Piece - Printed Suit - 42402186,"Rs. 2,990.00 Rs. 1,943.50","Look classy with this printed two-piece from the latest unstitched summer collection.
Product Detail:
Chunri Printed Style Shirt with Trousers
SHIRT
Printed Cambric Shirt: 3 Meter
Fabric: Cambric
Color: Pink & Orange
TROUSERS
Printed Cambric Trousers: 2.5 Meter
Fabric: Cambric
Color: Orange
Note:
Product color may slightly vary due to photographic lighting sources or your device settings.",https://nishatlinen.com/products/42402186,"image_1_140_1.jpg, image_1_140_2.jpg, image_1_140_3.jpg"
2 Piece - Printed Suit - PS24-290 - XS,"Rs. 4,590.00 Rs. 2,754.00","Make your day magnificent by wearing this printed two-piece suit from the latest pret summer collection. 
Product Detail
Printed Shirt With Trousers
Shirt
Band Neckline With Placket, Straight Shirt
Fabric: Cambric
Color: Light Pink
Trousers
Fitted Printed Trousers
Fabric: Cambric
Color: Light Pink
Note:
Product color may vary slightly due to photographic lighting sources or monitor settings.",https://nishatlinen.com/collections/women/products/ps24-290,"image_1_141_1.jpg, image_1_141_2.jpg, image_1_141_3.jpg"
3 Piece - Printed Suit - 42401855,"Rs. 6,150.00 Rs. 3,997.50","Build your core wardrobe with this printed three-piece from the latest unstitched summer collection.
Product Detail:
Ethnic Printed Style Shirt with Dupatta and Trousers
SHIRT
Printed Lawn Shirt: 3 Meter
Fabric: Lawn
Color: Brown
DUPATTA
Digital Printed Zari Lawn Dupatta: 2.5 Meter
Fabric: Zari Lawn
Color: Brown
TROUSERS
Dyed Cambric Trousers: 2.5 Meter
Fabric: Cambric
Color: Brown
Note:
Product color may slightly vary due to photographic lighting sources or your device settings.",https://nishatlinen.com/products/42401855,"image_1_142_1.jpg, image_1_142_2.jpg, image_1_142_3.jpg"
3 Piece - Printed Embroidered Suit - 42401699,"Rs. 8,200.00 Rs. 5,330.00","Get the most significant look by wearing this printed embroidered three-piece from the latest unstitched summer collection.
Product Detail:
Ralli Patterns With Vibrant Floral Prints Style Shirt with Dupatta and Trousers
SHIRT
Printed Super Fine Lawn Shirt: 3 Meter
Embroidered Motifs + 2 Borders
Fabric: Lawn
Color: Green
DUPATTA
Digital Printed Voile Dupatta: 2.5 Meter
Fabric: Voile
Color: Multi
TROUSERS
Printed Cambric Trousers: 2.5 Meter
Fabric: Cambric
Color: Green
Note:
Product color may slightly vary due to photographic lighting sources or your device settings.",https://nishatlinen.com/products/42401699,"image_1_143_1.jpg, image_1_143_2.jpg, image_1_143_3.jpg"
Basic Shirt - PE24-119 - S,"Rs. 4,100.00 Rs. 2,460.00","Ease your confusion for styling by wearing this basic shirt from the latest pret summer collection. 
Product Detail
Basic Shirt
Shirt
Band Neckline With Adda Work Detail On Placket, Gathers Detail At Side Panels, Front Open Flared Shirt
Fabric: Cambric
Color: Magenta
Note:
Product color may vary slightly due to photographic lighting sources or monitor settings.",https://nishatlinen.com/products/pe24-119,"image_1_144_1.jpg, image_1_144_2.jpg, image_1_144_3.jpg"
3 Piece - Jacquard Embroidered Suit - 42401925,"Rs. 8,690.00 Rs. 5,648.50","Make your day memorable with this graceful jacquard embroidered three-piece from the latest unstitched summer collection.
Product Detail:
Embellished Style Shirt with Dupatta and Trousers
SHIRT
Solid Jacquard Shirt: 3 Meter
Embroidered Neckline + Patch
Fabric: Jacquard
Color: Magenta
DUPATTA
Digital Printed Zari Lawn Dupatta: 2.5 Meter
Fabric: Zari Lawn
Color: Magenta
TROUSERS
Solid Cambric Trousers: 2.5 Meter
Fabric: Cambric
Color: Magenta
Note:
Product color may slightly vary due to photographic lighting sources or your device settings.",https://nishatlinen.com/products/42401925,"image_1_145_1.jpg, image_1_145_2.jpg, image_1_145_3.jpg"
1 Piece - Digital Printed Loose Fabric - 42403340 - Shirt / 3 / 3,Rs. 880.00 Rs. 572.00,"Add a pop of color with this digital printed one-piece from the latest freedom to buy summer collection.
Product Detail:
Paisleys Printed Style Shirt 
SHIRT
Shirt: 3 Meter (RS 780/-Mtr)
Fabric: Lawn
Color: Multi
Note:
Product color may slightly vary due to photographic lighting sources or your device settings.",https://nishatlinen.com/collections/women/products/42403340,"image_1_146_1.jpg, image_1_146_2.jpg, image_1_146_3.jpg"
2 Piece - Dyed Embroidered Suit - 42401958,"Rs. 5,640.00 Rs. 3,666.00","Get the ultimate queen look by wearing this dyed embroidered two-piece from the latest unstitched summer collection.
Product Detail:
Style Shirt with Trousers
SHIRT
Solid Cambric Shirt: 3 Meter
Embroidered Front + Sleeves + Border
Fabric: Cambric
Color: Light Pink
TROUSERS
Solid Cambric Trousers: 2.5 Meter
Fabric: Cambric
Color: Light Pink
Note:
Product color may slightly vary due to photographic lighting sources or your device settings.",https://nishatlinen.com/products/42401958,"image_1_147_1.jpg, image_1_147_2.jpg, image_1_147_3.jpg"
3 Piece - Printed Embroidered Suit - 42401841,"Rs. 7,690.00 Rs. 4,998.50","Look gorgeous effortlessly by wearing printed embroidered three-piece from the latest unstitched summer collection.
Product Detail:
Phulkari Patterns Style Shirt with Dupatta and Trousers
SHIRT
Printed Lawn Shirt: 3 Meter
Embroidered Neckline + Border
Fabric: Lawn
Color: Purple
DUPATTA
Digital Printed Zari Lawn Dupatta: 2.5 Meter
Fabric: Zari Lawn
Color: Purple
TROUSERS
Dyed Cambric Trousers: 2.5 Meter
Fabric: Cambric
Color: Purple
Note:
Product color may slightly vary due to photographic lighting sources or your device settings.",https://nishatlinen.com/collections/women/products/42401841,"image_1_148_1.jpg, image_1_148_2.jpg, image_1_148_3.jpg"
3 Piece - Printed Loose Fabric - 42403121 - Dupatta / 2.5 / 2.5,Rs. 830.00 Rs. 540.00,"Create inspiring admiration look by wearing this printed three-piece from the latest freedom to buy summer collection.
Product Detail:
Geometric With Polkas & Floral Vines Printed Style Shirt with Dupatta and Trousers
SHIRT
Shirt: 3 Meter (RS 730/-Mtr)
Fabric: Lawn
Color: Black
DUPATTA
Dupatta: 2.5 Meter (RS 750/-Mtr)
Fabric: Voile
Color: Black
TROUSERS
Trousers: 2.5 Meter (RS 650/-Mtr)
Fabric: Cambric
Color: Black
Note:
Product color may slightly vary due to photographic lighting sources or your device settings.",https://nishatlinen.com/products/42403121,"image_1_149_1.jpg, image_1_149_2.jpg, image_1_149_3.jpg"
3 Piece - Jacquard Suit - 42402121,"Rs. 9,990.00 Rs. 7,992.00","Elevate your daily style with this jacquard three-piece from the latest unstitched summer collection.
Product Detail:
Chunri Style Shirt with Dupatta and Trousers
SHIRT
Jacquard Shirt: 3 Meter
1 Lace: 1.25 Meter
1 Lace: 2.5 Meter
Fabric: Jacquard
Color: Magenta
DUPATTA
Digital Printed Crinkle Chiffon Dupatta: 2.5 Meter
Fabric: Crinkle Chiffon
Color: Magenta
TROUSERS
Jacquard Trousers: 2.5 Meter
Fabric: Jacquard
Color: Magenta
Note:
Product color may slightly vary due to photographic lighting sources or your device settings.",https://nishatlinen.com/collections/women/products/42402121,"image_1_150_1.jpg, image_1_150_2.jpg, image_1_150_3.jpg"
2-Piece - Printed Embroidered Suit  - PS24-255 - XS,"Rs. 7,790.00 Rs. 4,674.00","Create a statement-making festive look with this printed embroidered two-piece suit from the latest pret summer collection. 
Product Detail
Printed Embroidered Shirt With Dupatta
Shirt
Round Neckline With Slit & Buttons Detail On Piping, Straight Printed Shirt
Fabric: Lawn
Color: Off White
Dupatta
Tassels Detail At Dupatta Corners
Fabric: Voile
Color: Off White
Note:
Product color may vary slightly due to photographic lighting sources or monitor settings.",https://nishatlinen.com/products/ps24-255,"image_1_151_1.jpg, image_1_151_2.jpg, image_1_151_3.jpg"
1 Piece - Dyed Loose Fabric - 42402016-1 - Shirt / 3 / 3,Rs. 830.00 Rs. 540.00,"Unleash your creativity and craft your unique style with dyed one-piece from the latest freedom to buy summer collection.
Product Detail:
Shirt 
SHIRT
Shirt: 3 Meter (RS 650/-Mtr)
Fabric: Cambric
Color: Light Pink

Note:
Product color may slightly vary due to photographic lighting sources or your device settings.",https://nishatlinen.com/products/42402016-1,image_1_152_1.jpg
3 Piece - Digital Printed Loose Fabric - 42403324 - Shirt / 3 / 3,Rs. 880.00 Rs. 572.00,"Get a modish look with digital printed three-piece from the latest freedom to buy summer collection.
Product Detail:
Cross Stitch Motifs In Prints Style Shirt with Dupatta and Trousers 
SHIRT
Shirt: 3 Meter (RS 780/-Mtr)
Fabric: Lawn
Color: White
DUPATTA
Dupatta: 2.5 Meter (RS 800/-Mtr)
Fabric: Voile
Color: White
TROUSERS
Trousers: 2.5 Meter (RS 680/-Mtr)
Fabric: Cambric
Color: White
Note:
Product color may slightly vary due to photographic lighting sources or your device settings.",https://nishatlinen.com/collections/women/products/42403324,"image_1_153_1.jpg, image_1_153_2.jpg, image_1_153_3.jpg"
Printed Dress - FS24-61 - XS,"Rs. 7,700.00 Rs. 4,620.00","Shop the perfect look for yourself today with this printed long dress from the latest pret summer collection.
Product Detail
Printed Long Dress
Long Dress
Round Neckline With Placket, Lace Detail On Front Yoke, Gathers On Sleeves, Below Yoke & Frills
Fabric: Lawn
Color: Yellow
Note:
Product color may vary slightly due to photographic lighting sources or monitor settings.",https://nishatlinen.com/products/fs24-61,"image_1_154_1.jpg, image_1_154_2.jpg, image_1_154_3.jpg"
2 Piece - Embroidered Loose Fabric - 42402003 - Shirt / 3.25 / 3.25,"Rs. 436.00 - Rs. 1,307.00","Strut in style with this embroidered two-piece from the latest freedom to buy summer collection.
Product Detail:
Shirt & Trousers
Measurements: 
Shirt: 3.25 Meter (RS 990/-Mtr)
Trousers: 2.5 Meter (RS 650/-Mtr)
Fabric: Cambric
Color: Steel Grey
Note:
Product color may slightly vary due to photographic lighting sources or your device settings.",https://nishatlinen.com/products/42402003,"image_1_155_1.jpg, image_1_155_2.jpg, image_1_155_3.jpg"
3 Piece - Yarn Dyed Embroidered Suit - 42402169,"Rs. 8,490.00 Rs. 6,792.00","Refresh your wardrobe with this yarn dyed embroidered three-piece from the latest unstitched summer collection.
Product Detail:
Yarn Dyed Dupatta With Checkered Style Shirt and Trousers
SHIRT
Yarn Dyed Shirt: 3 Meter
Embroidered Neckline + Border
Fabric: Yarn Dyed
Color: Mauve
DUPATTA
Yarn Dyed Dupatta: 2.5 Meter
Fabric: Yarn Dyed
Color: Mauve
TROUSERS
Solid Cambric Trousers: 2.5 Meter
Fabric: Solid Cambric
Color: Mauve
Note:
Product color may slightly vary due to photographic lighting sources or your device settings.",https://nishatlinen.com/products/42402169,"image_1_156_1.jpg, image_1_156_2.jpg, image_1_156_3.jpg"
2 Piece - Printed Embroidered Suit - PE24-375 - XS,"Rs. 7,180.00 Rs. 4,308.00","Radiate positivity and vibrancy in this printed embroidered two-piece suit from the latest pret summer collection.
Product Detail
Printed Embroidered Shirt With Dupatta
Shirt
Round Neckline With Slit, Embroidered Hem
Fabric: Lawn
Color: Mustard
Dupatta
Fabric: Chiffon
Color: Maroon
Note:
Product color may vary slightly due to photographic lighting sources or monitor settings.",https://nishatlinen.com/collections/women/products/pe24-375,"image_1_157_1.jpg, image_1_157_2.jpg, image_1_157_3.jpg"
Embroidered Shirt - PE24-137 - XS,"Rs. 4,610.00 Rs. 2,766.00","Make your appearance distinctive by wearing this embroidered shirt from the latest pret summer collection.
Product Detail
Embroidered Shirt
Shirt
Band Neckline With Piping, Embroidered Front Central Panel & Sleeves Edges, Straight Shirt
Fabric: Cambric
Color: Blue
Note:
Product color may vary slightly due to photographic lighting sources or monitor settings.",https://nishatlinen.com/products/pe24-137,"image_1_158_1.jpg, image_1_158_2.jpg, image_1_158_3.jpg"
2 Piece - Printed Suit - 42401273,"Rs. 3,590.00 Rs. 2,333.50","Style your look elegantly with this printed two-piece from the latest unstitched summer collection.  
Product Detail:
Floral Mix Printed Style Shirt with Dupatta 
SHIRT
Printed Super Fine Lawn Shirt: 3 Meter
Fabric: Lawn
Color: Off White
DUPATTA
Digital Printed Crinkle Chiffon Dupatta: 2.5 Meter
Fabric: Crinkle Chiffon
Color: Light Green
Note:
Product color may slightly vary due to photographic lighting sources or your device settings.",https://nishatlinen.com/collections/women/products/42401273,"image_1_159_1.jpg, image_1_159_2.jpg, image_1_159_3.jpg"
3 Piece - Printed Loose Fabric - 42403119 - Shirt / 3 / 3,Rs. 830.00 Rs. 540.00,"Glance yourself in this attractively printed three-piece from the latest freedom to buy summer collection.
Product Detail:
Animal Print With Color Blocking Printed Style Shirt with Dupatta and Trousers
SHIRT
Shirt: 3 Meter (RS 730/-Mtr)
Fabric: Lawn
Color: Mustard
DUPATTA
Dupatta: 2.5 Meter (RS 750/-Mtr)
Fabric: Voile
Color: Multi
Note: Fabric used in shoot for gown is dupatta fabric
TROUSERS
Trousers: 2.5 Meter (RS 650/-Mtr)
Fabric: Cambric
Color: Mustard
Note:
Product color may slightly vary due to photographic lighting sources or your device settings.",https://nishatlinen.com/collections/women/products/42403119,"image_1_160_1.jpg, image_1_160_2.jpg, image_1_160_3.jpg"
Slip - PS24-277 - XS,"Rs. 1,230.00 Rs. 984.00","Add comfort and a soft and smooth feel to your daily wear with this slip from the latest winter collection.
Product Detail
Basic Slip
Slip
Round Neckline
Fabric: Voile
Color: Beige
Note:
Product color may slightly vary due to photographic lighting sources or your monitor settings.",https://nishatlinen.com/products/ps24-277,image_1_161_1.jpg
3 Piece - Printed Suit - 42401660,"Rs. 5,640.00 Rs. 3,666.00","Look gorgeous effortlessly by wearing printed three-piece from the latest unstitched summer collection.
Product Detail:
Animal Printed Style Shirt with Dupatta and Trousers
SHIRT
Printed Super Fine Lawn Shirt: 3 Meter
Fabric: Lawn
Color: Black
DUPATTA
Digital Printed Muzlin Dupatta: 2.5 Meter
Fabric: Muzlin
Color: Black & Orange
TROUSERS
Dyed Cambric Trousers: 2.5 Meter
Fabric: Cambric
Color: ﻿Black
Note:
Product color may slightly vary due to photographic lighting sources or your device settings.",https://nishatlinen.com/collections/women/products/42401660,"image_1_162_1.jpg, image_1_162_2.jpg, image_1_162_3.jpg"
Embroidered Trousers - PE24-279 - XS,"Rs. 2,770.00 Rs. 1,662.00","Upgrade your wardrobe with this embroidered trousers from the latest pret summer collection. 
Product Detail
Embroidered Trousers
Trousers
Loose Straight Trousers With Pleated Embroidered Hem
Fabric: Cambric
Color: Beige
Note:
Product color may vary slightly due to photographic lighting sources or monitor settings.",https://nishatlinen.com/collections/women/products/pe24-279,"image_1_163_1.jpg, image_1_163_2.jpg, image_1_163_3.jpg"
2 Piece - Printed Suit With Laces - 42401598,"Rs. 5,130.00 Rs. 3,334.50","Strut in style with this printed two-piece from the latest unstitched summer collection.
Product Detail:
Bold Floral With Laces Printed Style Shirt with Dupatta
SHIRT
Printed Super Fine Lawn Shirt: 3 Meter
1 Lace: 1.25 Meter
1 Lace: 2.5 Meter
Fabric: Lawn
Color: ﻿Brown
DUPATTA
Digital Printed Banarsi Slub Dupatta: 2.5 Meter
Fabric: Banarsi Slub
Color: Brown
Note:
Product color may slightly vary due to photographic lighting sources or your device settings.",https://nishatlinen.com/products/42401598,"image_1_164_1.jpg, image_1_164_2.jpg, image_1_164_3.jpg"
3 Piece - Digital Printed Loose Fabric - 42403163 - Shirt / 3 / 3,Rs. 830.00 Rs. 540.00,"Mesmerize in this trendy digital printed three-piece from the latest freedom to buy summer collection.
Product Detail:
Ethnic Printed Style Shirt with Dupatta and Trousers
SHIRT
Shirt: 3 Meter (RS 750/-Mtr)
Fabric: Lawn
Color: Brown
DUPATTA
Dupatta: 2.5 Meter (RS 780/-Mtr)
Fabric: Voile
Color: Brown
TROUSERS
Trousers: 2.5 Meter (RS 650/-Mtr)
Fabric: Cambric
Color: Brown
Note:
Product color may slightly vary due to photographic lighting sources or your device settings.",https://nishatlinen.com/collections/women/products/42403163,"image_1_165_1.jpg, image_1_165_2.jpg, image_1_165_3.jpg"
2 Piece - Embroidered Suit - PE24-66 - XS,"Rs. 8,200.00 Rs. 4,920.00","Look and feel your best by wearing this embroidered two-piece suit from the latest pret summer collection.
Product Detail
Embroidered Shirt With Trousers
Shirt
Band Neckline With Slit, Embroidered Sleeves, Front & Hem, Gathers Detail On Shoulder
Fabric: Cambric
Color: Pink
Trousers
Loose Straight Trousers
Fabric: Cambric
Color: Pink
Note:
Product color may vary slightly due to photographic lighting sources or monitor settings.",https://nishatlinen.com/collections/women/products/pe24-66,"image_1_166_1.jpg, image_1_166_2.jpg, image_1_166_3.jpg"
3 Piece - Printed Embroidered Suit - 42401840,"Rs. 7,690.00 Rs. 4,998.50","Built up your look enlivened in this printed embroidered three-piece from the latest unstitched summer collection.
Product Detail:
Embroidered Style Motifs Style Shirt with Dupatta and Trousers
SHIRT
Printed Lawn Shirt: 3 Meter
Embroidered Motifs + Border
Fabric: Lawn
Color: Gold
DUPATTA
Digital Printed Zari Lawn Dupatta: 2.5 Meter
Fabric: Zari Lawn
Color: Gold
TROUSERS
Solid Cambric Trousers: 2.5 Meter
Fabric: Cambric
Color: Gold
Note:
Product color may slightly vary due to photographic lighting sources or your device settings.",https://nishatlinen.com/collections/women/products/42401840,"image_1_167_1.jpg, image_1_167_2.jpg, image_1_167_3.jpg"
3 Piece - Printed Loose Fabric - 42403151 - Shirt / 3 / 3,Rs. 830.00 Rs. 540.00,"Embrace the whispers of timelessness by wearing this printed three-piece from the latest freedom to buy summer collection.
Product Detail:
Abstract Printed Style Shirt with Dupatta and Trousers
SHIRT
Shirt: 3 Meter (RS 730/-Mtr)
Fabric: Lawn
Color: Pink
DUPATTA
Dupatta: 2.5 Meter (RS 750/-Mtr)
Fabric: Voile
Color: Pink
TROUSERS
Trousers: 2.5 Meter (RS 650/-Mtr)
Fabric: Cambric
Color: Pink
Note:
Product color may slightly vary due to photographic lighting sources or your device settings.",https://nishatlinen.com/products/42403151,"image_1_168_1.jpg, image_1_168_2.jpg, image_1_168_3.jpg"
3 Piece - Printed Loose Fabric - 42403370 - Dupatta / 2.5 / 2.5,Rs. 455.00 - Rs. 533.00,"Uplift your look with printed three-piece from the latest freedom to buy summer collection.
Product Detail
Geometric Printed Style Shirt with Dupatta and Trousers 
SHIRT
Shirt: 3 Meter (RS 780/-Mtr) 
Fabric: Lawn
Color: Black
DUPATTA
Dupatta: 2.5 Meter (RS 800/-Mtr) 
Fabric: Voile
Color: Black
TROUSERS
Trousers: 2.5 Meter (RS 700/-Mtr) 
Fabric: Cambric
Color: Black
Note:
Product color may slightly vary due to photographic lighting sources or your device settings.",https://nishatlinen.com/products/42403370,"image_1_169_1.jpg, image_1_169_2.jpg, image_1_169_3.jpg"
Printed Dress - AS24-15 - XS / S,"Rs. 6,050.00 Rs. 3,630.00","Look and feel your best by wearing this printed dress from the latest pret summer collection. 
Product Detail
Printed Dress
Dress
V Neckline, Gathered Cuff Sleeves With Buttons Detail, String & Tassels Detail At Waistline
Fabric: Lawn
Color: Orange
Note:
Product color may vary slightly due to photographic lighting sources or monitor settings.",https://nishatlinen.com/collections/women/products/as24-15,"image_1_170_1.jpg, image_1_170_2.jpg, image_1_170_3.jpg"
1 Piece - Digital Printed Loose Fabric - 42403196 - Shirt / 3 / 3,Rs. 830.00 Rs. 540.00,"Make your day memorable by wearing this printed one-piece from the latest freedom to buy summer collection.
Product Detail:
Geometric Jaal Printed Style Shirt 
SHIRT
Shirt: 3 Meter (RS 830/-Mtr)
Fabric: Dobby Lawn
Color: Deep Pink

Note:
Product color may slightly vary due to photographic lighting sources or your device settings.",https://nishatlinen.com/products/42403196,"image_1_171_1.jpg, image_1_171_2.jpg, image_1_171_3.jpg"
Printed Tunic - AS24-57 - XS,"Rs. 4,100.00 Rs. 2,460.00","Ease your confusion about styling by wearing this printed tunic from the latest pret summer collection.  
Product Detail
Printed Tunic
Tunic
Round Neckline With Buttons & Pleat Detail On Placket, Gathers Detail On Sleeves Edges, Length Variation, Short Tunic
Fabric: Silk Grip
Color: Blue
Note:
Product color may vary slightly due to photographic lighting sources or monitor settings.",https://nishatlinen.com/products/as24-57,"image_1_172_1.jpg, image_1_172_2.jpg, image_1_172_3.jpg"
3 Piece - Digital & Paste Printed Embroidered Suit - 42401917,"Rs. 13,850.00 Rs. 9,002.50","Get a stunning & fabulous look by wearing this eye-catching digital printed embroidered three-piece from the latest unstitched summer collection.
Product Detail:
Style Shirt with Dupatta and Trousers
SHIRT
Schiffli Embroidered Printed Cambric Front & Back: 2 Meter
Schiffli Embroidered Printed Cambric Sleeves: 0.6 Meter
Fabric: Cambric
Color: Greyish Blue
DUPATTA
Digital Printed Chicken Kari Dupatta: 2.5 Meter
Fabric: Chicken Kari
Color: Greyish Blue
TROUSERS
White Paste Printed Cambric Trousers: 2.5 Meter
Fabric: Cambric
Color: Greyish Blue
Note:
Product color may slightly vary due to photographic lighting sources or your device settings.",https://nishatlinen.com/products/42401917,"image_1_173_1.jpg, image_1_173_2.jpg, image_1_173_3.jpg"
3 Piece - Embroidered Suit - 42402177,"Rs. 10,490.00 Rs. 8,392.00","Mesmerize in this trendy embroidered three-piece from the latest unstitched summer collection.
Product Detail:
Floral Silhouettes Style Shirt with Dupatta and Trousers
SHIRT
Solid Satin Shirt: 3 Meter
Embroidered Front + Border
Fabric: Satin
Color: Blue
DUPATTA
Printed Khadi Silk Dupatta: 2.23 Meter
Fabric: Khadi Silk
Color: Blue
TROUSERS
Solid Satin Trousers: 2.5 Meter
Fabric: Satin
Color: Blue
Note:
Product color may slightly vary due to photographic lighting sources or your device settings.",https://nishatlinen.com/products/42402177,"image_1_174_1.jpg, image_1_174_2.jpg, image_1_174_3.jpg"
3 Piece - Embroidered Suit - 42401997,"Rs. 9,740.00 Rs. 6,331.00","Radiate with striking attractiveness by adorning yourself with this elegant embroidered three-piece from the latest unstitched summer collection.
Product Detail:
Floral Style Shirt with Dupatta and Trousers
SHIRT
Solid Lawn Shirt: 3 Meter
Embroidered Front + 4 Motifs
Fabric: Lawn
Color: Brown
DUPATTA
Embroidered Swiss Voile Dupatta: 2.5 Meter
Fabric: Swiss Voile
Color: Brown
TROUSERS
Solid Cambric Trousers: 2.5 Meter
Fabric: Cambric
Color: Brown
Note:
Product color may slightly vary due to photographic lighting sources or your device settings.",https://nishatlinen.com/products/42401997,"image_1_175_1.jpg, image_1_175_2.jpg, image_1_175_3.jpg"
3 Piece - Digital Printed Loose Fabric - 42403378 - Dupatta / 2.5 / 2.5,Rs. 455.00 - Rs. 533.00,"Captivate in majestic featuring digital printed three-piece from the latest freedom to buy summer collection.
Product Detail
Textures Printed Style Shirt with Dupatta and Trousers 
SHIRT
Shirt: 3 Meter (RS 800/-Mtr) 
Fabric: Lawn
Color: Teal
DUPATTA
Dupatta: 2.5 Meter (RS 820/-Mtr) 
Fabric: Voile
Color: Teal
TROUSERS
Trousers: 2.5 Meter (RS 700/-Mtr) 
Fabric: Cambric
Color: Teal
Note:
Product color may slightly vary due to photographic lighting sources or your device settings.",https://nishatlinen.com/collections/women/products/42403378,"image_1_176_1.jpg, image_1_176_2.jpg, image_1_176_3.jpg"
Printed Shirt - PS24-139 - XS,"Rs. 4,100.00 Rs. 2,460.00","Add a touch of glamour to your style with this contemporary printed shirt from the latest pret summer collection. 
Product Detail
Printed Shirt
Shirt
Round Neckline With Slit, Piping & Button Detail
Fabric: Lawn
Color: Mustard
Note:
Product color may vary slightly due to photographic lighting sources or monitor settings.",https://nishatlinen.com/collections/women/products/ps24-139,"image_1_177_1.jpg, image_1_177_2.jpg, image_1_177_3.jpg"
3 Piece - Embroidered Suit - 42405026,"Rs. 8,720.00 Rs. 5,668.00","Make a marvelous appearance with this embroidered three-piece from the latest summer collection.
Product Detail
Shirt with Dupatta and Trousers
SHIRT
Dyed Cambric Shirt: 3.2 Meter
Embroidered Front + Border
Fabric: Cambric
Color: Purple
DUPATTA
Digital Printed Silk Dupatta: 2.6 Meter
Fabric: Silk
Color: Purple
TROUSERS
Dyed Cambric Trousers: 2.5 Meter
Fabric: Cambric
Color: ﻿Purple
Note:
Product color may slightly vary due to photographic lighting sources or your device settings.",https://nishatlinen.com/collections/women/products/42405026,"image_1_178_1.jpg, image_1_178_2.jpg, image_1_178_3.jpg"
3 Piece - Printed Loose Fabric - 42403029 - Shirt / 3 / 3,Rs. 670.00 Rs. 436.00,"Strut in style with this printed three-piece from the latest freedom to buy summer collection.
Product Detail:
Ethnic Printed Style Shirt with Dupatta and Trousers
SHIRT
Shirt: 3 Meter (RS 730/-Mtr)
Fabric: Lawn
Color: Off White
DUPATTA
Dupatta: 2.5 Meter (RS 750/-Mtr)
Fabric: Voile
Color: Off White
TROUSERS
Trousers: 2.5 Meter (RS 690/-Mtr)
Fabric: Cambric
Color: ﻿Off White
Note:
Product color may slightly vary due to photographic lighting sources or your device settings.",https://nishatlinen.com/products/42403029,"image_1_179_1.jpg, image_1_179_2.jpg, image_1_179_3.jpg"
3 Piece - Printed Suit - 42402014,"Rs. 5,130.00 Rs. 3,334.50","Become the ultimate trendsetter with our printed three-piece from the latest unstitched summer collection.
Product Detail:
Baroque Floral Mix Printed Style Shirt with Dupatta and Trousers
SHIRT
Printed Super Fine Lawn Shirt: 3 Meter
Fabric: Lawn
Color: Light Green
DUPATTA
Digital Printed Crinkle Chiffon Dupatta: 2.5 Meter
Fabric: Crinkle Chiffon
Color: Light Green
TROUSERS
Solid Cambric Trousers: 2.5 Meter
Fabric: Cambric
Color: Light Green
Note:
Product color may slightly vary due to photographic lighting sources or your device settings.",https://nishatlinen.com/collections/women/products/42402014,"image_1_180_1.jpg, image_1_180_2.jpg, image_1_180_3.jpg"
3 Piece - Printed Suit - 42402118,"Rs. 4,990.00 Rs. 3,992.00","Add color to your day events with this printed three-piece from the latest unstitched summer collection.
Product Detail:
Ethnic Printed Style Shirt with Dupatta and Trousers
SHIRT
Printed Lawn Shirt: 3 Meter
Fabric: Lawn
Color: Black
DUPATTA
Printed Doriya Dupatta: 2.5 Meter
Fabric: Doriya
Color: Mustard
TROUSERS
Solid Cambric Trousers: 2.5 Meter
Fabric: Cambric
Color: Black
Note:
Product color may slightly vary due to photographic lighting sources or your device settings.",https://nishatlinen.com/collections/women/products/42402118,"image_1_181_1.jpg, image_1_181_2.jpg, image_1_181_3.jpg"
Printed Dress - FE24-80 - XS,"Rs. 10,260.00 Rs. 6,156.00","Dive into a world of captivating aesthetics with this printed dress from the latest pret summer collection.
Product Detail
Printed dress
Dress
Round Neckline With Piping & Tassels Detail, Lace Detail On Sleeves & Sides, Boxy Cut Dress
Fabric: Jacquard
Color: Off White
Note:
Product color may vary slightly due to photographic lighting sources or monitor settings.",https://nishatlinen.com/collections/women/products/fe24-80,"image_1_182_1.jpg, image_1_182_2.jpg, image_1_182_3.jpg"
2 Piece - Printed Suit With Laces - 42401607,"Rs. 5,130.00 Rs. 3,334.50","For a fashionable statement adorn this printed two-piece from the latest unstitched summer collection.
Product Detail:
Ethnic Patterns With Tie & Dye Textures In Printed Style Shirt with Dupatta
SHIRT
Printed Super Fine Lawn Shirt: 3 Meter
1 Lace: 1.25 Meter
1 Lace: 2.5 Meter
Fabric: Lawn
Color: Turquoise
DUPATTA
Digital Printed Banarsi Slub Dupatta: 2.5 Meter
Fabric: Banarsi Slub
Color: ﻿Turquoise
Note:
Product color may slightly vary due to photographic lighting sources or your device settings.",https://nishatlinen.com/collections/women/products/42401607,"image_1_183_1.jpg, image_1_183_2.jpg, image_1_183_3.jpg"
Basic Shirt - PE24-121 - XS,"Rs. 4,100.00 Rs. 2,460.00","Ease your confusion for styling by wearing this basic shirt from the latest pret summer collection.
Product Detail
Basic Shirt
Shirt
Band V Neckline With Tassels Detail, Flared Shirt
Fabric: Cambric
Color: Aqua
Note:
Product color may vary slightly due to photographic lighting sources or monitor settings.",https://nishatlinen.com/collections/women/products/pe24-121,"image_1_184_1.jpg, image_1_184_2.jpg, image_1_184_3.jpg"
3 Piece - Embroidered Suit - 42402063,"Rs. 8,690.00 Rs. 5,648.50","Glance yourself in this embroidered three-piece from the latest unstitched summer collection.
Product Detail:
Floral Embellished Mix Style Shirt with Dupatta and Trousers
SHIRT
Solid Slub Cambric Shirt: 3 Meter
Embroidered Front + Motifs
Fabric: Cambric
Color: Navy
DUPATTA
Digital Printed Slub Dupatta: 2.5 Meter
Fabric: Slub
Color: Navy
TROUSERS
Solid Cambric Trousers: 2.5 Meter
Fabric: Cambric
Color: Navy
Note:
Product color may slightly vary due to photographic lighting sources or your device settings.",https://nishatlinen.com/collections/women/products/42402063,"image_1_185_1.jpg, image_1_185_2.jpg, image_1_185_3.jpg"
Printed Shirt - PE24-360 - XS,"Rs. 4,100.00 Rs. 2,460.00","Ease your confusion for styling by wearing this printed shirt from the latest pret summer collection.
Product Detail
Printed Shirt
Shirt
Round Neckline With Tie-Up Dorri & Tassels Detail, Lace Detail on Sleeves Edges
Fabric: Lawn
Color: Black
Note:
Product color may vary slightly due to photographic lighting sources or monitor settings.",https://nishatlinen.com/products/pe24-360,"image_1_186_1.jpg, image_1_186_2.jpg, image_1_186_3.jpg"
3 Piece - Basic Suit - PS24-48 - XL,"Rs. 9,230.00 Rs. 5,538.00","Discover self-empowerment through fashion in this basic three-piece suit from the latest pret pre summer collection.
Product Detail
Basic Shirt With Dupatta & Trousers
Shirt
Band Neckline With Placket, Lace & Pintucks Detail On Sleeves
Fabric: Jacquard
Color: Turquoise
Dupatta
Adda Detail On Hem
Fabric: Net
Color: Turquoise
Trousers
Fabric: Cambric
Color: Turquoise
Note:
Product color may vary slightly due to photographic lighting sources or monitor settings.",https://nishatlinen.com/products/ps24-48,"image_1_187_1.jpg, image_1_187_2.jpg, image_1_187_3.jpg"
3 Piece - Printed Loose Fabric - 42403290 - Shirt / 3 / 3,Rs. 880.00 Rs. 572.00,"Uplift your look with this printed three-piece from the latest freedom to buy summer collection.
Product Detail:
Animal Prints Style Shirt with Dupatta and Trousers 
SHIRT
Shirt: 3 Meter (RS 750/-Mtr)
Fabric: Lawn
Color: Multi
DUPATTA
Dupatta: 2.5 Meter (RS 780/-Mtr)
Fabric: Voile
Color: Multi
TROUSERS
Trousers: 2.5 Meter (RS 680/-Mtr)
Fabric: Cambric
Color: White
Note:
Product color may slightly vary due to photographic lighting sources or your device settings.",https://nishatlinen.com/products/42403290,"image_1_188_1.jpg, image_1_188_2.jpg, image_1_188_3.jpg"
3 Piece - Printed Embroidered Suit - 42402129,"Rs. 10,490.00 Rs. 8,392.00","Get ready to refresh your look with our printed embroidered three-piece from the latest unstitched summer collection.
Product Detail:
Floral Style Shirt with Dupatta and Trousers
SHIRT
Printed Cambric Shirt: 3 Meter
Embroidered Front + Sleeves + Border
Fabric: Cambric
Color: Teal
DUPATTA
Printed Fancy Brochia Dupatta: 2.5 Meter
Fabric: Brochia
Color: Teal
TROUSERS
Solid Cambric Trousers: 2.5 Meter
Fabric: Cambric
Color: Teal
Note:
Product color may slightly vary due to photographic lighting sources or your device settings.",https://nishatlinen.com/collections/women/products/42402129,"image_1_189_1.jpg, image_1_189_2.jpg, image_1_189_3.jpg"
Printed Shirt - PE24-359 - XS,"Rs. 4,100.00 Rs. 2,460.00","Ease your confusion for styling by wearing this printed shirt from the latest pret summer collection.
Product Detail
Printed Shirt
Shirt
Band Neckline With V-Slit, Printed Shirt
Fabric: Lawn
Color: Maroon
Note:
Product color may vary slightly due to photographic lighting sources or monitor settings.",https://nishatlinen.com/collections/women/products/pe24-359,"image_1_190_1.jpg, image_1_190_2.jpg, image_1_190_3.jpg"
3 Piece - Printed Suit - 42402022,"Rs. 6,150.00 Rs. 3,997.50","Keep your look effortlessly chic by wearing this printed three-piece from the latest unstitched summer collection.
Product Detail:
Floral Silhouettes Printed Style Shirt with Dupatta & Trousers
SHIRT
Printed Super Fine Lawn Shirt: 3 Meter
Fabric: Lawn
Color: Black & Skin
DUPATTA
Digital Printed Crinkle Chiffon Dupatta: 2.5 Meter
Fabric: Crinkle Chiffon
Color: Black & Skin
TROUSERS
Solid Cambric Trousers: 2.5 Meter
Fabric: Cambric
Color: Skin
Note:
Product color may slightly vary due to photographic lighting sources or your device settings.",https://nishatlinen.com/collections/women/products/42402022,"image_1_191_1.jpg, image_1_191_2.jpg, image_1_191_3.jpg"
3 Piece - Embroidered Suit - 42401448,"Rs. 8,200.00 Rs. 5,330.00","Make a bold fashion statement with this digital printed embroidered three-piece from the latest unstitched summer collection.
Product Detail:
Geometric Style Shirt with Dupatta and Trousers
SHIRT
Dyed Super Fine Grid Lawn Shirt: 3 Meter
Embroidered Neckline + Border
Fabric: Grid Lawn
Color: White & Black
DUPATTA
Digital Printed Grid Lawn Dupatta: 2.5 Meter
Fabric: Grid Lawn
Color: White & Black
TROUSERS
Dyed Cambric Trousers: 2.5 Meter
Fabric: Cambric
Color: White 
Note:
Product color may slightly vary due to photographic lighting sources or your device settings.",https://nishatlinen.com/products/42401448,"image_1_192_1.jpg, image_1_192_2.jpg, image_1_192_3.jpg"
Printed Tunic - AS24-70 - XS,"Rs. 4,100.00 Rs. 2,460.00","Add sophistication to your wardrobe with this printed tunic from the latest pret summer collection.  

Product Detail
Printed Tunic
Tunic
Collar Neckline, Cut & Sew Inverted Box Pleated Detail, A-Line Short Tunic
Fabric: Silk
Color: Beige
Note:
Product color may vary slightly due to photographic lighting sources or monitor settings.",https://nishatlinen.com/collections/women/products/as24-70,"image_1_193_1.jpg, image_1_193_2.jpg, image_1_193_3.jpg"
Embroidered Shirt - PE24-91 - XS,"Rs. 4,820.00 Rs. 2,892.00","Capture the essence of timeless elegance with this embroidered shirt from the latest pret summer collection.
Product Detail
Embroidered Shirt 
Shirt
Round Neckline With Placket, Embroidered Front & Sleeves
Fabric: Cambric
Color: Pink
Note:
Product color may vary slightly due to photographic lighting sources or monitor settings.",https://nishatlinen.com/products/pe24-91,"image_1_194_1.jpg, image_1_194_2.jpg, image_1_194_3.jpg"
2 Piece - Jacquard Embroidered Suit - 42401752,"Rs. 7,180.00 Rs. 4,667.00","Add sophistication to your wardrobe with this jacquard embroidered two-piece from the latest unstitched summer collection.
Product Detail:
Shirt with Trousers
SHIRT
Jacquard Shirt: 3 Meter
2 Embroidered Motifs + Border
Fabric: Jacquard
Color: Black
TROUSERS
Solid Cambric Trousers: 2.5 Meter
Fabric: Cambric
Color: Black
Note:
Product color may slightly vary due to photographic lighting sources or your device settings.",https://nishatlinen.com/products/42401752,"image_1_195_1.jpg, image_1_195_2.jpg, image_1_195_3.jpg"
3 Piece - Jacquard Embroidered Suit - 42401927,"Rs. 8,720.00 Rs. 5,668.00","Delicate your look with this jacquard embroidered three-piece from the latest unstitched summer collection.
Product Detail:
Stencil Art Style Shirt with Dupatta and Trousers
SHIRT
Jacquard Shirt: 3 Meter
Embroidered Neckline + Border
Fabric: Jacquard
Color: Beige
DUPATTA
Digital Printed Zari Lawn Dupatta: 2.5 Meter
Fabric: Zari Lawn
Color: Beige
TROUSERS
Solid Cambric Trousers: 2.5 Meter
Fabric: Cambric
Color: Beige
Note:
Product color may slightly vary due to photographic lighting sources or your device settings.",https://nishatlinen.com/products/42401927,"image_1_196_1.jpg, image_1_196_2.jpg, image_1_196_3.jpg"
2 Piece - Printed Embroidered Suit - 42401950,"Rs. 5,640.00 Rs. 3,666.00","Preserve your beautiful memories by wearing this printed embroidered two-piece from the latest unstitched summer collection.
Product Detail:
Mughal Prints Style Shirt with Dupatta
SHIRT
Printed Super Fine Lawn Shirt: 3 Meter
Embroidered Front + Border
Fabric: Lawn
Color: Off White
DUPATTA
Digital Printed Silk Dupatta: 2.5 Meter
Fabric: Silk
Color: Off White
Note:
Product color may slightly vary due to photographic lighting sources or your device settings.",https://nishatlinen.com/products/42401950,"image_1_197_1.jpg, image_1_197_2.jpg, image_1_197_3.jpg"
2 Piece - Embroidered Suit - PE24-45 - XS,"Rs. 8,200.00 Rs. 4,920.00","Look and feel your best by wearing this embroidered two-piece suit from the latest pret summer collection.
Product Detail
Embroidered Shirt With Dupatta
Shirt
Band Neckline With Piping & Slit, Embroidered Front & Sleeves
Fabric: Gold Stripe Jacquard
Color: Brown
Dupatta
Fabric: Cambric
Color: Brown
Note:
Product color may vary slightly due to photographic lighting sources or monitor settings.",https://nishatlinen.com/products/pe24-45,"image_1_198_1.jpg, image_1_198_2.jpg, image_1_198_3.jpg"
2-Piece - Printed Suit  - PS24-314 - XS,"Rs. 4,890.00 Rs. 2,934.00","Make your day magnificent by wearing this printed two-piece suit from the latest pret summer collection. 
Product Detail
Printed Shirt With Trousers
Shirt
Round Neckline With Placket, Lace Detail At Sleeves Edges, Long Shirt
Fabric: Cambric
Color: Pink
Trousers
Printed Trousers
Fabric: Cambric
Color: Pink
Note:
Product color may vary slightly due to photographic lighting sources or monitor settings.",https://nishatlinen.com/products/ps24-314,"image_1_199_1.jpg, image_1_199_2.jpg, image_1_199_3.jpg"
Printed Dress - FE24-50 - XS,"Rs. 7,390.00 Rs. 4,434.00","Transform every moment into a timeless affair with this printed dress from the latest pret summer collection.  
Product Detail
Printed Dress
Dress
Round Neckline With Side Panels, Gathered Bell-Shaped Sleeves & Side Panels
Fabric: Cambric
Color: Olive Green
Note:
Product color may vary slightly due to photographic lighting sources or monitor settings.",https://nishatlinen.com/collections/women/products/fe24-50,"image_1_200_1.jpg, image_1_200_2.jpg, image_1_200_3.jpg"
1 Piece - Dyed Loose Fabric - 42402005-2 - Trouser / 2.5 / 2.5,Rs. 670.00 Rs. 436.00,"Look ravishing in this dyed one-piece from the latest freedom to buy summer collection.
Product Detail:
Trousers
TROUSERS
Trousers: 2.5 Meter (RS 650/-Mtr)
Fabric: Cambric
Color: Dark Aqua
Note:
Product color may slightly vary due to photographic lighting sources or your device settings.",https://nishatlinen.com/products/42402005-2,"image_1_201_1.jpg, image_1_201_2.jpg, image_1_201_3.jpg"
3 Piece - Embroidered Suit - 42402062,"Rs. 8,690.00 Rs. 5,648.50","Glance yourself in this embroidered three-piece from the latest unstitched summer collection.
Product Detail:
Embellished Vines Style Shirt with Dupatta and Trousers
SHIRT
Solid Slub Cambric Shirt: 3 Meter
Embroidered Front + Sleeves + Border
Fabric: Cambric
Color: Purple
DUPATTA
Digital Printed Slub Dupatta: 2.5 Meter
Fabric: Slub
Color: Purple
TROUSERS
Solid Cambric Trousers: 2.5 Meter
Fabric: Cambric
Color: Purple
Note:
Product color may slightly vary due to photographic lighting sources or your device settings.",https://nishatlinen.com/products/42402062,"image_1_202_1.jpg, image_1_202_2.jpg, image_1_202_3.jpg"
3 Piece - Embroidered Suit - PS24-321 - XS,"Rs. 8,290.00 Rs. 4,974.00","Escape to a world of enchanting beauty with this embroidered three-piece suit from the latest pret summer collection.
Product Detail
Embroidered Shirt With Dupatta & Trousers
Shirt
Round Neckline With Tie-Up Dorri & Tassels Detail, Embroidered Sleeves, Top Stitches Detail On Hem
Fabric: Cambric
Color: Maroon
Dupatta
Fabric: Chiffon
Color: Maroon
Trousers
Straight Trousers
Fabric: Cambric
Color: Maroon
Note:
Product color may vary slightly due to photographic lighting sources or monitor settings.",https://nishatlinen.com/collections/women/products/ps24-321,"image_1_203_1.jpg, image_1_203_2.jpg, image_1_203_3.jpg"
3 Piece - Digital Printed Embroidered Suit - 42401444,"Rs. 8,720.00 Rs. 5,668.00","Experience a stunning statement by wearing this digital printed embroidered three-piece from the latest unstitched summer collection.
Product Detail:
Floral Style Shirt with Dupatta and Trousers
SHIRT
Digital Printed Super Fine Grid Lawn Shirt: 3 Meter
Embroidered Motifs + Border
Fabric: Lawn
Color: Off White
DUPATTA
Digital Printed Super Fine Grid Lawn Dupatta: 2.5 Meter
Fabric: Lawn
Color: Off White
TROUSERS
Dyed Cambric Trousers: 2.5 Meter
Fabric: Cambric
Color: Off White
Note:
Product color may slightly vary due to photographic lighting sources or your device settings.",https://nishatlinen.com/collections/women/products/42401444,"image_1_204_1.jpg, image_1_204_2.jpg, image_1_204_3.jpg"
3 Piece - Digital Printed Loose Fabric - 42403316 - Dupatta / 2.5 / 2.5,Rs. 880.00 Rs. 572.00,"Look mesmerizing with this colorful three-piece from the latest freedom to buy summer collection.
Product Detail:
Ikkat Textures In Prints Style Shirt with Dupatta and Trousers 
SHIRT
Shirt: 3 Meter (RS 780/-Mtr)
Fabric: Lawn
Color: Multi
DUPATTA
Dupatta: 2.5 Meter (RS 800/-Mtr)
Fabric: Voile
Color: Multi 
TROUSERS
Trousers: 2.5 Meter (RS 680/-Mtr)
Fabric: Cambric
Color: Light Beige
Note:
Product color may slightly vary due to photographic lighting sources or your device settings.",https://nishatlinen.com/products/42403316,"image_1_205_1.jpg, image_1_205_2.jpg, image_1_205_3.jpg"
3 Piece - Printed Suit - 42401411,"Rs. 6,150.00 Rs. 3,997.50","Step into the spotlight of elegance by wearing this printed three-piece from the latest unstitched summer collection.
Product Detail:
Geometric Style Shirt with Dupatta and Trousers
SHIRT
Printed Super Fine Lawn: 3 Meter
Fabric: Lawn
Color: Charcoal Grey
DUPATTA
Digital Printed Banarsi Slub Dupatta: 2.5 Meter
Fabric: Banarsi Slub
Color: Charcoal Grey
TROUSERS
Printed Cambric Trousers: 2.5 Meter
Fabric: Cambric
Color: Charcoal Grey
Note:
Product color may slightly vary due to photographic lighting sources or your device settings.",https://nishatlinen.com/products/42401411,"image_1_206_1.jpg, image_1_206_2.jpg, image_1_206_3.jpg"
3 Piece - Printed Embroidered Suit - 42402064,"Rs. 8,720.00 Rs. 5,668.00","Command attention and leave a lasting impression with this printed embroidered three-piece from the latest unstitched summer collection.
Product Detail:
Embellished Motifs Style Shirt with Dupatta & Trousers
SHIRT
Printed Super Fine Lawn Shirt: 3 Meter
Embroidered Neckline + Motifs + Border 
Fabric: Lawn
Color: Black 
DUPATTA
Digital Printed Fancy Jacquard Dupatta: 2.5 Meter
Fabric: Jacquard
Color: Black
TROUSERS
Solid Cambric Trousers: 2.5 Meter
Fabric: Cambric
Color: Black
Note:
Product color may slightly vary due to photographic lighting sources or your device settings.",https://nishatlinen.com/products/42402064,"image_1_207_1.jpg, image_1_207_2.jpg, image_1_207_3.jpg"
2 Piece - Printed Embroidered Suit - 42401302,"Rs. 5,130.00 Rs. 3,334.50","Become the ultimate trendsetter with our stylish printed embroidered two-piece from the latest unstitched summer collection.
Product Detail:
Tie & Dye Patterns With Chunri Prints Style Shirt with Dupatta
SHIRT
Printed Super Fine Lawn Shirt: 3 Meter
Embroidered Motifs + Border
Fabric: Lawn
Color: Pink
DUPATTA
Digital Printed Crinkle Chiffon Dupatta: 2.5 Meter
Fabric: Crinkle Chiffon
Color: Multi
Note:
Product color may slightly vary due to photographic lighting sources or your device settings.",https://nishatlinen.com/collections/women/products/42401302,"image_1_208_1.jpg, image_1_208_2.jpg, image_1_208_3.jpg"
Embroidered Trousers - PS24-268 - XS,"Rs. 2,560.00 Rs. 1,536.00","Glance yourself in this attractively embroidered trousers from the latest pret summer collection.
Product Detail
Embroidered Trousers
Trousers
Loose Straight Trousers With Embroidered Hem
Fabric: Cambric
Color: Beige
Note:
Product color may vary slightly due to photographic lighting sources or monitor settings.",https://nishatlinen.com/collections/women/products/ps24-268,"image_1_209_1.jpg, image_1_209_2.jpg, image_1_209_3.jpg"
2 Piece - Printed Embroidered Suit - 42401622,"Rs. 5,130.00 Rs. 3,334.50","Make your day marvelous by wearing this printed embroidered two-piece from the latest unstitched summer collection.
Product Detail:
Abstract Textures In Prints Shirt with Dupatta
SHIRT
Printed Super Fine Lawn Shirt: 3 Meter
Embroidered Motifs + Borders
Fabric: Lawn
Color: Coral
DUPATTA
Digital Printed Crinkle Chiffon Dupatta: 2.5 Meter
Fabric: Crinkle Chiffon
Color: ﻿Coral
Note:
Product color may slightly vary due to photographic lighting sources or your device settings.",https://nishatlinen.com/products/42401622,"image_1_210_1.jpg, image_1_210_2.jpg, image_1_210_3.jpg"
3 Piece - Embroidered Suit - 42402062,"Rs. 8,690.00 Rs. 5,648.50","Glance yourself in this embroidered three-piece from the latest unstitched summer collection.
Product Detail:
Embellished Vines Style Shirt with Dupatta and Trousers
SHIRT
Solid Slub Cambric Shirt: 3 Meter
Embroidered Front + Sleeves + Border
Fabric: Cambric
Color: Purple
DUPATTA
Digital Printed Slub Dupatta: 2.5 Meter
Fabric: Slub
Color: Purple
TROUSERS
Solid Cambric Trousers: 2.5 Meter
Fabric: Cambric
Color: Purple
Note:
Product color may slightly vary due to photographic lighting sources or your device settings.",https://nishatlinen.com/collections/women/products/42402062,"image_1_211_1.jpg, image_1_211_2.jpg, image_1_211_3.jpg"
3 Piece - Printed Suit - 42402109,"Rs. 4,990.00 Rs. 3,992.00","Amaze yourself in this printed three-piece from the latest unstitched summer collection.
Product Detail:
Embroidered Stitches Style Shirt with Dupatta and Trousers
SHIRT
Printed Lawn Shirt: 3 Meter
Fabric: Lawn
Color: Pink
DUPATTA
Printed Doriya Dupatta: 2.5 Meter
Fabric: Doriya
Color: Carrot
TROUSERS
Solid Cambric Trousers: 2.5 Meter
Fabric: Cambric
Color: Pink
Note:
Product color may slightly vary due to photographic lighting sources or your device settings.",https://nishatlinen.com/collections/women/products/42402109,"image_1_212_1.jpg, image_1_212_2.jpg, image_1_212_3.jpg"
Printed Shirt - PS24-139 - XS,"Rs. 4,100.00 Rs. 2,460.00","Add a touch of glamour to your style with this contemporary printed shirt from the latest pret summer collection. 
Product Detail
Printed Shirt
Shirt
Round Neckline With Slit, Piping & Button Detail
Fabric: Lawn
Color: Mustard
Note:
Product color may vary slightly due to photographic lighting sources or monitor settings.",https://nishatlinen.com/products/ps24-139,"image_1_213_1.jpg, image_1_213_2.jpg, image_1_213_3.jpg"
3 Piece - Digital Printed Loose Fabric - 42403163 - Shirt / 3 / 3,Rs. 830.00 Rs. 540.00,"Mesmerize in this trendy digital printed three-piece from the latest freedom to buy summer collection.
Product Detail:
Ethnic Printed Style Shirt with Dupatta and Trousers
SHIRT
Shirt: 3 Meter (RS 750/-Mtr)
Fabric: Lawn
Color: Brown
DUPATTA
Dupatta: 2.5 Meter (RS 780/-Mtr)
Fabric: Voile
Color: Brown
TROUSERS
Trousers: 2.5 Meter (RS 650/-Mtr)
Fabric: Cambric
Color: Brown
Note:
Product color may slightly vary due to photographic lighting sources or your device settings.",https://nishatlinen.com/products/42403163,"image_1_214_1.jpg, image_1_214_2.jpg, image_1_214_3.jpg"
2 Piece - Printed Embroidered Suit - 42401765,"Rs. 5,130.00 Rs. 3,334.50","Try this most exhilarating design printed embroidered two-piece from the latest unstitched summer collection.
Product Detail:
Floral Print Style Shirt with Dupatta
SHIRT
Printed Super Fine Lawn Shirt: 3 Meter
Embroidered Border
Fabric: Lawn
Color: Light Orange
DUPATTA
Printed Crinkle Chiffon Dupatta: 2.5 Meter
Fabric: Crinkle Chiffon
Color: Light Orange
Note:
Product color may slightly vary due to photographic lighting sources or your device settings.",https://nishatlinen.com/products/42401765,"image_1_215_1.jpg, image_1_215_2.jpg, image_1_215_3.jpg"
3 Piece - Printed Suit - 42401480,"Rs. 6,150.00 Rs. 3,997.50","Make your day pleasingly memorable with this printed three-piece from the latest unstitched summer collection.
Product Detail:
Paisley Embroidery Patterns Style Shirt with Dupatta and Trousers
SHIRT
Printed Super Fine Lawn Shirt: 3 Meter
1 Lace: 1.25 Meter
1 Lace: 2.5 Meter
Fabric: Lawn
Color: Peach
DUPATTA
Digital Printed Crinkle Chiffon Dupatta: 2.5 Meter
Fabric: Crinkle Chiffon
Color: Peach
TROUSERS
Printed Cambric Trousers: 2.5 Meter
Fabric: Cambric
Color: Peach
Note:
Product color may slightly vary due to photographic lighting sources or your device settings.",https://nishatlinen.com/collections/women/products/42401480,"image_1_216_1.jpg, image_1_216_2.jpg, image_1_216_3.jpg"
2 Piece - Printed Embroidered Suit - 42401278,"Rs. 4,610.00 Rs. 2,996.50","Be the epitome of grace and sophistication with this printed embroidered two-piece from the latest unstitched summer collection.
Product Detail:
Floral Stem Silhouettes Style Shirt with Trousers
SHIRT
Printed Super Fine Lawn Shirt: 3 Meter
Embroidered Neckline + Border
Fabric: Lawn
Color: Pink
TROUSERS
Printed Cambric Trousers: 2.5 Meter
Fabric: Cambric
Color: Pink
Note:
Product color may slightly vary due to photographic lighting sources or your device settings.",https://nishatlinen.com/products/42401278,"image_1_217_1.jpg, image_1_217_2.jpg, image_1_217_3.jpg"
3 Piece - White & Gold Paste Printed Embroidered Suit - 42401893,"Rs. 8,720.00 Rs. 5,668.00","Elevate your wardrobe with white & gold paste printed embroidered three-piece from the latest unstitched summer collection.
Product Detail:
Decorative & Dori Style Motifs Style Shirt with Dupatta and Trousers
SHIRT
Gold & White Paste Printed Super Fine Lawn Shirt: 3 Meter
Embroidered Motifs +  Border
Fabric: Lawn
Color: Green
DUPATTA
Gold & White Paste Printed Lawn Dupatta: 2.5 Meter
Fabric: Lawn
Color: Green
TROUSERS
Dyed Cambric Trousers: 2.5 Meter
Fabric: Cambric
Color: ﻿Green
Note:
Product color may slightly vary due to photographic lighting sources or your device settings.",https://nishatlinen.com/collections/women/products/42401893,"image_1_218_1.jpg, image_1_218_2.jpg, image_1_218_3.jpg"
2 Piece - Printed Suit With Laces - 42401600,"Rs. 5,130.00 Rs. 3,334.50","Exude grace in this printed two-piece from the latest unstitched summer collection.
Product Detail:
Mughal Motifs With Tie & Dyes Textures Printed Style Shirt with Dupatta
SHIRT
Printed Super Fine Lawn Shirt: 3 Meter
1 Lace: 1.25 Meter
1 Lace: 2.5 Meter
Fabric: Lawn
Color: Pink
DUPATTA
Digital Printed Banarsi Slub Dupatta: 2.5 Meter
Fabric: Banarsi Slub
Color: ﻿Pink
Note:
Product color may slightly vary due to photographic lighting sources or your device settings.",https://nishatlinen.com/products/42401600,"image_1_219_1.jpg, image_1_219_2.jpg, image_1_219_3.jpg"
3 Piece - Gold Printed Embroidered Suit - 42401860,"Rs. 7,690.00 Rs. 4,998.50","Refresh your wardrobe with this gold printed embroidered three-piece from the latest unstitched summer collection.
Product Detail:
Ethnic Style Shirt with Dupatta and Trousers
SHIRT
Gold Paste Printed Super Fine Lawn Shirt: 3 Meter
Embroidered Neckline + Motifs
Fabric: Lawn
Color: Brown
DUPATTA
Gold Paste Printed Voile Dupatta: 2.5 Meter
Fabric: Voile
Color: Brown
TROUSERS
Solid Cambric Trousers: 2.5 Meter
Fabric: Cambric
Color: Brown
Note:
Product color may slightly vary due to photographic lighting sources or your device settings.",https://nishatlinen.com/products/42401860,"image_1_220_1.jpg, image_1_220_2.jpg, image_1_220_3.jpg"
3 Piece - Printed Embroidered Suit - 42401846,"Rs. 7,690.00 Rs. 4,998.50","Upgrade your evening outdoor look with our printed embroidered three-piece from the latest unstitched summer collection.
Product Detail:
Cross Stitch Patterns Style Shirt with Dupatta and Trousers
SHIRT
Printed Lawn Shirt: 3 Meter
Embroidered Motifs + Border
Fabric: Lawn
Color: Orange
DUPATTA
Digital Printed Zari Lawn Dupatta: 2.5 Meter
Fabric: Zari Lawn
Color: Orange
TROUSERS
Dyed Cambric Trousers: 2.5 Meter
Fabric: Cambric
Color: Off White
Note:
Product color may slightly vary due to photographic lighting sources or your device settings.",https://nishatlinen.com/products/42401846,"image_1_221_1.jpg, image_1_221_2.jpg, image_1_221_3.jpg"
Printed Shirt - PS24-147 - XS,"Rs. 3,590.00 Rs. 2,154.00","Elevate your wardrobe with a fashionable & trendy printed shirt from the latest pret summer collection.
Product Detail
Printed Shirt
Shirt
Button Details at Placket, Mix & Match Button Down Shirt
Fabric: Lawn
Color: Pink
Note:
Product color may vary slightly due to photographic lighting sources or monitor settings.",https://nishatlinen.com/collections/women/products/ps24-147,"image_1_222_1.jpg, image_1_222_2.jpg, image_1_222_3.jpg"
2 Piece - Printed Suit - AS24-90 - XS,"Rs. 5,340.00 Rs. 3,204.00","Go ahead and update your wardrobe with this printed two-piece suit from the latest pret summer collection.
Product Detail
Printed Tunic With Trousers
Tunic
Band Neckline With Placket, Printed Tunic
Fabric: Cambric
Color: Black
Trousers
Printed Straight Trousers
Fabric: Cambric
Color: Black
Note:
Product color may vary slightly due to photographic lighting sources or monitor settings.",https://nishatlinen.com/products/as24-90,"image_1_223_1.jpg, image_1_223_2.jpg, image_1_223_3.jpg"
3 Piece - Printed Suit - 42401936,"Rs. 7,180.00 Rs. 4,667.00","Make your day memorable with this graceful printed three-piece from the latest unstitched summer collection.
Product Detail:
Rug Motifs In Printed Form Shirt with Dupatta & Trousers
SHIRT
Printed Zari Lawn Shirt: 3 Meter
Fabric: Zari Lawn
Color: Black
DUPATTA
Digital Printed Zari Lawn Dupatta: 2.5 Meter
Fabric: Zari Lawn
Color: Black & Brown
TROUSERS
Printed Cambric Trousers: 2.5 Meter
Fabric: Cambric
Color: Black
Note:
Product color may slightly vary due to photographic lighting sources or your device settings.",https://nishatlinen.com/products/42401936,"image_1_224_1.jpg, image_1_224_2.jpg, image_1_224_3.jpg"
Embroidered Shirt - PE24-127 - XS,"Rs. 5,640.00 Rs. 3,384.00","Build your core wardrobe with this embroidered shirt from the latest pret summer collection.
Product Detail
Embroidered Shirt
Shirt
Band Neckline With Placket, Embroidered Placket, Sleeves & Back Panel
Fabric: Jacquard
Color: Off White
Note:
Product color may vary slightly due to photographic lighting sources or monitor settings.",https://nishatlinen.com/collections/women/products/pe24-127,"image_1_225_1.jpg, image_1_225_2.jpg, image_1_225_3.jpg"
2 Piece - Embroidered Suit - PE24-11 - XS,"Rs. 8,720.00 Rs. 5,232.00","Create a dreamy look with this embroidered two-piece suit from the latest pret summer collection. 
Product Detail
Embroidered Shirt With Trousers
Shirt
Round Neckline With Slit & Piping, Adda Detail On Placket, Top Stitches Detail On Sleeves, Embroidered Front
Fabric: Cambric
Color: Off White
Trousers
Embroidered Front & Trousers Hem
Fabric: Cambric
Color: Off White
Note:
Product color may vary slightly due to photographic lighting sources or monitor settings.",https://nishatlinen.com/collections/women/products/pe24-11,"image_1_226_1.jpg, image_1_226_2.jpg, image_1_226_3.jpg"
2 piece - Digital Printed Embroidered Suit - 42401739,"Rs. 5,130.00 Rs. 3,334.50","Get a stunning & fabulous blend of eye-catching by wearing this digital printed embroidered two-piece from the latest unstitched summer collection.
Product Detail:
Floral Prints Style Shirt with Trousers
SHIRT
Solid Cambric Shirt: 3 Meter
Embroidered Neckline
Fabric: Cambric
Color: Black
TROUSERS
Digital Printed Cambric Trousers: 2.5 Meter
Fabric: Cambric
Color: Black
Note:
Product color may slightly vary due to photographic lighting sources or your device settings.",https://nishatlinen.com/collections/women/products/42401739,"image_1_227_1.jpg, image_1_227_2.jpg, image_1_227_3.jpg"
3 Piece - Printed Embroidered Suit - 42401840,"Rs. 7,690.00 Rs. 4,998.50","Built up your look enlivened in this printed embroidered three-piece from the latest unstitched summer collection.
Product Detail:
Embroidered Style Motifs Style Shirt with Dupatta and Trousers
SHIRT
Printed Lawn Shirt: 3 Meter
Embroidered Motifs + Border
Fabric: Lawn
Color: Gold
DUPATTA
Digital Printed Zari Lawn Dupatta: 2.5 Meter
Fabric: Zari Lawn
Color: Gold
TROUSERS
Solid Cambric Trousers: 2.5 Meter
Fabric: Cambric
Color: Gold
Note:
Product color may slightly vary due to photographic lighting sources or your device settings.",https://nishatlinen.com/products/42401840,"image_1_228_1.jpg, image_1_228_2.jpg, image_1_228_3.jpg"
2 Piece - Printed Suit - 42401757,"Rs. 3,070.00 Rs. 1,995.50","Delicate your look with this printed two-piece from the latest unstitched summer collection.
Product Detail:
Abstract Shapes Prints Style Shirt with Trousers
SHIRT
Printed Super Fine Lawn Shirt: 3 Meter
Fabric: Lawn
Color: Black & Brown
TROUSERS
Printed Cambric Trousers: 2.5 Meter
Fabric: Cambric
Color: Black & Brown
Note:
Product color may slightly vary due to photographic lighting sources or your device settings.",https://nishatlinen.com/collections/women/products/42401757,"image_1_229_1.jpg, image_1_229_2.jpg, image_1_229_3.jpg"
2 Piece - Embroidered Suit - PE24-141 - XS,"Rs. 7,180.00 Rs. 4,308.00","Find the perfect look for you with this embroidered two-piece suit from the latest pret summer collection. 
Product Detail
Embroidered Shirt With Dupatta
Shirt
Band Neckline With Slit & Buttons Detail, Embroidered Front & Sleeves, Straight Shirt
Fabric: Lawn
Color: Tea Pink
Dupatta
Fabric: Cambric
Color: Tea Pink
Note:
Product color may vary slightly due to photographic lighting sources or monitor settings.",https://nishatlinen.com/collections/women/products/pe24-141,"image_1_230_1.jpg, image_1_230_2.jpg, image_1_230_3.jpg"
2 Piece - Embroidered Suit - PE24-88 - XS,"Rs. 6,660.00 Rs. 3,996.00","Get a modish look with this embroidered two-piece suit from the latest pret summer collection. 
Product Detail
Embroidered Shirt With Dupatta
Shirt
Round Neckline With Placket & Slit At Front, Embroidered Front & Sleeves
Fabric: Cambric
Color: Pastel Green
Dupatta
Fabric: Net
Color: Pastel Green
Note:
Product color may vary slightly due to photographic lighting sources or monitor settings.",https://nishatlinen.com/products/pe24-88,"image_1_231_1.jpg, image_1_231_2.jpg, image_1_231_3.jpg"
2 Piece - Printed Embroidered Suit - 42401622,"Rs. 5,130.00 Rs. 3,334.50","Make your day marvelous by wearing this printed embroidered two-piece from the latest unstitched summer collection.
Product Detail:
Abstract Textures In Prints Shirt with Dupatta
SHIRT
Printed Super Fine Lawn Shirt: 3 Meter
Embroidered Motifs + Borders
Fabric: Lawn
Color: Coral
DUPATTA
Digital Printed Crinkle Chiffon Dupatta: 2.5 Meter
Fabric: Crinkle Chiffon
Color: ﻿Coral
Note:
Product color may slightly vary due to photographic lighting sources or your device settings.",https://nishatlinen.com/collections/women/products/42401622,"image_1_232_1.jpg, image_1_232_2.jpg, image_1_232_3.jpg"
3 Piece - Printed Loose Fabric - 42403018 - Shirt / 3 / 3,Rs. 670.00 Rs. 436.00,"Indulge in sophistication as you drape yourself in this captivating printed three-piece from the latest freedom to buy summer collection.
Product Detail:
Floral Printed Style Shirt with Dupatta and Trousers
SHIRT
Shirt: 3 Meter (RS 730/-Mtr)
Fabric: Lawn
Color: Blue
DUPATTA
Dupatta: 2.5 Meter (RS 750/-Mtr)
Fabric: Voile
Color: Off White
TROUSERS
Trousers: 2.5 Meter (RS 650/-Mtr)
Fabric: Cambric
Color: Blue
Note:
Product color may slightly vary due to photographic lighting sources or your device settings.",https://nishatlinen.com/products/42403018,"image_1_233_1.jpg, image_1_233_2.jpg, image_1_233_3.jpg"
1 Piece - Printed Loose Fabric - 42403082 - Dupatta / 2.5 / 2.5,Rs. 670.00 Rs. 436.00,"Uplift your persona with the allure of our printed one-piece from the latest freedom to buy summer collection.
Product Detail:
Gradient Printed Style Dupatta
DUPATTA
Dupatta: 2.5 Meter (RS 750/-Mtr)
Fabric: Voile
Color: Yellow
Note:
Product color may slightly vary due to photographic lighting sources or your device settings",https://nishatlinen.com/collections/women/products/42403082,"image_1_234_1.jpg, image_1_234_2.jpg, image_1_234_3.jpg"
2 Piece - Printed Suit - PE24-401 - XS,"Rs. 4,570.00 Rs. 2,742.00","Style this elegantly designed printed two-piece suit from the latest pret summer collection. 
Product Detail
Printed Shirt With Trousers
Shirt
Collar Neckline, Straight Shirt
Fabric: Cambric
Color: Brown
Trousers
Straight Trousers
Fabric: Cambric
Color: Brown
Note:
Product color may vary slightly due to photographic lighting sources or monitor settings.",https://nishatlinen.com/products/pe24-401,"image_1_235_1.jpg, image_1_235_2.jpg, image_1_235_3.jpg"
3 Piece - Printed Embroidered Suit - 42402036,"Rs. 7,690.00 Rs. 4,998.50","Elevate your everyday style in our printed embroidered three-piece from the latest unstitched summer collection.
Product Detail:
Peony Flowers Style Shirt with Dupatta and Trousers
SHIRT
Printed Super Fine Lawn Shirt: 3 Meter
Embroidered Neckline + Border
Fabric: Lawn
Color: Green
DUPATTA
Digital Printed Crinkle Chiffon Dupatta: 2.5 Meter
Fabric: Crinkle Chiffon
Color: Green
TROUSERS
Solid Cambric Trousers: 2.5 Meter
Fabric: Cambric
Color: Green
Note:
Product color may slightly vary due to photographic lighting sources or your device settings.",https://nishatlinen.com/collections/women/products/42402036,"image_1_236_1.jpg, image_1_236_2.jpg, image_1_236_3.jpg"
3 Piece - Printed Embroidered Suit - 42401838,"Rs. 7,690.00 Rs. 4,998.50","Make a truly elegant statement in this printed embroidered three-piece from the latest unstitched summer collection.
Product Detail:
Floral Print Style Shirt with Dupatta and Trousers
SHIRT
Printed Lawn Shirt: 3 Meter
Embroidered Neckline + Border
Fabric: Lawn
Color: Light Grey
DUPATTA
Digital Printed Zari Lawn Dupatta: 2.5 Meter
Fabric: Zari Lawn
Color: Multi
TROUSERS
Solid Cambric Trousers: 2.5 Meter
Fabric: Cambric
Color: White
Note:
Product color may slightly vary due to photographic lighting sources or your device settings.",https://nishatlinen.com/products/42401838,"image_1_237_1.jpg, image_1_237_2.jpg, image_1_237_3.jpg"
1 Piece - Digital Printed Loose Fabric - 42403213 - Shirt / 3 / 3,Rs. 830.00 Rs. 540.00,"Elevate your modest wear wardrobe with this digital printed one-piece from the latest freedom to buy summer collection.
Product Detail:
Roses With Textures Printed Style Shirt 
SHIRT
Shirt: 3 Meter (RS 830/-Mtr)
Fabric: Dobby Check
Color: Peach

Note:
Product color may slightly vary due to photographic lighting sources or your device settings.",https://nishatlinen.com/collections/women/products/42403213,"image_1_238_1.jpg, image_1_238_2.jpg, image_1_238_3.jpg"
3 Piece - Printed Suit - 42402101,"Rs. 4,990.00 Rs. 3,992.00","Refresh your day with printed three-piece from the latest unstitched summer collection.
Product Detail:
Vintage Florals With Chicken Kari Patterns In Printed Form Shirt with Dupatta and Trousers
SHIRT
Printed Lawn Shirt: 3 Meter
Fabric: Lawn
Color: Green & Beige
DUPATTA
Printed Doriya Dupatta: 2.5 Meter
Fabric: Doriya
Color: Green & Beige
TROUSERS
Solid Cambric Trousers: 2.5 Meter
Fabric: Cambric
Color: Beige
Note:
Product color may slightly vary due to photographic lighting sources or your device settings.",https://nishatlinen.com/products/42402101,"image_1_239_1.jpg, image_1_239_2.jpg, image_1_239_3.jpg"
Embroidered Trousers - PE24-258 - XS,"Rs. 2,560.00 Rs. 1,536.00","Upgrade your wardrobe with this embroidered trousers from the latest pret summer collection.
Product Detail
Embroidered Trousers
Trousers
Loose Straight Trousers With Embroidered Hem
Fabric: Cambric
Color: White
Note:
Product color may vary slightly due to photographic lighting sources or monitor settings.",https://nishatlinen.com/collections/women/products/pe24-258,"image_1_240_1.jpg, image_1_240_2.jpg, image_1_240_3.jpg"
3 Piece - Paste Printed Embroidered Suit - 42401900,"Rs. 8,720.00 Rs. 5,668.00","Brighten up your wardrobe with our paste printed embroidered three-piece from the latest unstitched summer collection.
Product Detail:
Traditional Ethnic Prints Style Shirt with Dupatta and Trousers
SHIRT
Red Paste Printed Super Fine Lawn Shirt: 3 Meter
Embroidered Motifs + Border
Fabric: Lawn
Color: White
DUPATTA
Red Paste Printed Lawn Dupatta: 2.5 Meter
Fabric: Lawn
Color: White
TROUSERS
Dyed Cambric Trousers: 2.5 Meter
Fabric: Cambric
Color: ﻿White
Note:
Product color may slightly vary due to photographic lighting sources or your device settings.",https://nishatlinen.com/collections/women/products/42401900,"image_1_241_1.jpg, image_1_241_2.jpg, image_1_241_3.jpg"
3 Piece - Printed Embroidered Suit - 42401366,"Rs. 8,200.00 Rs. 5,330.00","Indulge in the magic of transformation with this printed embroidered three-piece from the latest unstitched summer collection.
Product Detail:
Ethnic Block Printed Style Shirt with Dupatta and Trousers
SHIRT
Printed Cambric Shirt: 3 Meter
Embroidered Neckline + Border
Fabric: Cambric
Color: Blue
DUPATTA
Block Printed Khadi Silk Dupatta: 2.5 Meter
Fabric: Khadi Silk
Color: Blue
TROUSERS
Dyed Cambric Trousers: 3 Meter
Fabric: Cambric
Color: Blue
Note:
Product color may slightly vary due to photographic lighting sources or your device settings.",https://nishatlinen.com/collections/women/products/42401366,"image_1_242_1.jpg, image_1_242_2.jpg, image_1_242_3.jpg"
2 Piece - Embroidered Suit - PE24-38 - XL,"Rs. 6,660.00 Rs. 3,996.00","Look and feel your best by wearing this embroidered two-piece suit from the latest pret summer collection.
Product Detail
Embroidered Shirt With Dupatta
Shirt
Band Neckline With Placket, Embroidered Neckline & Sleeves
Fabric: Cambric
Color: Peach
Dupatta
Fabric: Net
Color: Peach
Note:
Product color may vary slightly due to photographic lighting sources or monitor settings.",https://nishatlinen.com/collections/women/products/pe24-38,"image_1_243_1.jpg, image_1_243_2.jpg, image_1_243_3.jpg"
3 Piece - Embroidered Suit - 42402057,"Rs. 8,690.00 Rs. 5,648.50","Make your catchy with this wonderful embroidered three-piece from the latest unstitched summer collection.
Product Detail:
Mughal Style Shirt with Dupatta and Trousers
SHIRT
Solid Slub Cambric Shirt: 3 Meter
Embroidered Front + Motifs
Fabric: Cambric
Color: Pink
DUPATTA
Digital Printed Slub Dupatta: 2.5 Meter
Fabric: Slub
Color: Pink
TROUSERS
Solid Cambric Trousers: 2.5 Meter
Fabric: Cambric
Color: Pink
Note:
Product color may slightly vary due to photographic lighting sources or your device settings.",https://nishatlinen.com/collections/women/products/42402057,"image_1_244_1.jpg, image_1_244_2.jpg, image_1_244_3.jpg"
3 Piece - Printed Suit - 42401664,"Rs. 5,640.00 Rs. 3,666.00","Refresh your wardrobe with this printed three-piece from the latest unstitched summer collection.
Product Detail:
Floral Printed Style Style Shirt with Dupatta and Trousers
SHIRT
Printed Super Fine Lawn Shirt: 3 Meter
Fabric: Lawn
Color: Pink
DUPATTA
Digital Printed Muzlin Dupatta: 2.5 Meter
Fabric: Muzlin
Color: Pink
TROUSERS
Dyed Cambric Trousers: 2.5 Meter
Fabric: Cambric
Color: ﻿Pink
Note:
Product color may slightly vary due to photographic lighting sources or your device settings.",https://nishatlinen.com/products/42401664,"image_1_245_1.jpg, image_1_245_2.jpg, image_1_245_3.jpg"
3 Piece - Printed Embroidered Suit - 42401560,"Rs. 8,720.00 Rs. 5,668.00","Capture understated glamour and stun with this digital printed embroidered three-piece from the latest unstitched summer collection.
Product Detail:
Rainbow Effect With Gotta Lines Style Shirt with Dupatta and Trousers
SHIRT
Digital Printed Zari Lawn Shirt: 3 Meter
Embroidered Neckline + Border
Fabric: Lawn
Color: Purple
DUPATTA
Digital Printed Zari Lawn Dupatta: 2.5 Meter
Fabric: Lawn
Color: Multi
TROUSERS
Dyed Cambric Trousers: 2.5 Meter
Fabric: Cambric
Color: Purple
Note:
Product color may slightly vary due to photographic lighting sources or your device settings.",https://nishatlinen.com/products/42401560,"image_1_246_1.jpg, image_1_246_2.jpg, image_1_246_3.jpg"
3 Piece - Printed Embroidered Suit - 42405030,"Rs. 8,720.00 Rs. 5,668.00","Create an eye-catching look by wearing this printed embroidered three-piece from the latest summer collection.
Product Detail:
Shirt with Dupatta and Trousers
SHIRT
Digital Printed Super Fine Lawn Shirt: 3.2 Meter
Embroidered Front + Embroidered Patch Sleeves: 1 Mtr
Fabric: Lawn
Color: Sage
Note: Embroidered Border Used at Side Panel Not Part in Accessories.
DUPATTA
Embroidered Organza Dupatta: 2.6 Meter
Fabric: Organza
Color: Tea Pink
TROUSERS
Dyed Cambric Trousers: 2.5 Meter
Fabric: Cambric
Color: Sage
Note:
Product color may slightly vary due to photographic lighting sources or your device settings.",https://nishatlinen.com/collections/women/products/42405030,"image_1_247_1.jpg, image_1_247_2.jpg, image_1_247_3.jpg"
2 Piece - Embroidered Loose Fabric - 42402002 - Shirt Front + Sleeves / 2 / 2,Rs. 436.00 - Rs. 663.00,"Strut in style with this embroidered two-piece from the latest freedom to buy summer collection.
Product Detail:
Shirt & Trousers 
Measurements: 
Shirt Front + Sleeves Fabric: 2 Meter (RS 1750/-Mtr)
Shirt Back + Trousers Fabric: 3.75 Meter (RS 650/-Mtr)
Fabric: Cambric
Color: Sage Green
Note:
Product color may slightly vary due to photographic lighting sources or your device settings.",https://nishatlinen.com/collections/women/products/42402002,"image_1_248_1.jpg, image_1_248_2.jpg, image_1_248_3.jpg"
Embroidered Tunic - PS24-101 - XS,"Rs. 4,300.00 Rs. 2,580.00","Upgrade your style by wearing this embroidered tunic from the latest pret summer collection.
Product Detail
Embroidered Tunic
Tunic
Round Neckline With V Slit, Embroidered Neckline & Sleeves, A-Line Tunic
Fabric: Cambric
Color: Blue
Note:
Product color may vary slightly due to photographic lighting sources or monitor settings.",https://nishatlinen.com/collections/women/products/ps24-101,"image_1_249_1.jpg, image_1_249_2.jpg, image_1_249_3.jpg"
3 Piece - Printed Embroidered Suit - 42401701,"Rs. 7,690.00 Rs. 4,998.50","Make a grand entry in your event with a printed embroidered three-piece from the latest unstitched summer collection.
Product Detail:
Ethnic Prints Style Shirt with Dupatta and Trousers
SHIRT
Printed Super Fine Lawn Shirt: 3 Meter
Embroidered Neckline + 2 Borders
Fabric: Lawn
Color: Mustard
DUPATTA
Printed Voile Dupatta: 2.5 Meter
Fabric: Voile
Color: Mustard
TROUSERS
Printed Cambric Trousers: 2.5 Meter
Fabric: Cambric
Color: ﻿Mustard
Note:
Product color may slightly vary due to photographic lighting sources or your device settings.",https://nishatlinen.com/collections/women/products/42401701,"image_1_250_1.jpg, image_1_250_2.jpg, image_1_250_3.jpg"
2 Piece - Printed Embroidered Suit - PS24-303 - XS,"Rs. 5,130.00 Rs. 3,078.00","Embrace glamour & shine like a star with this printed embroidered two-piece suit from the latest pret summer collection.
Product Detail
Printed Embroidered Shirt With Trousers
Shirt
High V Neckline, Embroidered Sleeves Edges, Straight Shirt
Fabric: Cambric
Color: Sea Green
Trousers
Printed Straight Fitted Trousers
Fabric: Cambric
Color: Sea Green
Note:
Product color may vary slightly due to photographic lighting sources or monitor settings.",https://nishatlinen.com/collections/women/products/ps24-303,"image_1_251_1.jpg, image_1_251_2.jpg, image_1_251_3.jpg"
1 Piece - Printed Loose Fabric - 42403288 - Shirt / 3 / 3,Rs. 455.00 - Rs. 527.00,"Embrace elegance with the delicate beauty of this printed one-piece from the latest freedom to buy summer collection.
Product Detail:
Sunflowers With Vector Vines Printed Style Shirt
SHIRT
Shirt: 3 Meter (RS 850/-Mtr)
Fabric: Dobby Lawn
Color: Black
Note:
Product color may slightly vary due to photographic lighting sources or your device settings.",https://nishatlinen.com/products/42403288,"image_1_252_1.jpg, image_1_252_2.jpg, image_1_252_3.jpg"
2 Piece - Printed Embroidered Suit - 42401945,"Rs. 5,640.00 Rs. 3,666.00","Attract special attention by wearing this printed embroidered two-piece from the latest unstitched summer collection.
Product Detail:
Embroidered Style Floral Bunches Shirt with Dupatta
SHIRT
Printed Super Fine Lawn  Shirt: 3 Meter
Embroidered Front + Border
Fabric: Lawn
Color: Black
DUPATTA
Digital Printed Silk Dupatta: 2.5 Meter
Fabric: Silk
Color: Black & Magenta
Note:
Product color may slightly vary due to photographic lighting sources or your device settings.",https://nishatlinen.com/products/42401945,"image_1_253_1.jpg, image_1_253_2.jpg, image_1_253_3.jpg"
2 Piece - Printed Suit - 42402187,"Rs. 2,990.00 Rs. 1,943.50","Elevate your style with this printed two-piece from the latest unstitched summer collection.
Product Detail:
Abstract Floral Printed Style Shirt with Trousers
SHIRT
Printed Cambric Shirt: 3 Meter
Fabric: Cambric
Color: Yellow
TROUSERS
Printed Cambric Trousers: 2.5 Meter
Fabric: Cambric
Color: Yellow
Note:
Product color may slightly vary due to photographic lighting sources or your device settings.",https://nishatlinen.com/products/42402187,"image_1_254_1.jpg, image_1_254_2.jpg, image_1_254_3.jpg"
Embroidered Tunic - PS24-82 - XS,"Rs. 3,790.00 Rs. 2,274.00","Add glamour to your look instantly with this embroidered tunic from the latest pret summer collection.
Product Detail
Embroidered Tunic
Tunic
Collar Neckline With Adda Work On Placket, Front Pleat Detail, Embroidered Tunic
Fabric: Cambric
Color: Beige
Note:
Product color may vary slightly due to photographic lighting sources or monitor settings.",https://nishatlinen.com/collections/women/products/ps24-82,"image_1_255_1.jpg, image_1_255_2.jpg, image_1_255_3.jpg"
2 Piece - Printed Suit - PS24-333 - XS,"Rs. 6,190.00 Rs. 3,714.00","Add a fashion-forward vibe to your everyday look with this printed two-piece suit from the latest pret summer collection. 
Product Detail
Printed Shirt With Dupatta
Shirt
Round Neckline With Slit, Lace Detail On Sleeves Edges, Straight Shirt
Fabric: Lawn
Color: Multi
Dupatta
Printed Dupatta
Fabric: Voile
Color: Pink
Note:
Product color may vary slightly due to photographic lighting sources or monitor settings.",https://nishatlinen.com/collections/women/products/ps24-333,"image_1_256_1.jpg, image_1_256_2.jpg, image_1_256_3.jpg"
2 Piece - Printed Suit - PS24-307 - XS / S,"Rs. 4,820.00 Rs. 2,892.00","Add a touch of magic and glamour to your wardrobe with this printed two-piece suit from the latest pret summer collection.
Product Detail
Printed Shirt With Trousers
Shirt
V Neckline, Short Cuffed Sleeves, Length Variation, Boxy Loose Shirt
Fabric: Cambric
Color: Off White
Trousers
Straight Trousers
Fabric: Cambric
Color: Off White
Note:
Product color may vary slightly due to photographic lighting sources or monitor settings.",https://nishatlinen.com/products/ps24-307,"image_1_257_1.jpg, image_1_257_2.jpg, image_1_257_3.jpg"
Embroidered Shirt - PS24-326 - XS,"Rs. 4,690.00 Rs. 2,814.00","Exude grace by wearing this embroidered shirt from the latest pret summer collection.
Product Detail
Embroidered Shirt
Shirt
Band Neckline With Placket, Embellishment & Pintucks Detail On Sleeves Edges, Embroidered Front, Long Paneled Shirt
Fabric: Cambric
Color: Beige
Note:
Product color may vary slightly due to photographic lighting sources or monitor settings.",https://nishatlinen.com/collections/women/products/ps24-326,"image_1_258_1.jpg, image_1_258_2.jpg, image_1_258_3.jpg"
3 Piece - Digital & Paste Printed Embroidered Suit - 42401922,"Rs. 13,850.00 Rs. 9,002.50","Keep your look ever classy by wearing this digital & paste printed embroidered three-piece from the latest unstitched summer collection.
Product Detail:
Style Shirt with Dupatta and Trousers
SHIRT
Schiffli Embroidered Printed Cambric Front & Back: 2 Meter
Schiffli Embroidered Printed Cambric Sleeves: 0.6 Meter
Fabric: Cambric
Color: Black & Off White
DUPATTA
Digital Printed Chicken Kari Dupatta: 2.5 Meter
Fabric: Chicken Kari
Color: Black & Off White
TROUSERS
White Paste Printed Cambric Trousers: 2.5 Meter
Fabric: Cambric
Color: Black
Note:
Product color may slightly vary due to photographic lighting sources or your device settings",https://nishatlinen.com/products/42401922,"image_1_259_1.jpg, image_1_259_2.jpg, image_1_259_3.jpg"
1 Piece - Dyed Loose Fabric - 42402013-1 - Shirt / 3 / 3,Rs. 670.00 Rs. 436.00,"Enter into a summer wonderland with this dyed one-piece from the latest freedom to buy summer collection.
Product Detail:
Shirt
SHIRT
Shirt: 3 Meter (RS 650/-Mtr)
Fabric: Cambric
Color: Light Tea Pink
Note:
Product color may slightly vary due to photographic lighting sources or your device settings.",https://nishatlinen.com/products/42402013-1,"image_1_260_1.jpg, image_1_260_2.jpg, image_1_260_3.jpg"
2 Piece - Printed Suit - 42401094,"Rs. 4,610.00 Rs. 2,996.50","Radiate effortless elegance in this adorable printed two-piece from the latest unstitched summer collection.
Product Detail:
Geometric Patterns With Stencil Floral Motifs In Printed Form Shirt with Dupatta
SHIRT
Printed Super Fine Lawn Shirt: 3 Meter
Fabric: Lawn
Color: Orange
DUPATTA
Digital Printed Crinkle Chiffon Dupatta: 2.5 Meter
Fabric: Crinkle Chiffon
Color: ﻿Orange
Note:
Product color may slightly vary due to photographic lighting sources or your device settings.",https://nishatlinen.com/products/42401094,"image_1_261_1.jpg, image_1_261_2.jpg, image_1_261_3.jpg"
3 Piece - Printed Embroidered Suit - 42401706,"Rs. 7,690.00 Rs. 4,998.50","Look stylish with our daily wear printed embroidered three-piece from the latest unstitched summer collection.
Product Detail:
Ethnic Style Shirt with Dupatta and Trousers
SHIRT
Printed Super Fine Lawn Shirt: 3 Meter
Embroidered Neckline + Motifs + Border
Fabric: Lawn
Color: Red
DUPATTA
Printed Voile Dupatta: 2.5 Meter
Fabric: Voile
Color: Off White
TROUSERS
Printed Cambric Trousers: 2.5 Meter
Fabric: Cambric
Color: ﻿Red
Note:
Product color may slightly vary due to photographic lighting sources or your device settings.",https://nishatlinen.com/products/42401706,"image_1_262_1.jpg, image_1_262_2.jpg, image_1_262_3.jpg"
3 Piece - Printed Embroidered Suit - 42401643,"Rs. 9,740.00 Rs. 6,331.00","Build your core wardrobe with this printed embroidered three-piece from the latest unstitched summer collection.
Product Detail:
Foliage Prints Style Shirt with Dupatta and Trousers
SHIRT
Solid Cambric Shirt: 3 Meter
Embroidered Front + Motifs + Border
Fabric: Cambric
Color: Powder Pink
DUPATTA
Digital Printed Brochia Dupatta: 2.5 Meter
Fabric: Brochia
Color: Powder Pink & Green
TROUSERS
Printed Cambric Trousers: 2.5 Meter
Fabric: Cambric
Color: Powder Pink
Note:
Product color may slightly vary due to photographic lighting sources or your device settings.",https://nishatlinen.com/collections/women/products/42401643,"image_1_263_1.jpg, image_1_263_2.jpg, image_1_263_3.jpg"
2 piece - Digital Printed Embroidered Suit - 42401738,"Rs. 5,130.00 Rs. 3,334.50","Get a stunning & fabulous blend of eye-catching by wearing this digital printed embroidered two-piece from the latest unstitched summer collection.
Product Detail:
Floral Prints Style Shirt with Trousers
SHIRT
Digital Printed Cambric Shirt: 3 Meter
3 Embroidered Motifs
Fabric: Cambric
Color: Red
TROUSERS
Solid Cambric Trousers: 2.5 Meter
Fabric: Cambric
Color: Red
Note:
Product color may slightly vary due to photographic lighting sources or your device settings.",https://nishatlinen.com/products/42401738,"image_1_264_1.jpg, image_1_264_2.jpg, image_1_264_3.jpg"
2 Piece - Embroidered Suit - PE24-93 - XS,"Rs. 7,690.00 Rs. 4,614.00","Level up your casual look by wearing this embroidered two-piece suit from the latest pret summer collection. 
Product Detail
Embroidered Shirt With Dupatta
Shirt
Band Neckline With Placket, Embroidered Neckline & Sleeves
Fabric: Cambric
Color: Black
Dupatta
Fabric: Yarn Dyed Jacquard
Color: Black
Note:
Product color may vary slightly due to photographic lighting sources or monitor settings.",https://nishatlinen.com/products/pe24-93,"image_1_265_1.jpg, image_1_265_2.jpg, image_1_265_3.jpg"
3 Piece - Printed Suit - 42401884,"Rs. 5,640.00 Rs. 3,666.00","Get a sober look by wearing this printed three-piece from the latest unstitched summer collection.
Product Detail:
Embellished Printed Style Shirt with Dupatta and Trousers
SHIRT
Printed Super Fine Lawn Shirt: 3 Meter
Fabric: Lawn
Color: Green
DUPATTA
Digital Printed Muzlin Dupatta: 2.5 Meter
Fabric: Muzlin
Color: Green
TROUSERS
Solid Cambric Trousers: 2.5 Meter
Fabric: Cambric
Color: Green
Note:
Product color may slightly vary due to photographic lighting sources or your device settings.",https://nishatlinen.com/products/42401884,"image_1_266_1.jpg, image_1_266_2.jpg, image_1_266_3.jpg"
2-Piece - Printed Embroidered Suit  - PS24-294 - XS,"Rs. 4,890.00 Rs. 2,934.00","Make your day magnificent by wearing this printed embroidered two-piece suit from the latest pret summer collection.
Product Detail
Printed Embroidered Shirt With Trousers
Shirt
Band Neckline With Placket, Embroidered Sleeves Edges, Printed Shirt 
Fabric: Cambric
Color: Navy
Trousers
Printed Straight Trousers
Fabric: Cambric
Color: Navy
Note:
Product color may vary slightly due to photographic lighting sources or monitor settings.",https://nishatlinen.com/collections/women/products/ps24-294,"image_1_267_1.jpg, image_1_267_2.jpg, image_1_267_3.jpg"
2 Piece - Embroidered Suit - PS24-114 - S,"Rs. 9,230.00 Rs. 5,538.00","Indulge in a world of sheer enchantment with this embroidered two-piece suit from the latest pret summer collection.
Product Detail
Embroidered Shirt With Dupatta
Shirt
Round Neckline With Slit & Tassels Detail, Embroidered Sleeves & Hem, Embroidered Shirt
Fabric: Cambric
Color: Pink
Dupatta
Fabric: Poly Stripe
Color: Pink
Note:
Product color may vary slightly due to photographic lighting sources or monitor settings.",https://nishatlinen.com/products/ps24-114,"image_1_268_1.jpg, image_1_268_2.jpg, image_1_268_3.jpg"
2 Piece - Embroidered Suit - PS24-122 - XS,"Rs. 6,190.00 Rs. 3,714.00","Radiate positivity and vibrancy in this embroidered two-piece suit from the latest pret summer collection.
Product Detail
Embroidered Shirt With Trousers
Shirt
Round Neckline With V Slit, Embroidered Front & Sleeves Edges
Fabric: Cambric
Color: Yellow
Trousers
Straight Trousers
Fabric: Cambric
Color: Yellow
Note:
Product color may vary slightly due to photographic lighting sources or monitor settings.",https://nishatlinen.com/products/ps24-122,"image_1_269_1.jpg, image_1_269_2.jpg, image_1_269_3.jpg"
3 Piece - Printed Loose Fabric - 42403157 - Shirt / 3 / 3,Rs. 830.00 Rs. 540.00,"Indulge in a world of sheer enchantment with this printed three-piece from the latest freedom to buy summer collection.
Product Detail:
Block Print Style Ethnic Motifs Printed Style Shirt with Dupatta and Trousers
SHIRT
Shirt: 3 Meter (RS 730/-Mtr)
Fabric: Lawn
Color: Burgandy
DUPATTA
Dupatta: 2.5 Meter (RS 750/-Mtr)
Fabric: Voile
Color: Burgandy
TROUSERS
Trousers: 2.5 Meter (RS 650/-Mtr)
Fabric: Cambric
Color: Burgandy
Note:
Product color may slightly vary due to photographic lighting sources or your device settings.",https://nishatlinen.com/collections/women/products/42403157,"image_1_270_1.jpg, image_1_270_2.jpg, image_1_270_3.jpg"
3 Piece - Printed Embroidered Suit - 42401154,"Rs. 7,180.00 Rs. 4,667.00","Craft your innate style with the printed embroidered three-piece from the latest unstitched summer collection.
Product Detail:
Floral Jaal Prints Style Shirt with Dupatta and Trousers
SHIRT
Printed Super Fine Lawn Shirt: 3 Meter
Embroidered Motifs + Border 
Fabric: Lawn
Color: Burnt Orange & Off White
DUPATTA
Digital Printed Emboss Chiffon Dupatta: 2.5 Meter
Fabric: Chiffon
Color: Burnt Orange
TROUSERS
Dyed Cambric Trousers: 2.5 Meter
Fabric: Cambric
Color: Off White
Note:
Product color may slightly vary due to photographic lighting sources or your device settings.",https://nishatlinen.com/products/42401154,"image_1_271_1.jpg, image_1_271_2.jpg, image_1_271_3.jpg"
2 Piece - Embroidered Suit - PS24-111 - XS,"Rs. 6,690.00 Rs. 4,014.00","Radiate positivity and vibrancy in this embroidered two-piece suit from the latest pret summer collection.
Product Detail
Embroidered Shirt With Trousers
Shirt
Round Neckline With Placket, Pleated Front, Top Stitches Detail On Neckline & Sleeves, Embroidered Neckline
Fabric: Cambric
Color: Ocean
Trousers
Embroidered Trousers
Fabric: Cambric
Color: Ocean
Note:
Product color may vary slightly due to photographic lighting sources or monitor settings.",https://nishatlinen.com/products/ps24-111,"image_1_272_1.jpg, image_1_272_2.jpg, image_1_272_3.jpg"
PS24-381-Basic Tights - XS,"Rs. 1,430.00 Rs. 1,144.00","Look your best by wearing this basic tights from the latest summer collection to pair with any dress.
Product Detail
Basic Tights
Tights
Fabric: Cotton
Color: White

Note:
Product color may slightly vary due to photographic lighting sources or your device settings",https://nishatlinen.com/products/ps24-381,image_1_273_1.jpg
3 Piece - Digital Printed Embroidered Suit - 42401791,"Rs. 8,200.00 Rs. 5,330.00","Delicate your look with this digital printed embroidered three-piece from the latest unstitched summer collection.
Product Detail:
Floral With Stripes Style Shirt with Dupatta and Trousers
SHIRT
Digital Printed Super Fine Lawn Shirt: 3 Meter
2 Embroidered Motifs + Border
Fabric: Lawn
Color: Black
DUPATTA
Digital Printed Silk Dupatta: 2.5 Meter
Fabric: Silk
Color: Black & White
TROUSERS
Solid Cambric Trousers: 2.5 Meter
Fabric: Cambric
Color: Black
Note:
Product color may slightly vary due to photographic lighting sources or your device settings.",https://nishatlinen.com/products/42401791,"image_1_274_1.jpg, image_1_274_2.jpg, image_1_274_3.jpg"
3 Piece - Printed Loose Fabric - 42403039 - Shirt / 3 / 3,Rs. 670.00 Rs. 436.00,"Revamp your wardrobe with this printed three-piece from the latest freedom to buy summer collection.
Product Detail:
Ethnic Mughal Collage Printed Style Shirt with Dupatta and Trousers
SHIRT
Shirt: 3 Meter (RS 730/-Mtr)
Fabric: Lawn
Color: Green
DUPATTA
Dupatta: 2.5 Meter (RS 750/-Mtr)
Fabric: Voile
Color: Green
Note: Fabric used in shoot for gown is dupatta fabric
TROUSERS
Trousers: 2.5 Meter (RS 690/-Mtr)
Fabric: Cambric
Color: ﻿Green
Note:
Product color may slightly vary due to photographic lighting sources or your device settings.",https://nishatlinen.com/collections/women/products/42403039,"image_1_275_1.jpg, image_1_275_2.jpg, image_1_275_3.jpg"
2 Piece - Embroidered Suit - PE24-08 - XS,"Rs. 7,180.00 Rs. 4,308.00","Look and feel your best by wearing this embroidered two-piece suit from the latest pret summer collection.
Product Detail
Embroidered Shirt With Trousers
Shirt
Round Neckline With Piping & Slit, Embroidered Neckline & Sleeves Openings
Fabric: Cambric
Color: Off White
Trousers
Embroidered Hem
Fabric: Cambric
Color: Off White
Note:
Product color may vary slightly due to photographic lighting sources or monitor settings.",https://nishatlinen.com/collections/women/products/pe24-08,"image_1_276_1.jpg, image_1_276_2.jpg, image_1_276_3.jpg"
2 Piece - Printed Embroidered Suit - 42401573,"Rs. 5,130.00 Rs. 3,334.50","Exude grace with this printed embroidered two-piece from the latest unstitched summer collection.
Product Detail:
Polka Dots With Stitch Effect Motifs Prints Style Shirt with Dupatta
SHIRT
Printed Super Fine Lawn Shirt: 3 Meter
2 Embroidered Borders
Fabric: Lawn
Color: Beige
DUPATTA
Digital Printed Muzlin Dupatta: 2.5 Meter
Fabric: Muzlin
Color: Black
Note:
Product color may slightly vary due to photographic lighting sources or your device settings.",https://nishatlinen.com/products/42401573,"image_1_277_1.jpg, image_1_277_2.jpg, image_1_277_3.jpg"
2 Piece - Printed Suit - 42401959,"Rs. 2,870.00 Rs. 1,865.50","Collect unique stuff to your wardrobe with printed two-piece from the latest unstitched summer collection.
Product Detail:
Block Printed Style Shirt with Trousers
SHIRT
Printed Super Fine Lawn Shirt: 3 Meter
Fabric: Lawn
Color: Off White
TROUSERS
Solid Cambric Trousers: 2.5 Meter
Fabric: Cambric
Color: Off White
Note:
Product color may slightly vary due to photographic lighting sources or your device settings.",https://nishatlinen.com/products/42401959,"image_1_278_1.jpg, image_1_278_2.jpg, image_1_278_3.jpg"
1 Piece - Digital Printed Loose Fabric - 42403389 - Shirt / 3 / 3,Rs. 830.00 Rs. 540.00,"Uncover the elegance of our digital printed one-piece from the latest freedom to buy summer collection.
Product Detail:
Chevrons Printed Style Shirt 
SHIRT
Shirt: 3 Meter (RS 830/-Mtr)
Fabric: Dobby Lawn
Color: Black & Off White

Note:
Product color may slightly vary due to photographic lighting sources or your device settings.",https://nishatlinen.com/collections/women/products/42403389,"image_1_279_1.jpg, image_1_279_2.jpg, image_1_279_3.jpg"
2 Piece - Printed Suit - PE24-351 - XS / S,"Rs. 4,570.00 Rs. 2,742.00","Dress yourself in this finest printed two-piece suit from the latest pret summer collection. 
Product Detail
Printed Shirt With Trousers
Shirt
Band Neckline With Buttons Detail On Placket
Fabric: Cambric
Color: Skin
Trousers
Printed Loose Straight Trousers
Fabric: Cambric
Color: Skin
Note:
Product color may vary slightly due to photographic lighting sources or monitor settings.",https://nishatlinen.com/collections/women/products/pe24-351,"image_1_280_1.jpg, image_1_280_2.jpg, image_1_280_3.jpg"
1 Piece - Digital Printed Loose Fabric - 42403281 - Shirt / 3 / 3,Rs. 880.00 Rs. 572.00,"Look mesmerizing with this colorful digital Printed one-piece from the latest freedom to buy summer collection.
Product Detail:
Multi Colored Roses Printed Style Shirt
SHIRT
Shirt: 3 Meter (RS 850/-Mtr)
Fabric: Dobby Lawn
Color: Multi
Note:
Product color may slightly vary due to photographic lighting sources or your device settings.",https://nishatlinen.com/collections/women/products/42403281,"image_1_281_1.jpg, image_1_281_2.jpg, image_1_281_3.jpg"
2 Piece - Printed Embroidered Suit - 42402082,"Rs. 3,990.00 Rs. 2,593.50","Look famous with this printed embroidered two-piece from the latest unstitched summer collection.
Product Detail:
Embroidered Patterns Style Shirt with Trousers
SHIRT
Printed Cambric Shirt: 3 Meter
Embroidered Neckline + Border
Fabric: Cambric
Color: Deep Blue
TROUSERS
Printed Cambric Trousers: 2.5 Meter
Fabric: Cambric
Color: Deep Blue
Note:
Product color may slightly vary due to photographic lighting sources or your device settings.",https://nishatlinen.com/collections/women/products/42402082,"image_1_282_1.jpg, image_1_282_2.jpg, image_1_282_3.jpg"
3 Piece - Digital Printed Loose Fabric - 42403320 - Shirt / 3 / 3,Rs. 880.00 Rs. 572.00,"Feel the joy of life in digital printed three-piece from the latest freedom to buy summer collection.
Product Detail:
Embroidered Style Florals in Prints Style Shirt with Dupatta and Trousers 
SHIRT
Shirt: 3 Meter (RS 780/-Mtr)
Fabric: Lawn
Color: Beige
DUPATTA
Dupatta: 2.5 Meter (RS 800/-Mtr)
Fabric: Voile
Color: Beige
TROUSERS
Trousers: 2.5 Meter (RS 680/-Mtr)
Fabric: Cambric
Color: Off White
Note:
Product color may slightly vary due to photographic lighting sources or your device settings.",https://nishatlinen.com/collections/women/products/42403320,"image_1_283_1.jpg, image_1_283_2.jpg, image_1_283_3.jpg"
3 Piece - Printed Loose Fabric - 42403114 - Shirt / 3 / 3,Rs. 830.00 Rs. 540.00,"Elevate your style game in this printed three-piece from the latest freedom to buy summer collection.
Product Detail:
Sunflowers With Tie & Dye Textures Printed Style Shirt with Dupatta and Trousers
SHIRT
Shirt: 3 Meter (RS 730/-Mtr)
Fabric: Lawn
Color: Blue
DUPATTA
Dupatta: 2.5 Meter (RS 750/-Mtr)
Fabric: Voile
Color: Blue
Note: Fabric used in shoot for gown is dupatta fabric
TROUSERS
Trousers: 2.5 Meter (RS 690/-Mtr)
Fabric: Cambric
Color: Blue
Note:
Product color may slightly vary due to photographic lighting sources or your device settings.",https://nishatlinen.com/collections/women/products/42403114,"image_1_284_1.jpg, image_1_284_2.jpg, image_1_284_3.jpg"
Printed Shirt - PE24-228 - XS,"Rs. 3,380.00 Rs. 2,028.00","Look and feel your best by wearing this printed shirt from the latest pret summer collection. 
Product Detail
Printed Shirt
Shirt
Band Neckline With Placket & Slit, Adda Work Detail On Sleeves
Fabric: Lawn
Color: Black
Note:
Product color may vary slightly due to photographic lighting sources or monitor settings.",https://nishatlinen.com/collections/women/products/pe24-228,"image_1_285_1.jpg, image_1_285_2.jpg, image_1_285_3.jpg"
3 Piece - Jacquard Suit - 42402124,"Rs. 9,990.00 Rs. 7,992.00","Upgrade your evening outdoor look with our jacquard three-piece from the latest unstitched summer collection.
Product Detail:
Watercolor Patterns With Lace Motifs Style Shirt with Dupatta and Trousers
SHIRT
Jacquard Shirt: 3 Meter
Fabric: Jacquard
Color: Off White
DUPATTA
Digital Printed Crinkle Chiffon Dupatta: 2.5 Meter
Fabric: Crinkle Chiffon
Color: Light Green
TROUSERS
Jacquard Trousers: 2.5 Meter
Fabric: Jacquard
Color: Off White
Note:
Product color may slightly vary due to photographic lighting sources or your device settings.",https://nishatlinen.com/collections/women/products/42402124,"image_1_286_1.jpg, image_1_286_2.jpg, image_1_286_3.jpg"
2 Piece - Digital Printed Suit - 42401107,"Rs. 4,820.00 Rs. 3,133.00","Threads that resonate with elegance digital printed two-piece from the latest unstitched summer collection.
Product Detail:
Flower Bunch Printed Style Shirt with Dupatta
SHIRT
Digital Printed Super Fine Lawn Shirt: 3 Meter
Fabric: Lawn
Color: Light Green
DUPATTA
Digital Printed Zari Monar Dupatta: 2.5 Meter
Fabric: Zari Monar
Color: Light Green
Note:
Product color may slightly vary due to photographic lighting sources or your device settings.",https://nishatlinen.com/collections/women/products/42401107,"image_1_287_1.jpg, image_1_287_2.jpg, image_1_287_3.jpg"
1 Piece - Gold & White Paste Printed Loose Fabric - 42403362 - Dupatta / 2.5 / 2.5,Rs. 880.00 Rs. 572.00,"Brighten up your wardrobe with this gold & white paste printed one-piece from the latest freedom to buy summer collection.
Product Detail:
Checks Printed Style Dupatta
Dupatta
Dupatta: 2.5 Meter (RS 850/-Mtr)
Fabric: Voile
Color: Black
Note:
Product color may slightly vary due to photographic lighting sources or your device settings.",https://nishatlinen.com/collections/women/products/42403362,"image_1_288_1.jpg, image_1_288_2.jpg, image_1_288_3.jpg"
3 Piece - Printed Embroidered Suit - 42401839,"Rs. 7,690.00 Rs. 4,998.50","Built up your look enlivened in this printed embroidered three-piece from the latest unstitched summer collection.
Product Detail:
Ethnic Print Style Shirt with Dupatta and Trousers
SHIRT
Printed Lawn Shirt: 3 Meter
Embroidered Motifs + 2 Borders
Fabric: Lawn
Color: Black
DUPATTA
Digital Printed Zari Lawn Dupatta: 2.5 Meter
Fabric: Zari Lawn
Color: Black & Off White
TROUSERS
Solid Cambric Trousers: 2.5 Meter
Fabric: Cambric
Color: Black
Note:
Product color may slightly vary due to photographic lighting sources or your device settings.",https://nishatlinen.com/collections/women/products/42401839,"image_1_289_1.jpg, image_1_289_2.jpg, image_1_289_3.jpg"
2 Piece - Embroidered Suit - PE24-11 - XS,"Rs. 8,720.00 Rs. 5,232.00","Create a dreamy look with this embroidered two-piece suit from the latest pret summer collection. 
Product Detail
Embroidered Shirt With Trousers
Shirt
Round Neckline With Slit & Piping, Adda Detail On Placket, Top Stitches Detail On Sleeves, Embroidered Front
Fabric: Cambric
Color: Off White
Trousers
Embroidered Front & Trousers Hem
Fabric: Cambric
Color: Off White
Note:
Product color may vary slightly due to photographic lighting sources or monitor settings.",https://nishatlinen.com/products/pe24-11,"image_1_290_1.jpg, image_1_290_2.jpg, image_1_290_3.jpg"
Basic Shirt - PS24-53 - XS,"Rs. 3,590.00 Rs. 2,154.00","Meet elegance by wearing this contemporary basic shirt from the latest pret summer collection. 
Product Detail
Basic Shirt
Shirt
Band Neckline With Long Placket & Button Detail, Gathered Cuff Sleeves With Top Stitching, Button Down Shirt
Fabric: Cambric
Color: Carrot
Note:
Product color may vary slightly due to photographic lighting sources or monitor settings.",https://nishatlinen.com/products/ps24-53,"image_1_291_1.jpg, image_1_291_2.jpg, image_1_291_3.jpg"
Slip - PW24-100 - XS,"Rs. 1,250.00 Rs. 1,000.00","Add comfort and a soft and smooth feel to your daily wear with this slip from the latest winter collection.   
Product Detail
Basic Slip
Slip
Round Neckline Slip
Fabric: Voile
Color: Beige 
Note:
Product color may slightly vary due to photographic lighting sources or your monitor settings.",https://nishatlinen.com/products/pw24-100,image_1_292_1.jpg
3 Piece - Printed Suit - 42401935,"Rs. 7,180.00 Rs. 4,667.00","Get a stunning & fabulous blend of eye-catching by wearing this printed three-piece from the latest unstitched summer collection.
Product Detail:
Abstract Printed Style Shirt with Dupatta and Trousers
SHIRT
Printed Zari Lawn Shirt: 3 Meter
Fabric: Zari Lawn
Color: Maroon
DUPATTA
Digital Printed Zari Lawn Dupatta: 2.5 Meter
Fabric: Zari Lawn
Color: Maroon
TROUSERS
Printed Cambric Trousers: 2.5 Meter
Fabric: Cambric
Color: Maroon
Note:
Product color may slightly vary due to photographic lighting sources or your device settings.",https://nishatlinen.com/collections/women/products/42401935,"image_1_293_1.jpg, image_1_293_2.jpg, image_1_293_3.jpg"
3 Piece - Digital Printed Loose Fabric - 42403321 - Trouser / 2.5 / 2.5,Rs. 880.00 Rs. 572.00,"Get the most significant look by wearing this digital printed three-piece from the latest freedom to buy summer collection.
Product Detail:
Suzani Patterns In Printed Form Shirt with Dupatta and Trousers 
SHIRT
Shirt: 3 Meter (RS 780/-Mtr)
Fabric: Lawn
Color: Yellow
DUPATTA
Dupatta: 2.5 Meter (RS 800/-Mtr)
Fabric: Voile
Color: Yellow
TROUSERS
Trousers: 2.5 Meter (RS 680/-Mtr)
Fabric: Cambric
Color: Yellow
Note:
Product color may slightly vary due to photographic lighting sources or your device settings.",https://nishatlinen.com/products/42403321,"image_1_294_1.jpg, image_1_294_2.jpg, image_1_294_3.jpg"
3 Piece - Printed Loose Fabric - 42403301 - Dupatta / 2.5 / 2.5,Rs. 880.00 Rs. 572.00,"Find your magic with this gorgeous printed three-piece from the latest freedom to buy summer collection.
Product Detail:
Block Prints Motifs With Ralli Style Shirt with Dupatta and Trousers 
SHIRT
Shirt: 3 Meter (RS 750/-Mtr)
Fabric: Lawn
Color: Off White & Black
DUPATTA
Dupatta: 2.5 Meter (RS 780/-Mtr)
Fabric: Voile
Color: Black & Red
TROUSERS
Trousers: 2.5 Meter (RS 720/-Mtr)
Fabric: Cambric
Color: Off White & Black
Note:
Product color may slightly vary due to photographic lighting sources or your device settings.",https://nishatlinen.com/collections/women/products/42403301,"image_1_295_1.jpg, image_1_295_2.jpg, image_1_295_3.jpg"
3 Piece - Printed Embroidered Suit - 42402042,"Rs. 7,690.00 Rs. 4,998.50","Get the natural attraction of women towards the new and dynamic printed embroidered three-piece from the latest unstitched summer collection.
Product Detail:
Floral Silhouettes Prints Style Shirt with Dupatta & Trousers
SHIRT
Printed Super Fine Lawn Shirt: 3 Meter
Embroidered Neckline + Motifs 
Fabric: Lawn
Color: Black & Brown
DUPATTA
Digital Printed Crinkle Chiffon Dupatta: 2.5 Meter
Fabric: Crinkle Chiffon
Color: Black & Brown
TROUSERS
Solid Cambric Trousers: 2.5 Meter
Fabric: Cambric
Color: Brown
Note:
Product color may slightly vary due to photographic lighting sources or your device settings.",https://nishatlinen.com/products/42402042,"image_1_296_1.jpg, image_1_296_2.jpg, image_1_296_3.jpg"
2 Piece - Printed Suit - 42401759,"Rs. 3,070.00 Rs. 1,995.50","Be exclusive in this unique printed two-piece from the latest unstitched summer collection.
Product Detail:
Abstract Printed Style Shirt with Trousers
SHIRT
Printed Super Fine Lawn Shirt: 3 Meter
Fabric: Lawn
Color: Blue & Purple
TROUSERS
Printed Cambric Trousers: 2.5 Meter
Fabric: Cambric
Color: Blue & Purple
Note:
Product color may slightly vary due to photographic lighting sources or your device settings.",https://nishatlinen.com/collections/women/products/42401759,"image_1_297_1.jpg, image_1_297_2.jpg, image_1_297_3.jpg"
Embroidered Shirt - PS24-126 - XS,"Rs. 5,690.00 Rs. 3,414.00","Elevate your look with this embroidered shirt from the latest pret summer collection.
Product Detail
Embroidered Shirt
Shirt
Round Neckline, Embroidered Neckline, Sleeves & Hem, Embroidered Patch On Both Side Slit Till Arm Hole
Fabric: Cambric
Color: Blue
Note:
Product color may vary slightly due to photographic lighting sources or monitor settings.",https://nishatlinen.com/collections/women/products/ps24-126,"image_1_298_1.jpg, image_1_298_2.jpg, image_1_298_3.jpg"
2 Piece - Printed Suit - 42402185,"Rs. 2,990.00 Rs. 1,943.50","Look classy with this printed two-piece from the latest unstitched summer collection.
Product Detail:
Floral Printed Style Shirt with Trousers
SHIRT
Printed Cambric Shirt: 3 Meter
Fabric: Cambric
Color: Beige
TROUSERS
Printed Cambric Trousers: 2.5 Meter
Fabric: Cambric
Color: Beige
Note:
Product color may slightly vary due to photographic lighting sources or your device settings.",https://nishatlinen.com/products/42402185,"image_1_299_1.jpg, image_1_299_2.jpg, image_1_299_3.jpg"
3 Piece - Printed Embroidered Suit - 42401331,"Rs. 11,790.00 Rs. 7,663.50","Embrace the whispers of timeless elegance with this digital printed embroidered three-piece from the latest unstitched summer collection.
Product Detail:
Floral Print With Chiffle Embroidered Style Shirt with Dupatta and Trousers
SHIRT
Printed Embroidered Swiss Lawn Front 
Printed Swiss Lawn Back & Sleeves
Embroidered Organza Sleeves Patch: 1 Meter 
Fabric: Swiss Lawn
Color: Sky Blue
DUPATTA
Printed Swiss Voile Dupatta: 2.5 Meter
Fabric: Swiss Voile
Color: Sky Blue
TROUSERS
Dyed Cambric Trousers: 2.5 Meter
Fabric: Cambric
Color: Sky Blue
Note:
Product color may slightly vary due to photographic lighting sources or your device settings.",https://nishatlinen.com/products/42401331,"image_1_300_1.jpg, image_1_300_2.jpg, image_1_300_3.jpg"
3 Piece - Printed Suit - 42401808,"Rs. 6,660.00 Rs. 4,329.00","Look stylish with our daily wear printed three-piece from the latest unstitched summer collection.
Product Detail:
Textures Printed Style Shirt with Dupatta and Trousers
SHIRT
Printed Super Fine Lawn Shirt: 3 Meter
Fabric: Lawn
Color: Blue
DUPATTA
Digital Printed Crinkle Chiffon Dupatta: 2.5 Meter
Fabric: Crinkle Chiffon
Color: Blue
TROUSERS
Printed Cambric Trousers: 2.5 Meter
Fabric: Cambric
Color: Off White
Note:
Product color may slightly vary due to photographic lighting sources or your device settings.",https://nishatlinen.com/collections/women/products/42401808,"image_1_301_1.jpg, image_1_301_2.jpg, image_1_301_3.jpg"
2 piece - Digital Printed Embroidered Suit - 42401742,"Rs. 5,130.00 Rs. 3,334.50","Look gorgeous effortlessly by wearing this digital printed embroidered two-piece from the latest unstitched summer collection.
Product Detail:
Tie & Dye Patterns Prints Style Shirt with Trousers
SHIRT
Digital Printed Cambric Shirt: 3 Meter
Embroidered Neckline + Border
Fabric: Cambric
Color: Black
TROUSERS
Solid Cambric Trousers: 2.5 Meter
Fabric: Cambric
Color: Black
Note:
Product color may slightly vary due to photographic lighting sources or your device settings.",https://nishatlinen.com/products/42401742,"image_1_302_1.jpg, image_1_302_2.jpg, image_1_302_3.jpg"
Printed Tunic - PS24-274 - XS,"Rs. 3,070.00 Rs. 1,842.00","Switch up your wardrobe with our new printed tunic from the latest pret summer collection.
Product Detail
Printed Tunic
Tunic
Collar Neckline, Cuffed Sleeves, Button Down Paneled Tunic
Fabric: Cambric
Color: Black
Note:
Product color may vary slightly due to photographic lighting sources or monitor settings.",https://nishatlinen.com/collections/women/products/ps24-274,"image_1_303_1.jpg, image_1_303_2.jpg, image_1_303_3.jpg"
3 Piece - Printed Loose Fabric - 42403293 - Shirt / 3 / 3,Rs. 880.00 Rs. 572.00,"Be special in this unique printed three-piece from the latest freedom to buy summer collection.
Product Detail:
Animal Print Style Shirt with Dupatta and Trousers 
SHIRT
Shirt: 3 Meter (RS 750/-Mtr)
Fabric: Lawn
Color: Blue
DUPATTA
Dupatta: 2.5 Meter (RS 780/-Mtr)
Fabric: Voile
Color: Blue
TROUSERS
Trousers: 2.5 Meter (RS 680/-Mtr)
Fabric: Cambric
Color: Blue
Note:
Product color may slightly vary due to photographic lighting sources or your device settings.",https://nishatlinen.com/collections/women/products/42403293,"image_1_304_1.jpg, image_1_304_2.jpg, image_1_304_3.jpg"
Embroidered Dress - FE24-11 - XS,"Rs. 17,450.00 Rs. 10,470.00","Look glamorous by wearing this embroidered dress from the latest pret summer collection.
Product Detail
Embroidered Dress
Dress
Round Neckline With Side Panels Detail, Embroidered Neckline, Sleeves & Side Panels At Hem
Fabric: Polyester & Lakhani Chiffon
Color: Gold
Note:
Product color may vary slightly due to photographic lighting sources or monitor settings.",https://nishatlinen.com/products/fe24-11,"image_1_305_1.jpg, image_1_305_2.jpg, image_1_305_3.jpg"
1 Piece - Digital Printed Loose Fabric - 42403175 - Shirt / 3 / 3,Rs. 830.00 Rs. 540.00,"Enhance your appearance and make a bold statement with this digital printed one-piece from the latest freedom to buy summer collection.
Product Detail:
Floral Mix Printed Style Shirt 
SHIRT
Shirt: 3 Meter (RS 750/-Mtr)
Fabric: Lawn
Color: Multi

Note:
Product color may slightly vary due to photographic lighting sources or your device settings.",https://nishatlinen.com/collections/women/products/42403175,"image_1_306_1.jpg, image_1_306_2.jpg, image_1_306_3.jpg"
3 Piece - Jacquard Suit - 42402128,"Rs. 9,990.00 Rs. 7,992.00","Get ready to refresh your look with our jacquard three-piece from the latest unstitched summer collection.
Product Detail:
Abstract Style Shirt with Dupatta and Trousers
SHIRT
Jacquard Shirt: 3 Meter
Fabric: Jacquard
Color: Pale Peach
DUPATTA
Digital Printed Crinkle Chiffon Dupatta: 2.5 Meter
Fabric: Crinkle Chiffon
Color: Pale Peach
TROUSERS
Jacquard Trousers: 2.5 Meter
Fabric: Jacquard
Color: Pale Peach
Note:
Product color may slightly vary due to photographic lighting sources or your device settings.",https://nishatlinen.com/collections/women/products/42402128,"image_1_307_1.jpg, image_1_307_2.jpg, image_1_307_3.jpg"
1 Piece - Dyed Loose Fabric - 42403096 - Shirt / 3 / 3,Rs. 670.00 Rs. 436.00,"Create majestic looks with this dyed one-piece from the latest freedom to buy summer collection.
Product Detail:
Shirt
SHIRT
Shirt: 3 Meter (RS 690/-Mtr)
Fabric: Cambric
Color: Black
Note:
Product color may slightly vary due to photographic lighting sources or your device settings.",https://nishatlinen.com/products/42403096,"image_1_308_1.jpg, image_1_308_2.jpg, image_1_308_3.jpg"
3 Piece - Printed Suit - 42401409,"Rs. 6,150.00 Rs. 3,997.50","Embody the enchantment of a timeless muse with this printed three-piece from the latest unstitched summer collection.
Product Detail:
Modern Mix Style Shirt with Dupatta and Trousers
SHIRT
Printed Super Fine Lawn: 3 Meter
Fabric: Lawn
Color: Lime Green
DUPATTA
Digital Printed Banarsi Slub Dupatta: 2.5 Meter
Fabric: Banarsi Slub
Color: Lime Green
TROUSERS
Printed Cambric Trousers: 2.5 Meter
Fabric: Cambric
Color: Lime Green
Note:
Product color may slightly vary due to photographic lighting sources or your device settings.",https://nishatlinen.com/collections/women/products/42401409,"image_1_309_1.jpg, image_1_309_2.jpg, image_1_309_3.jpg"
3 Piece - Printed Suit - 42401207,"Rs. 6,660.00 Rs. 4,329.00","Be a style icon with printed three-piece from the latest unstitched summer collection.
Product Detail:
Modern Prints Style Shirt with Dupatta and Trousers
SHIRT
Printed Super Fine Lawn Shirt: 3 Meter
Fabric: Lawn
Color: Brown & Black
DUPATTA
Digital Printed Crinkle Chiffon Dupatta: 2.5 Meter
Fabric: Crinkle Chiffon
Color: Multi
TROUSERS
Printed Cambric Trousers: 2.5 Meter
Fabric: Cambric
Color: ﻿Brown & Black
Note:
Product color may slightly vary due to photographic lighting sources or your device settings.",https://nishatlinen.com/products/42401207,"image_1_310_1.jpg, image_1_310_2.jpg, image_1_310_3.jpg"
2 Piece - Printed Suit - PS24-306 - XS,"Rs. 4,510.00 Rs. 2,706.00","Make your day glorious in this printed two-piece suit from the latest pret summer collection. 
Product Detail
Printed Shirt With Trousers
Shirt
Pointed Collar Neckline, Round Hem Shirt
Fabric: Cambric
Color: Black
Trousers
Printed Trousers
Fabric: Cambric
Color: Black
Note:
Product color may vary slightly due to photographic lighting sources or monitor settings.",https://nishatlinen.com/products/ps24-306,"image_1_311_1.jpg, image_1_311_2.jpg, image_1_311_3.jpg"
1 Piece - Digital Printed Loose Fabric - 42403057 - Shirt / 3 / 3,Rs. 670.00 Rs. 436.00,"Dive into the pool of style with our exclusive digital printed one-piece from the latest freedom to buy summer collection.
Product Detail:
Embroidery Style Floral Printed Style Shirt
SHIRT
Shirt: 3 Meter (RS 1090/-Mtr)
Fabric: Fancy Strip
Color: Black
Note:
Product color may slightly vary due to photographic lighting sources or your device settings.",https://nishatlinen.com/products/42403057,"image_1_312_1.jpg, image_1_312_2.jpg, image_1_312_3.jpg"
3 Piece - Printed Embroidered Suit - 42401803,"Rs. 7,180.00 Rs. 4,667.00","Become the ultimate trendsetter with our stylish printed embroidered three-piece from the latest unstitched summer collection.
Product Detail:
Floral With Leafy Vines Style Shirt with Dupatta and Trousers
SHIRT
Printed Super Fine Lawn Shirt: 3 Meter
2 Embroidered Motifs
Fabric: Lawn
Color: White
DUPATTA
Digital Printed Crinkle Chiffon Dupatta: 2.5 Meter
Fabric: Crinkle Chiffon
Color: White
TROUSERS
Solid Cambric Trousers: 2.5 Meter
Fabric: Cambric
Color: White
Note:
Product color may slightly vary due to photographic lighting sources or your device settings.",https://nishatlinen.com/collections/women/products/42401803,"image_1_313_1.jpg, image_1_313_2.jpg, image_1_313_3.jpg"
Embroidered Trousers - PE24-373 - XS,"Rs. 2,350.00 Rs. 1,410.00","Look and feel your best by wearing this embroidered trousers from the latest pret summer collection. 
Product Detail
Embroidered Trousers
Trousers
Straight Trousers With Embroidered Hem
Fabric: Cambric
Color: Black
Note:
Product color may vary slightly due to photographic lighting sources or monitor settings.",https://nishatlinen.com/products/pe24-373,"image_1_314_1.jpg, image_1_314_2.jpg, image_1_314_3.jpg"
2 Piece - Printed Suit - PE24-221 - XS,"Rs. 6,660.00 Rs. 3,996.00","Make a truly elegant statement in this printed two-piece suit from the latest pret summer collection. 
Product Detail
Printed Shirt With Shalwar
Shirt
Round Neckline With Slit & With Adda Work Detail On Piping
Fabric: Lawn
Color: Lilac
Shalwar
Printed Shalwar
Fabric: Cambric
Color: Lilac
Note:
Product color may vary slightly due to photographic lighting sources or monitor settings.",https://nishatlinen.com/products/pe24-221,"image_1_315_1.jpg, image_1_315_2.jpg, image_1_315_3.jpg"
2 Piece - Printed Suit - PE24-409 - XS / S,"Rs. 4,570.00 Rs. 2,742.00","Exemplify your style with this printed two-piece suit from the latest pret summer collection.
Product Detail
Printed Shirt With Trousers
Shirt
Round Neckline With V Slit, Printed Kimono Shirt
Fabric: Cambric
Color: Brown
Trousers
Printed Straight Trousers
Fabric: Cambric
Color: Brown
Note:
Product color may vary slightly due to photographic lighting sources or monitor settings.",https://nishatlinen.com/products/pe24-409,"image_1_316_1.jpg, image_1_316_2.jpg, image_1_316_3.jpg"
2 Piece - Embroidered Suit - PE24-103 - XS,"Rs. 6,660.00 Rs. 3,996.00","Find the perfect look for you with this embroidered two-piece suit from the latest pret summer collection.
Product Detail
Embroidered Shirt With Trousers
Shirt
Round Neckline With Slit, Side Pockets Insertion, Embroidered Paneled Shirt
Fabric: Cambric
Color: Green
Trousers
Straight Trousers
Fabric: Cambric
Color: Green
Note:
Product color may vary slightly due to photographic lighting sources or monitor settings.",https://nishatlinen.com/products/pe24-103,"image_1_317_1.jpg, image_1_317_2.jpg, image_1_317_3.jpg"
3 Piece - Jacquard Embroidered Suit - 42401931,"Rs. 8,720.00 Rs. 5,668.00","Try this most exhilarating design of jacquard embroidered three-piece from the latest unstitched summer collection.
Product Detail:
Embroidered Style Bunches Shirt with Dupatta and Trousers
SHIRT
Jacquard Shirt: 3 Meter
Embroidered Border
Fabric: Jacquard
Color: Deep Brown
DUPATTA
Digital Printed Zari Lawn Dupatta: 2.5 Meter
Fabric: Zari Lawn
Color: Deep Brown
TROUSERS
Solid Cambric Trousers: 2.5 Meter
Fabric: Cambric
Color: Deep Brown
Note:
Product color may slightly vary due to photographic lighting sources or your device settings.",https://nishatlinen.com/products/42401931,"image_1_318_1.jpg, image_1_318_2.jpg, image_1_318_3.jpg"
2 Piece - Printed Embroidered Suit - 42402080,"Rs. 3,990.00 Rs. 2,593.50","Revitalize your style with this printed embroidered two-piece from the latest unstitched summer collection.
Product Detail:
Mughal Booti Style Shirt with Trousers
SHIRT
Printed Cambric Shirt: 3 Meter
4 Embroidered Motifs
Fabric: Cambric
Color: Pink
TROUSERS
Printed Cambric Trousers: 2.5 Meter
Fabric: Cambric
Color: Pink
Note:
Product color may slightly vary due to photographic lighting sources or your device settings.",https://nishatlinen.com/collections/women/products/42402080,"image_1_319_1.jpg, image_1_319_2.jpg, image_1_319_3.jpg"
3 Piece - Printed Loose Fabric - 42403159 - Shirt / 3 / 3,Rs. 830.00 Rs. 540.00,"Add a fashion-forward vibe to your everyday look with this printed three-piece from the latest freedom to buy summer collection.
Product Detail:
Abstract Pattern In Stitch Style Printed Style Shirt with Dupatta and Trousers
SHIRT
Shirt: 3 Meter (RS 730/-Mtr)
Fabric: Lawn
Color:Bone White
DUPATTA
Dupatta: 2.5 Meter (RS 750/-Mtr)
Fabric: Voile
Color: Red & Bone White
TROUSERS
Trousers: 2.5 Meter (RS 650/-Mtr)
Fabric: Cambric
Color: Bone White
Note:
Product color may slightly vary due to photographic lighting sources or your device settings.",https://nishatlinen.com/collections/women/products/42403159,"image_1_320_1.jpg, image_1_320_2.jpg, image_1_320_3.jpg"
3 Piece - Jacquard Suit - 42402119,"Rs. 9,990.00 Rs. 7,992.00","Elevate your daily style with this jacquard three-piece from the latest unstitched summer collection.

Product Detail:
Chunri Style Shirt with Dupatta and Trousers
SHIRT
Jacquard Shirt: 3 Meter
Fabric: Jacquard
Color: Yellowish Gold
DUPATTA
Digital Printed Crinkle Chiffon Dupatta: 2.5 Meter
Fabric: Crinkle Chiffon
Color: Yellowish Gold
TROUSERS
Jacquard Trousers: 2.5 Meter
Fabric: Jacquard
Color: Yellowish Gold
Note:
Product color may slightly vary due to photographic lighting sources or your device settings.",https://nishatlinen.com/collections/women/products/42402119,"image_1_321_1.jpg, image_1_321_2.jpg, image_1_321_3.jpg"
2 Piece - Basic Suit - PE24-35 - XS,"Rs. 7,690.00 Rs. 4,614.00","Look and feel your best by wearing this basic two-piece suit from the latest pret summer collection.
Product Detail
Basic Shirt With Dupatta
Shirt
Band Neckline With Placket, Adda Detail On Sleeves & Yoke
Fabric: Cambric
Color: Purple
Dupatta
Fabric: Silk
Color: Purple
Note:
Product color may vary slightly due to photographic lighting sources or monitor settings.",https://nishatlinen.com/products/pe24-35,"image_1_322_1.jpg, image_1_322_2.jpg, image_1_322_3.jpg"
3 Piece - Jacquard Embroidered Suit - 42401931,"Rs. 8,720.00 Rs. 5,668.00","Try this most exhilarating design of jacquard embroidered three-piece from the latest unstitched summer collection.
Product Detail:
Embroidered Style Bunches Shirt with Dupatta and Trousers
SHIRT
Jacquard Shirt: 3 Meter
Embroidered Border
Fabric: Jacquard
Color: Deep Brown
DUPATTA
Digital Printed Zari Lawn Dupatta: 2.5 Meter
Fabric: Zari Lawn
Color: Deep Brown
TROUSERS
Solid Cambric Trousers: 2.5 Meter
Fabric: Cambric
Color: Deep Brown
Note:
Product color may slightly vary due to photographic lighting sources or your device settings.",https://nishatlinen.com/collections/women/products/42401931,"image_1_323_1.jpg, image_1_323_2.jpg, image_1_323_3.jpg"
2 Piece - Printed Embroidered Suit - 42401708,"Rs. 5,640.00 Rs. 3,666.00","Add sophistication to your wardrobe with this printed embroidered two-piece from the latest unstitched summer collection.
Product Detail:
Floral Prints Style Shirt with Dupatta
SHIRT
Printed Super Fine Lawn Shirt: 3 Meter
Embroidered Border
Fabric: Lawn
Color: White
DUPATTA
Digital Printed Zari Chiffon Dupatta: 2.5 Meter
Fabric: Chiffon
Color: White
Note:
Product color may slightly vary due to photographic lighting sources or your device settings.",https://nishatlinen.com/collections/women/products/42401708,"image_1_324_1.jpg, image_1_324_2.jpg, image_1_324_3.jpg"
Printed Shirt - PS24-242 - XS,"Rs. 4,300.00 Rs. 2,580.00","Radiate confidence with this printed shirt from the latest pret summer collection.
Product Detail
Printed Shirt
Shirt
Collar Neckline, Printed Shirt
Fabric: Lawn
Color: Multi
Note:
Product color may vary slightly due to photographic lighting sources or monitor settings.",https://nishatlinen.com/collections/women/products/ps24-242,"image_1_325_1.jpg, image_1_325_2.jpg, image_1_325_3.jpg"
3 Piece - Printed Loose Fabric - 42403021 - Shirt / 3 / 3,Rs. 670.00 Rs. 436.00,"Elevate your style and embrace sophistication with this alluring printed three-piece from the latest freedom to buy summer collection.
Product Detail:
Ethnic Printed Style Shirt with Dupatta and Trousers
SHIRT
Shirt: 3 Meter (RS 730/-Mtr)
Fabric: Lawn
Color: Pearl
DUPATTA
Dupatta: 2.5 Meter (RS 750/-Mtr)
Fabric: Voile
Color: Pearl
TROUSERS
Trousers: 2.5 Meter (RS 650/-Mtr)
Fabric: Cambric
Color: ﻿Pearl
Note:
Product color may slightly vary due to photographic lighting sources or your device settings.",https://nishatlinen.com/products/42403021,"image_1_326_1.jpg, image_1_326_2.jpg, image_1_326_3.jpg"
1 Piece - Digital Printed Loose Fabric - 42403102 - Shirt / 3 / 3,Rs. 670.00 Rs. 436.00,"Blossom into summer romance with the allure of our digital printed one-piece from the latest freedom to buy summer collection.
Product Detail:
Sunflowers Printed Style Shirt
SHIRT
Shirt: 3 Meter (RS 1090/-Mtr)
Fabric: Fancy Strip
Color: Beige
Note:
Product color may slightly vary due to photographic lighting sources or your device settings.",https://nishatlinen.com/collections/women/products/42403102,"image_1_327_1.jpg, image_1_327_2.jpg, image_1_327_3.jpg"
Embroidered Shirt - PE24-153 - XS,"Rs. 4,100.00 Rs. 2,460.00","Radiate positivity and vibrancy in this embroidered shirt from the latest pret summer collection.
Product Detail
Embroidered Shirt 
Shirt
Round Neckline With Piping & Slit, Top Stitches Detail On Sleeves Edges, Embroidered Hem
Fabric: Cambric
Color: Skin
Note:
Product color may vary slightly due to photographic lighting sources or monitor settings.",https://nishatlinen.com/products/pe24-153,"image_1_328_1.jpg, image_1_328_2.jpg, image_1_328_3.jpg"
3 Piece - Printed Suit - 42401205,"Rs. 6,660.00 Rs. 4,329.00","Showcase effortless elegance with printed three-piece from the latest unstitched summer collection.
Product Detail:
Ethnic Prints Style Shirt with Dupatta and Trousers
SHIRT
Printed Super Fine Lawn Shirt: 3 Meter
Fabric: Lawn
Color: Black
DUPATTA
Digital Printed Crinkle Chiffon Dupatta: 2.5 Meter
Fabric: Crinkle Chiffon
Color: Black
TROUSERS
Printed Cambric Trousers: 2.5 Meter
Fabric: Cambric
Color: ﻿Black
Note:
Product color may slightly vary due to photographic lighting sources or your device settings.",https://nishatlinen.com/products/42401205,"image_1_329_1.jpg, image_1_329_2.jpg, image_1_329_3.jpg"
2 Piece - Digital Printed Suit - 42401115,"Rs. 4,820.00 Rs. 3,133.00","Step into a world with our digital printed two-piece from the latest unstitched summer collection.
Product Detail:
Laces With Tie & Dye Base Printed Style Shirt with Dupatta
SHIRT
Digital Printed Super Fine Lawn Shirt: 3 Meter
Fabric: Lawn
Color: Pink & Peach
DUPATTA
Digital Printed Zari Monar Dupatta: 2.5 Meter
Fabric: ﻿Zari Monar
Color: ﻿Pink & Peach
Note:
Product color may slightly vary due to photographic lighting sources or your device settings.",https://nishatlinen.com/products/42401115,"image_1_330_1.jpg, image_1_330_2.jpg, image_1_330_3.jpg"
3 Piece - Printed Loose Fabric - 42403260 - Shirt / 3 / 3,Rs. 455.00 - Rs. 527.00,"Unleash your creativity and create a unique style with this printed three-piece from the latest freedom to buy summer collection.
Product Detail:
Chunri Patterns & Embroidered Motifs In Printed Style Shirt with Dupatta and Trousers
SHIRT
Shirt: 3 Meter (RS 750/-Mtr)
Fabric: Lawn
Color: Red
DUPATTA
Dupatta: 2.5 Meter (RS 780/-Mtr)
Fabric: Voile
Color: Red & Purple
TROUSERS
Trousers: 2.5 Meter (RS 680/-Mtr)
Fabric: Cambric
Color: Red
Note:
Product color may slightly vary due to photographic lighting sources or your device settings.",https://nishatlinen.com/products/42403260,"image_1_331_1.jpg, image_1_331_2.jpg, image_1_331_3.jpg"
3 Piece - Digital Printed Suit - 42401551,"Rs. 8,200.00 Rs. 5,330.00","Look absolutely stunning by wearing this digital printed three-piece from the latest unstitched summer collection.
Product Detail:
Ethnic Style Shirt with Dupatta and Trousers
SHIRT
Digital Printed Brochia Jacquard Shirt: 3 Meter
Fabric: Jacquard
Color: Green
DUPATTA
Digital Printed Brochia Jacquard Dupatta: 2.5 Meter
Fabric: Jacquard
Color: Green
TROUSERS
Dyed Cambric Trousers: 2.5 Meter
Fabric: Cambric
Color: Green
Note:
Product color may slightly vary due to photographic lighting sources or your device settings.",https://nishatlinen.com/collections/women/products/42401551,"image_1_332_1.jpg, image_1_332_2.jpg, image_1_332_3.jpg"
Printed Shirt - PS24-138 - XS,"Rs. 3,590.00 Rs. 2,154.00","Reflect your personality & mood with this printed shirt from the latest pret summer collection.
Product Detail
Printed Shirt
Shirt
Round Neckline with Adda Details at Placket
Fabric: Lawn
Color: Mustard
Note:
Product color may vary slightly due to photographic lighting sources or monitor settings.",https://nishatlinen.com/products/ps24-138,"image_1_333_1.jpg, image_1_333_2.jpg, image_1_333_3.jpg"
2 Piece - Embroidered Suit - PE24-89 - XS,"Rs. 6,670.00 Rs. 4,002.00","Power up your look and make a mark in everyone’s heart by styling this embroidered two-piece suit from the latest pret summer collection.
Product Detail
Embroidered Shirt With Trousers
Shirt
Round Neckline With Piping & Slit, Embroidered Neckline & Sleeves
Fabric: Cambric
Color: Pink
Trousers
Straight Trousers
Fabric: Cambric
Color: Pink
Note:
Product color may vary slightly due to photographic lighting sources or monitor settings.",https://nishatlinen.com/collections/women/products/pe24-89,"image_1_334_1.jpg, image_1_334_2.jpg, image_1_334_3.jpg"
3 Piece - Printed Loose Fabric - 42403306 - Shirt / 3 / 3,Rs. 880.00 Rs. 572.00,"Get an essential graceful look in this printed three-piece from the latest freedom to buy summer collection.
Product Detail:
Floral Impressions Printed Style Shirt with Dupatta and Trousers 
SHIRT
Shirt: 3 Meter (RS 750/-Mtr)
Fabric: Lawn
Color: Black
DUPATTA
Dupatta: 2.5 Meter (RS 780/-Mtr)
Fabric: Voile
Color: Black
TROUSERS
Trousers: 2.5 Meter (RS 680/-Mtr)
Fabric: Cambric
Color: Black
Note:
Product color may slightly vary due to photographic lighting sources or your device settings.",https://nishatlinen.com/products/42403306,"image_1_335_1.jpg, image_1_335_2.jpg, image_1_335_3.jpg"
Embroidered Trousers - PE24-264 - XS,"Rs. 2,250.00 Rs. 1,350.00","Upgrade your wardrobe with this embroidered trousers from the latest pret summer collection. 
Product Detail
Embroidered Trousers
Trousers
Embroidered Loose Straight Trousers 
Fabric: Cambric
Color: Off White
Note:
Product color may vary slightly due to photographic lighting sources or monitor settings.",https://nishatlinen.com/collections/women/products/pe24-264,"image_1_336_1.jpg, image_1_336_2.jpg, image_1_336_3.jpg"
1 Piece - Printed Loose Fabric - 42403187 - Shirt / 3 / 3,Rs. 830.00 Rs. 540.00,"printed one-piece from the latest freedom to buy summer collection.
Product Detail:
Line Art Patterns Printed Style Shirt
SHIRT
Shirt: 3 Meter (RS 730/-Mtr)
Fabric: Lawn
Color: Black

Note:
Product color may slightly vary due to photographic lighting sources or your device settings.",https://nishatlinen.com/products/42403187,"image_1_337_1.jpg, image_1_337_2.jpg, image_1_337_3.jpg"
1 Piece - Paste Printed Loose Fabric - 42403086 - Trouser / 2.5 / 2.5,Rs. 670.00 Rs. 436.00,"Encapsulate the essence of modern and timeless refinement with our paste printed one-piece from the latest freedom to buy summer collection.
Product Detail
Kantha Stitch Motifs Prints Style Trousers
TROUSERS
Trousers: 2.5 Meter (RS 690/-Mtr)
Fabric: Cambric
Color: White
Note:
Product color may slightly vary due to photographic lighting sources or your device settings.",https://nishatlinen.com/products/42403086,"image_1_338_1.jpg, image_1_338_2.jpg, image_1_338_3.jpg"
3 Piece - Digital Printed Loose Fabric - 42403326 - Shirt / 3 / 3,Rs. 880.00 Rs. 572.00,"Get the latest beauty of fashion by wearing digital printed three-piece from the latest freedom to buy summer collection.
Product Detail:
Textures With Embellished Details Style Shirt with Dupatta and Trousers 
SHIRT
Shirt: 3 Meter (RS 780/-Mtr)
Fabric: Lawn
Color: Purple
DUPATTA
Dupatta: 2.5 Meter (RS 800/-Mtr)
Fabric: Voile
Color: Purple
TROUSERS
Trousers: 2.5 Meter (RS 680/-Mtr)
Fabric: Cambric
Color: Purple
Note:
Product color may slightly vary due to photographic lighting sources or your device settings.",https://nishatlinen.com/products/42403326,"image_1_339_1.jpg, image_1_339_2.jpg, image_1_339_3.jpg"
3 Piece - Printed Suit - PE24-382 - XS,"Rs. 8,720.00 Rs. 5,232.00","Radiate positivity and vibrancy in this printed three-piece suit from the latest pret summer collection.
Product Detail
Printed Shirt With Dupatta & Trousers
Shirt
Round Neckline With Slit & & Adda Work On Piping
Fabric: Lawn
Color: Beige
Dupatta
Fabric: Voile
Color: Beige
Trousers
Loose Straight Trousers
Fabric: Cambric
Color: Beige
Note:
Product color may vary slightly due to photographic lighting sources or monitor settings.",https://nishatlinen.com/products/pe24-382,"image_1_340_1.jpg, image_1_340_2.jpg, image_1_340_3.jpg"
3 Piece - Printed Embroidered Suit - 42401120,"Rs. 7,690.00 Rs. 4,998.50","you can enjoy the highest level of comfort while looking stunning with this printed embroidered three-piece from the latest unstitched summer collection.
Product Detail:
Animal Print With Floral Prints Style Shirt with Dupatta and Trousers
SHIRT
Printed Super Fine Lawn Shirt: 3 Meter
Embroidered Allover Front + Neckline
Fabric: Lawn
Color: Yellow
DUPATTA
Printed Voile Dupatta: 2.5 Meter
Fabric: Voile
Color: White
TROUSERS
Printed Cambric Trousers: 2.5 Meter
Fabric: Cambric
Color: Yellow
Note:
Product color may slightly vary due to photographic lighting sources or your device settings.",https://nishatlinen.com/products/42401120,"image_1_341_1.jpg, image_1_341_2.jpg, image_1_341_3.jpg"
Printed Tunic - AS24-89 - XS,"Rs. 3,700.00 Rs. 2,220.00","Create gorgeous and magnificent look this season by wearing our printed tunic from the latest pret summer collection.
Product Detail
Printed Tunic
Tunic
Overlapped Band V Neckline, Rollover Cuffed Sleeves, Printed Tunic
Fabric: Silk
Color: Blue
Note:
Product color may vary slightly due to photographic lighting sources or monitor settings.",https://nishatlinen.com/collections/women/products/as24-89,"image_1_342_1.jpg, image_1_342_2.jpg, image_1_342_3.jpg"
3 Piece - Printed Suit - 42401887,"Rs. 5,640.00 Rs. 3,666.00","Be yourself fabulous by wearing a printed three-piece from the latest unstitched summer collection.
Product Detail:
Funky In Collage Prints Style Shirt with Dupatta and Trousers
SHIRT
Printed Super Fine Lawn Shirt: 3 Meter
Fabric: Lawn
Color: Pink & Green
DUPATTA
Digital Printed Muzlin Dupatta: 2.5 Meter
Fabric: Muzlin
Color: Pink & Green
TROUSERS
Dyed Cambric Trousers: 2.5 Meter
Fabric: Cambric
Color: Green
Note:
Product color may slightly vary due to photographic lighting sources or your device settings.",https://nishatlinen.com/products/42401887,"image_1_343_1.jpg, image_1_343_2.jpg, image_1_343_3.jpg"
3 Piece - Printed Suit - 42401809,"Rs. 6,660.00 Rs. 4,329.00","Look stylish with our daily wear printed three-piece from the latest unstitched summer collection.
Product Detail:
Tropical & Animal Print Mix Style Shirt with Dupatta and Trousers
SHIRT
Printed Super Fine Lawn Shirt: 3 Meter
Fabric: Lawn
Color: Black
DUPATTA
Digital Printed Crinkle Chiffon Dupatta: 2.5 Meter
Fabric: Crinkle Chiffon
Color: Black
TROUSERS
Printed Cambric Trousers: 2.5 Meter
Fabric: Cambric
Color: Black
Note:
Product color may slightly vary due to photographic lighting sources or your device settings.",https://nishatlinen.com/collections/women/products/42401809,"image_1_344_1.jpg, image_1_344_2.jpg, image_1_344_3.jpg"
Printed Tunic - PS24-348 - XS,"Rs. 2,770.00 Rs. 1,662.00","Keep your look ever classy with this printed tunic from the latest pret summer collection.
Product Detail
Printed Tunic
Tunic
Pointed Collar Neckline, Pleated Sleeves, Printed Tunic
Fabric: Cambric
Color: Off White
Note:
Product color may vary slightly due to photographic lighting sources or monitor settings.",https://nishatlinen.com/products/ps24-348,"image_1_345_1.jpg, image_1_345_2.jpg, image_1_345_3.jpg"
3 Piece - Printed Embroidered Suit - 42402070,"Rs. 8,690.00 Rs. 5,648.50","Give your wardrobe a makeover by choosing this printed embroidered three-piece from the latest unstitched summer collection.
Product Detail:
Banarsi Motifs Style Shirt with Dupatta and Trousers
SHIRT
Printed Super Fine Lawn Shirt: 3 Meter
Embroidered Motifs + Border
Fabric: Lawn
Color: Ice Blue
DUPATTA
Digital Printed Fancy Jacquard Dupatta: 2.5 Meter
Fabric: Jacquard
Color: Ice Blue
TROUSERS
Solid Cambric Trousers: 2.5 Meter
Fabric: Cambric
Color: Ice Blue
Note:
Product color may slightly vary due to photographic lighting sources or your device settings.",https://nishatlinen.com/products/42402070,"image_1_346_1.jpg, image_1_346_2.jpg, image_1_346_3.jpg"
2 Piece - Dyed Embroidered Suit - 42401264,"Rs. 5,640.00 Rs. 3,666.00","For a stunningly spectacular look, style this dyed embroidered two-piece from the latest unstitched summer collection. 
Product Detail:
Shirt with Trousers
SHIRT
Dyed Cambric Shirt: 3 Meter
Embroidered Front + Border
Fabric: Cambric
Color: Cream
TROUSERS
Dyed Cambric Trousers: 2.5 Meter
Fabric: Cambric
Color: Cream
Note:
Product color may slightly vary due to photographic lighting sources or your device settings.",https://nishatlinen.com/collections/women/products/42401264,"image_1_347_1.jpg, image_1_347_2.jpg, image_1_347_3.jpg"
3 Piece - Printed Suit - 42401210,"Rs. 6,660.00 Rs. 4,329.00","Look ravishing with this printed three-piece from the latest unstitched summer collection.
Product Detail:
Baroque With Polka Dots Printed Style Shirt with Dupatta and Trousers
SHIRT
Printed Super Fine Lawn Shirt: 3 Meter
Fabric: Lawn
Color: Off White
DUPATTA
Digital Printed Crinkle Chiffon Dupatta: 2.5 Meter
Fabric: Crinkle Chiffon
Color: Off White
TROUSERS
Printed Cambric Trousers: 2.5 Meter
Fabric: Cambric
Color: ﻿Off White
Note:
Product color may slightly vary due to photographic lighting sources or your device settings.",https://nishatlinen.com/collections/women/products/42401210,"image_1_348_1.jpg, image_1_348_2.jpg, image_1_348_3.jpg"
2 Piece - Printed Embroidered Suit - 42401299,"Rs. 5,130.00 Rs. 3,334.50","Revamp your wardrobe with this printed embroidered two-piece from the latest unstitched summer collection.
Product Detail:
Animal Print With Damask Patterns Prints Style Shirt with Dupatta
SHIRT
Printed Super Fine Lawn Shirt: 3 Meter
2 Embroidered Motifs
Fabric: Lawn
Color: Blue
DUPATTA
Digital Printed Crinkle Chiffon Dupatta: 2.5 Meter
Fabric: Crinkle Chiffon
Color: Blue
Note:
Product color may slightly vary due to photographic lighting sources or your device settings.",https://nishatlinen.com/products/42401299,"image_1_349_1.jpg, image_1_349_2.jpg, image_1_349_3.jpg"
Embroidered Tunic - PS24-125 - XS,"Rs. 4,390.00 Rs. 2,634.00","Make a regal statement in this embroidered tunic from the latest pret summer collection.
Product Detail
Embroidered Tunic
Tunic
Collar Neckline With Placket & Buttons Detail, Embroidered Front Panels, Button Down Tunic
Fabric: Cambric
Color: Blue
Note:
Product color may vary slightly due to photographic lighting sources or monitor settings.",https://nishatlinen.com/products/ps24-125,"image_1_350_1.jpg, image_1_350_2.jpg, image_1_350_3.jpg"
3 Piece - Printed Suit - PE24-251 - XS,"Rs. 8,820.00 Rs. 5,292.00","Look and feel your best by wearing this printed three-piece suit from the latest pret summer collection.
Product Detail
Printed Shirt With Dupatta & Trousers
Shirt
Round Neckline With V Slit
Fabric: Lawn
Color: Pistachio
Dupatta
Printed Dupatta
Fabric: Voile
Color: Pistachio
Trousers
Straight Trousers
Fabric: Cambric
Color: Pistachio
Note:
Product color may vary slightly due to photographic lighting sources or monitor settings.",https://nishatlinen.com/products/pe24-251,"image_1_351_1.jpg, image_1_351_2.jpg, image_1_351_3.jpg"
1 Piece - Digital Printed Loose Fabric - 42403390 - Shirt / 3 / 3,Rs. 830.00 Rs. 540.00,"Uncover the elegance of our digital printed one-piece from the latest freedom to buy summer collection.
Product Detail:
Flowers Printed Style Shirt 
SHIRT
Shirt: 3 Meter (RS 800/-Mtr)
Fabric: Dobby Lawn
Color: White

Note:
Product color may slightly vary due to photographic lighting sources or your device settings.",https://nishatlinen.com/collections/women/products/42403390,"image_1_352_1.jpg, image_1_352_2.jpg, image_1_352_3.jpg"
2 Piece - Printed Embroidered Suit - 42401571,"Rs. 5,130.00 Rs. 3,334.50","Get ready for garden parties by styling this printed embroidered two-piece from the latest unstitched summer collection.
Product Detail:
Floral Silhouettes Prints Style Shirt with Dupatta
SHIRT
Printed Super Fine Lawn Shirt: 3 Meter
Embroidered Motifs
Fabric: Lawn
Color: White
DUPATTA
Digital Printed Muzlin Dupatta: 2.5 Meter
Fabric: Muzlin
Color: Red
Note:
Product color may slightly vary due to photographic lighting sources or your device settings.",https://nishatlinen.com/collections/women/products/42401571,"image_1_353_1.jpg, image_1_353_2.jpg, image_1_353_3.jpg"
3 Piece - Printed Loose Fabric - 42403303 - Shirt / 3 / 3,Rs. 880.00 Rs. 572.00,"Amaze yourself in this printed three-piece from the latest freedom to buy summer collection.
Product Detail:
Block Print Style Shirt with Dupatta and Trousers 
SHIRT
Shirt: 3 Meter (RS 750/-Mtr)
Fabric: Lawn
Color: Black
DUPATTA
Dupatta: 2.5 Meter (RS 780/-Mtr)
Fabric: Voile
Color: Black
TROUSERS
Trousers: 2.5 Meter (RS 720/-Mtr)
Fabric: Cambric
Color: Black
Note:
Product color may slightly vary due to photographic lighting sources or your device settings.",https://nishatlinen.com/products/42403303,"image_1_354_1.jpg, image_1_354_2.jpg, image_1_354_3.jpg"
2 Piece - Printed Embroidered Suit - 42401947,"Rs. 5,640.00 Rs. 3,666.00","Radiate with special attention by dressing in this captivating ensemble printed embroidered two-piece from the latest unstitched summer collection.
Product Detail:
Kashmiri Shawl Style Shirt with Dupatta
SHIRT
Printed Super Fine Lawn  Shirt: 3 Meter
Embroidered Front + Border
Fabric: Lawn
Color: Maroon
DUPATTA
Digital Printed Silk Dupatta: 2.5 Meter
Fabric: Silk
Color: Maroon
Note:
Product color may slightly vary due to photographic lighting sources or your device settings.",https://nishatlinen.com/collections/women/products/42401947,"image_1_355_1.jpg, image_1_355_2.jpg, image_1_355_3.jpg"
Embroidered Trousers - PE24-397 - XS,"Rs. 2,460.00 Rs. 1,476.00","Style this elegantly designed embroidered trousers from the latest pret summer collection. 
Product Detail
Embroidered Trousers 
Trousers
Loose Straight Trousers With Embroidered Hem 
Fabric: Cambric
Color: Off White
Note:
Product color may vary slightly due to photographic lighting sources or monitor settings.",https://nishatlinen.com/products/pe24-397,"image_1_356_1.jpg, image_1_356_2.jpg, image_1_356_3.jpg"
3 Piece - Printed Loose Fabric - 42403135 - Dupatta / 2.5 / 2.5,Rs. 830.00 Rs. 540.00,"Personalize your style with the new printed three-piece from the latest freedom to buy summer collection.
Product Detail:
Mughal Motifs Printed Style Shirt with Dupatta and Trousers
SHIRT
Shirt: 3 Meter (RS 730/-Mtr)
Fabric: Lawn
Color: Purple
DUPATTA
Dupatta: 2.5 Meter (RS 750/-Mtr)
Fabric: Voile
Color: Purple
TROUSERS
Trousers: 2.5 Meter (RS 650/-Mtr)
Fabric: Cambric
Color: Purple
Note:
Product color may slightly vary due to photographic lighting sources or your device settings.",https://nishatlinen.com/collections/women/products/42403135,"image_1_357_1.jpg, image_1_357_2.jpg, image_1_357_3.jpg"
2 Piece - Dyed Embroidered Suit - 42401954,"Rs. 5,640.00 Rs. 3,666.00","Add more substance to your personality by wearing this dyed embroidered two-piece from the latest unstitched summer collection.
Product Detail:
Style Shirt with Trousers
SHIRT
Solid Cambric Shirt: 3 Meter
Embroidered Front + Sleeves + Border
Fabric: Cambric
Color: Pastel Blue
TROUSERS
Solid Cambric Trousers: 2.5 Meter
Fabric: Cambric
Color: Pastel Blue
Note:
Product color may slightly vary due to photographic lighting sources or your device settings.",https://nishatlinen.com/products/42401954,"image_1_358_1.jpg, image_1_358_2.jpg, image_1_358_3.jpg"
1 Piece - Printed Loose Fabric - 42403288 - Shirt / 3 / 3,Rs. 455.00 - Rs. 527.00,"Embrace elegance with the delicate beauty of this printed one-piece from the latest freedom to buy summer collection.
Product Detail:
Sunflowers With Vector Vines Printed Style Shirt
SHIRT
Shirt: 3 Meter (RS 850/-Mtr)
Fabric: Dobby Lawn
Color: Black
Note:
Product color may slightly vary due to photographic lighting sources or your device settings.",https://nishatlinen.com/collections/women/products/42403288,"image_1_359_1.jpg, image_1_359_2.jpg, image_1_359_3.jpg"
Embroidered Tunic - PS24-95 - XS / S,"Rs. 4,100.00 Rs. 2,460.00","Celebrate the art of femininity with this embroidered tunic from the latest pret summer collection.
Product Detail
Embroidered Tunic
Tunic
Round Neckline With V Slit, Embroidered Neckline & Sleeves Edges
Fabric: Cambric
Color: Mauve
Note:
Product color may vary slightly due to photographic lighting sources or monitor settings.",https://nishatlinen.com/products/ps24-95,"image_1_360_1.jpg, image_1_360_2.jpg, image_1_360_3.jpg"
3 Piece - Digital Printed Loose Fabric - 42403377 - Shirt / 3 / 3,Rs. 455.00 - Rs. 533.00,"Make a regal statement in this digital printed three-piece from the latest freedom to buy summer collection.
Product Detail
Modern Printed Style Shirt with Dupatta and Trousers 
SHIRT
Shirt: 3 Meter (RS 800/-Mtr) 
Fabric: Lawn
Color: Peach
Note: Fabric is used in shoot for trousers is shirt fabric
DUPATTA
Dupatta: 2.5 Meter (RS 820/-Mtr) 
Fabric: Voile
Color: Peach
Note: Fabric is used in shoot for jacket is dupatta fabric
TROUSERS
Trousers: 2.5 Meter (RS 700/-Mtr) 
Fabric: Cambric
Color: Peach
Note: Fabric is used in shoot for inner shirt is trousers fabric
Note:
Product color may slightly vary due to photographic lighting sources or your device settings.",https://nishatlinen.com/collections/women/products/42403377,"image_1_361_1.jpg, image_1_361_2.jpg, image_1_361_3.jpg"
3 Piece - Printed Loose Fabric - 42403278 - Shirt / 3 / 3,Rs. 455.00 - Rs. 527.00,"Radiate confidence and charm with this printed three-piece from the latest freedom to buy summer collection.
Product Detail:
Paisleys Printed Style Shirt with Dupatta and Trousers
SHIRT
Shirt: 3 Meter (RS 750/-Mtr)
Fabric: Lawn
Color: Mustard
DUPATTA
Dupatta: 2.5 Meter (RS 780/-Mtr)
Fabric: Voile
Color: Mustard
TROUSERS
Trousers: 2.5 Meter (RS 680/-Mtr)
Fabric: Cambric
Color: ﻿Mustard
Note:
Product color may slightly vary due to photographic lighting sources or your device settings.",https://nishatlinen.com/products/42403278,"image_1_362_1.jpg, image_1_362_2.jpg, image_1_362_3.jpg"
2 Piece - Printed Suit - PS24-285 - XS,"Rs. 6,660.00 Rs. 3,996.00","Embrace the whispers of timeless elegance this printed two-piece suit from the latest pret summer collection.
Product Detail
Printed Shirt With Trousers
Shirt
Band Neckline With Placket & Slit, Buttons Detail On Placket & Cuff, Printed Shirt
Fabric: Lawn
Color: Skin
Trousers
Loose Printed Trousers
Fabric: Cambric
Color: Skin
Note:
Product color may vary slightly due to photographic lighting sources or monitor settings.",https://nishatlinen.com/collections/women/products/ps24-285,"image_1_363_1.jpg, image_1_363_2.jpg, image_1_363_3.jpg"
3 Piece - Printed Embroidered Suit - PE24-385 - XS,"Rs. 9,740.00 Rs. 5,844.00","Radiate positivity and vibrancy in this printed embroidered three-piece suit from the latest pret summer collection. 
Product Detail
Printed Embroidered Shirt With Dupatta & Trousers
Shirt
Round Band Neckline With Placket, Embroidered Front, Straight Shirt
Fabric: Lawn
Color: Green
Dupatta
Tassels Detail At Dupatta Corners
Fabric: Chiffon
Color: Green
Trousers
Straight Trousers
Fabric: Cambric
Color: Green
Note:
Product color may vary slightly due to photographic lighting sources or monitor settings.",https://nishatlinen.com/collections/women/products/pe24-385,"image_1_364_1.jpg, image_1_364_2.jpg, image_1_364_3.jpg"
1 Piece - Digital Printed Loose Fabric - 42403220 - Shirt / 3 / 3,Rs. 830.00 Rs. 540.00,"Embrace elegance with the digital printed one-piece from the latest freedom to buy summer collection.
Product Detail:
Floral Vines Printed Style Shirt 
SHIRT
Shirt: 3 Meter (RS 800/-Mtr)
Fabric: Dobby Lawn
Color: Dull Red

Note:
Product color may slightly vary due to photographic lighting sources or your device settings.",https://nishatlinen.com/products/42403220,"image_1_365_1.jpg, image_1_365_2.jpg, image_1_365_3.jpg"
Embroidered Shirt - PS24-78 - XS,"Rs. 4,100.00 Rs. 2,460.00","Command attention and leave a lasting impression with this embroidered shirt from the latest pret summer collection.
Product Detail
Embroidered Shirt
Shirt
Band Neckline With Placket & Buttons Detail, Embroidered Sleeves, Button Down Shirt
Fabric: Cambric
Color: Pistachio
Note:
Product color may vary slightly due to photographic lighting sources or monitor settings.",https://nishatlinen.com/collections/women/products/ps24-78,"image_1_366_1.jpg, image_1_366_2.jpg, image_1_366_3.jpg"
Slip - PS24-282 - XS,"Rs. 1,430.00 Rs. 1,144.00","Add comfort and a soft and smooth feel to your daily wear with this slip from the latest winter collection.
Product Detail
Basic Slip
Slip
Round Neckline
Fabric: Voile
Color: Off White
Note:
Product color may slightly vary due to photographic lighting sources or your monitor settings.",https://nishatlinen.com/products/ps24-282,image_1_367_1.jpg
2 Piece - Embroidered Suit - PE24-69 - XS,"Rs. 6,150.00 Rs. 3,690.00","Define your unique style with a touch of elegance in this embroidered two-piece suit from the latest pret summer collection. 
Product Detail
Embroidered Shirt With Trousers
Shirt
Band Neckline With Placket, Embroidered Front & Sleeves
Fabric: Cambric
Color: Pink
Trousers
Loose Straight Trousers
Fabric: Cambric
Color: Pink
Note:
Product color may vary slightly due to photographic lighting sources or monitor settings.",https://nishatlinen.com/products/pe24-69,"image_1_368_1.jpg, image_1_368_2.jpg, image_1_368_3.jpg"
2 Piece - Printed Suit With Laces - 42401600,"Rs. 5,130.00 Rs. 3,334.50","Exude grace in this printed two-piece from the latest unstitched summer collection.
Product Detail:
Mughal Motifs With Tie & Dyes Textures Printed Style Shirt with Dupatta
SHIRT
Printed Super Fine Lawn Shirt: 3 Meter
1 Lace: 1.25 Meter
1 Lace: 2.5 Meter
Fabric: Lawn
Color: Pink
DUPATTA
Digital Printed Banarsi Slub Dupatta: 2.5 Meter
Fabric: Banarsi Slub
Color: ﻿Pink
Note:
Product color may slightly vary due to photographic lighting sources or your device settings.",https://nishatlinen.com/collections/women/products/42401600,"image_1_369_1.jpg, image_1_369_2.jpg, image_1_369_3.jpg"
3 Piece - Printed Loose Fabric - 42403296 - Shirt / 3 / 3,Rs. 880.00 Rs. 572.00,"Give your best in artistic style printed three-piece from the latest freedom to buy summer collection.
Product Detail:
Leafy Silhouettes Printed Style Shirt with Dupatta and Trousers 
SHIRT
Shirt: 3 Meter (RS 750/-Mtr)
Fabric: Lawn
Color: Orange
DUPATTA
Dupatta: 2.5 Meter (RS 780/-Mtr)
Fabric: Voile
Color: Orange
TROUSERS
Trousers: 2.5 Meter (RS 680/-Mtr)
Fabric: Cambric
Color: Orange
Note:
Product color may slightly vary due to photographic lighting sources or your device settings.",https://nishatlinen.com/collections/women/products/42403296,"image_1_370_1.jpg, image_1_370_2.jpg, image_1_370_3.jpg"
Embroidered Tunic - AS24-78 - XS,"Rs. 5,690.00 Rs. 3,414.00","Add glamour to your look instantly with this embroidered tunic from the latest pret summer collection.
Product Detail
Embroidered Tunic
Tunic
Round Neckline With Tie-Up Dorri & Tassels Detail, Embroidered Front & Gathered Sleeves, Short Tunic
Fabric: Leno Kara
Color: Black
Note:
Product color may vary slightly due to photographic lighting sources or monitor settings.",https://nishatlinen.com/collections/women/products/as24-78,"image_1_371_1.jpg, image_1_371_2.jpg, image_1_371_3.jpg"
2 Piece - Dyed Embroidered Suit - 42401955,"Rs. 5,640.00 Rs. 3,666.00","Add more substance to your personality by wearing this dyed embroidered two-piece from the latest unstitched summer collection.
Product Detail:
Style Shirt with Trousers
SHIRT
Solid Cambric Shirt: 3 Meter
Embroidered Front + Sleeves + Border
Fabric: Cambric
Color: Mauve
TROUSERS
Solid Cambric Trousers: 2.5 Meter
Fabric: Cambric
Color: Mauve
Note:
Product color may slightly vary due to photographic lighting sources or your device settings.",https://nishatlinen.com/collections/women/products/42401955,"image_1_372_1.jpg, image_1_372_2.jpg, image_1_372_3.jpg"
Printed Shirt - PS24-246 - XS,"Rs. 4,610.00 Rs. 2,766.00","Enliven your look with this printed shirt from the latest pret summer collection.
Product Detail
Printed Shirt
Shirt
Band Neckline With Slit, A-Line Shirt
Fabric: Lawn
Color: Blue
Note:
Product color may vary slightly due to photographic lighting sources or monitor settings.",https://nishatlinen.com/products/ps24-246,"image_1_373_1.jpg, image_1_373_2.jpg, image_1_373_3.jpg"
1 Piece - Digital Printed Loose Fabric - 42403061 - Shirt / 3 / 3,Rs. 670.00 Rs. 436.00,"Elevate your beachside fashion with the allure of our digital printed one-piece from the latest freedom to buy summer collection.
Product Detail:
Floral Printed Style Shirt
SHIRT
Shirt: 3 Meter (RS 1090/-Mtr)
Fabric: Fancy Strip
Color: Off White
Note:
Product color may slightly vary due to photographic lighting sources or your device settings.",https://nishatlinen.com/products/42403061,"image_1_374_1.jpg, image_1_374_2.jpg, image_1_374_3.jpg"
3 Piece - Printed Suit - 42401665,"Rs. 5,640.00 Rs. 3,666.00","Upgrade your evening outdoor look with our printed three-piece from the latest unstitched summer collection.
Product Detail:
Chunri Printed Style Style Shirt with Dupatta and Trousers
SHIRT
Printed Super Fine Lawn Shirt: 3 Meter
Fabric: Lawn
Color: White
DUPATTA
Digital Printed Muzlin Dupatta: 2.5 Meter
Fabric: Muzlin
Color: White
TROUSERS
Dyed Cambric Trousers: 2.5 Meter
Fabric: Cambric
Color: White
Note:
Product color may slightly vary due to photographic lighting sources or your device settings.",https://nishatlinen.com/collections/women/products/42401665,"image_1_375_1.jpg, image_1_375_2.jpg, image_1_375_3.jpg"
2 Piece - Embroidered Suit - PS24-74 - XS,"Rs. 8,720.00 Rs. 5,232.00","Unleash your inner artist with this exquisite embroidered two-piece suit from the latest pret summer collection. 

Product Detail
Embroidered Shirt With Dupatta
Shirt
Band Neckline with Piping & Slit, Embroidered Front & Sleeves Edges
Fabric: Cambric
Color: Blue
Dupatta
Embroidered Borders
Fabric: Silk
Color: Blue
Note:
Product color may vary slightly due to photographic lighting sources or monitor settings.",https://nishatlinen.com/products/ps24-74,"image_1_376_1.jpg, image_1_376_2.jpg, image_1_376_3.jpg"
3 Piece - Embroidered Suit - 42402179,"Rs. 10,490.00 Rs. 8,392.00","Add a pop of color with this embroidered three-piece from the latest unstitched summer collection.
Product Detail:
Chevron Style Shirt with Dupatta and Trousers
SHIRT
Solid Satin Shirt: 3 Meter
Embroidered Front Panel + Border
Fabric: Satin
Color: Pink & Off White
DUPATTA
Printed Khadi Silk Dupatta: 2.23 Meter
Fabric: Khadi Silk
Color: Pink
TROUSERS
Solid Satin Trousers: 2.5 Meter
Fabric: Satin
Color: Off White
Note:
Product color may slightly vary due to photographic lighting sources or your device settings.",https://nishatlinen.com/collections/women/products/42402179,"image_1_377_1.jpg, image_1_377_2.jpg, image_1_377_3.jpg"
3 Piece - Printed Loose Fabric - 42403366 - Dupatta / 2.5 / 2.5,Rs. 455.00 - Rs. 533.00,"Brighten up your wardrobe with this printed three-piece from the latest freedom to buy summer collection.
Product Detail
Modern Printed Style Shirt with Dupatta and Trousers 
SHIRT
Shirt: 3 Meter (RS 800/-Mtr) 
Fabric: Lawn
Color: Off White 
DUPATTA
Dupatta: 2.5 Meter (RS 820/-Mtr) 
Fabric: Voile
Color: Pink
TROUSERS
Trousers: 2.5 Meter (RS 700/-Mtr) 
Fabric: Cambric
Color: Off White
Note:
Product color may slightly vary due to photographic lighting sources or your device settings.",https://nishatlinen.com/products/42403366,"image_1_378_1.jpg, image_1_378_2.jpg, image_1_378_3.jpg"
3 Piece - Digital Printed Jacquard Suit - 42401185,"Rs. 7,690.00 Rs. 4,998.50","Exude grace in our digital printed jacquard three-piece from the latest unstitched summer collection.
Product Detail:
Roses With Lace Borders Style Shirt with Dupatta and Trousers
SHIRT
Digital Printed Brochia Jacquard Shirt: 3 Meter
Fabric: Brochia Jacquard
Color: Peach
DUPATTA
Digital Printed Brochia Jacquard Dupatta: 2.5 Meter
Fabric: Brochia Jacquard
Color: Peach
TROUSERS
Dyed Cambric Trousers: 2.5 Meter
Fabric: Cambric
Color: Peach
Note:
Product color may slightly vary due to photographic lighting sources or your device settings.",https://nishatlinen.com/collections/women/products/42401185,"image_1_379_1.jpg, image_1_379_2.jpg, image_1_379_3.jpg"
3 Piece - Printed Embroidered Suit - 42402031,"Rs. 9,490.00 Rs. 6,168.50","Style up with this new designer dress printed embroidered three-piece from the latest unstitched summer collection.
Product Detail:
Floral Motifs & Textured Pattern In Printed Form Shirt with Dupatta and Trousers
SHIRT
Printed Super Fine Lawn Shirt: 3 Meter
Embroidered Neckline + Motifs
Fabric: Lawn
Color: Brown
DUPATTA
Printed Banarsi Brochia Dupatta: 2.5 Meter
Fabric: Banarsi Brochia
Color: Brown
TROUSERS
Solid Cambric Trousers: 2.5 Meter
Fabric: Cambric
Color: Brown
Note:
Product color may slightly vary due to photographic lighting sources or your device settings.",https://nishatlinen.com/products/42402031,"image_1_380_1.jpg, image_1_380_2.jpg, image_1_380_3.jpg"
3 Piece - Printed Suit - 42401811,"Rs. 6,660.00 Rs. 4,329.00","Glow-up for evening events by wearing this printed three-piece from the latest unstitched summer collection.
Product Detail:
Floral Printed Style Shirt with Dupatta and Trousers
SHIRT
Printed Super Fine Lawn Shirt: 3 Meter
Fabric: Lawn
Color: Light Green
DUPATTA
Digital Printed Crinkle Chiffon Dupatta: 2.5 Meter
Fabric: Crinkle Chiffon
Color: Light Green
TROUSERS
Printed Cambric Trousers: 2.5 Meter
Fabric: Cambric
Color: Light Green
Note:
Product color may slightly vary due to photographic lighting sources or your device settings.",https://nishatlinen.com/products/42401811,"image_1_381_1.jpg, image_1_381_2.jpg, image_1_381_3.jpg"
2 Piece - Printed Embroidered Suit - 42401772,"Rs. 5,130.00 Rs. 3,334.50","Catch versatile look by wearing this printed embroidered two-piece from the latest unstitched summer collection.
Product Detail:
Animal Print With Floral Style Shirt with Dupatta
SHIRT
Printed Super Fine Lawn Shirt: 3 Meter
Embroidered Motifs
Fabric: Lawn
Color: Beige & Black
DUPATTA
Digital Printed Crinkle Chiffon Dupatta: 2.5 Meter
Fabric: Crinkle Chiffon
Color: Multi
Note:
Product color may slightly vary due to photographic lighting sources or your device settings.",https://nishatlinen.com/products/42401772,"image_1_382_1.jpg, image_1_382_2.jpg, image_1_382_3.jpg"
3 Piece - Printed Loose Fabric - 42403372 - Shirt / 3 / 3,Rs. 455.00 - Rs. 533.00,"Brighten up your wardrobe with this printed three-piece from the latest freedom to buy summer collection.
Product Detail
Floral Printed Style Shirt with Dupatta and Trousers 
SHIRT
Shirt: 3 Meter (RS 780/-Mtr) 
Fabric: Lawn
Color: Light Grey
DUPATTA
Dupatta: 2.5 Meter (RS 800/-Mtr) 
Fabric: Voile
Color: Light Grey
TROUSERS
Trousers: 2.5 Meter (RS 700/-Mtr) 
Fabric: Cambric
Color: Light Grey
Note:
Product color may slightly vary due to photographic lighting sources or your device settings.",https://nishatlinen.com/collections/women/products/42403372,"image_1_383_1.jpg, image_1_383_2.jpg, image_1_383_3.jpg"
2 Piece - Printed Suit - PE24-351 - XS / S,"Rs. 4,570.00 Rs. 2,742.00","Dress yourself in this finest printed two-piece suit from the latest pret summer collection. 
Product Detail
Printed Shirt With Trousers
Shirt
Band Neckline With Buttons Detail On Placket
Fabric: Cambric
Color: Skin
Trousers
Printed Loose Straight Trousers
Fabric: Cambric
Color: Skin
Note:
Product color may vary slightly due to photographic lighting sources or monitor settings.",https://nishatlinen.com/products/pe24-351,"image_1_384_1.jpg, image_1_384_2.jpg, image_1_384_3.jpg"
3 Piece - Embroidered Suit - 42401246,"Rs. 8,200.00 Rs. 5,330.00","Make an inspiring statement with our embroidered three-piece from the latest unstitched summer collection.
Product Detail:
Colorful Abstract Textures Style Shirt with Dupatta and Trousers
SHIRT
Dyed Cambric Shirt: 3 Meter
Embroidered Front + Border
Fabric: Cambric
Color: Off White
DUPATTA
Digital Printed Crinkle Chiffon Dupatta: 2.5 Meter
Fabric: Crinkle Chiffon
Color: Multi
TROUSERS
Dyed Cambric Trousers: 2.5 Meter
Fabric: Cambric
Color: Off White
Note:
Product color may slightly vary due to photographic lighting sources or your device settings.",https://nishatlinen.com/products/42401246,"image_1_385_1.jpg, image_1_385_2.jpg, image_1_385_3.jpg"
Embroidered Shirt - PE24-101 - XS,"Rs. 5,330.00 Rs. 3,198.00","Immerse yourself in a symphony of elegance and style with this embroidered shirt from the latest pret summer collection.
Product Detail
Embroidered Shirt
Shirt
Band Neckline With Piping & Slit, Embroidered Front & Sleeves
Fabric: Cambric
Color: White
Note:
Product color may vary slightly due to photographic lighting sources or monitor settings.",https://nishatlinen.com/collections/women/products/pe24-101,"image_1_386_1.jpg, image_1_386_2.jpg, image_1_386_3.jpg"
Printed Shirt - PS24-338 - XS,"Rs. 3,590.00 Rs. 2,154.00","Elevate your daily style with this printed shirt from the latest pret summer collection.
Product Detail
Printed Shirt
Shirt
Round Neckline With Slit Piping & Adda Detailing, Lace Detail At Sleeves, Flared Shirt
Fabric: Lawn
Color: Purple
Note:
Product color may vary slightly due to photographic lighting sources or monitor settings.",https://nishatlinen.com/products/ps24-338,"image_1_387_1.jpg, image_1_387_2.jpg, image_1_387_3.jpg"
Embroidered Trousers - PE24-256 - XS,"Rs. 2,560.00 Rs. 1,536.00","Upgrade your wardrobe with this embroidered trousers from the latest pret summer collection. 
Product Detail
Embroidered Trousers
Trousers
Loose Straight Trousers With Embroidered Hem
Fabric: Cambric
Color: Off White
Note:
Product color may vary slightly due to photographic lighting sources or monitor settings.",https://nishatlinen.com/collections/women/products/pe24-256,"image_1_388_1.jpg, image_1_388_2.jpg, image_1_388_3.jpg"
3 Piece - Printed Loose Fabric - 42403161 - Dupatta / 2.5 / 2.5,Rs. 830.00 Rs. 540.00,"Style your casual outfit for contemporary modern look with this printed three-piece from the latest freedom to buy summer collection.
Product Detail:
Floral Mix Printed Style Shirt with Dupatta and Trousers
SHIRT
Shirt: 3 Meter (RS 730/-Mtr)
Fabric: Lawn
Color: Grey
DUPATTA
Dupatta: 2.5 Meter (RS 750/-Mtr)
Fabric: Voile
Color: Grey
TROUSERS
Trousers: 2.5 Meter (RS 690/-Mtr)
Fabric: Cambric
Color: Grey
Note:
Product color may slightly vary due to photographic lighting sources or your device settings.",https://nishatlinen.com/collections/women/products/42403161,"image_1_389_1.jpg, image_1_389_2.jpg, image_1_389_3.jpg"
3 Piece - Jacquard Suit - 42402122,"Rs. 9,990.00 Rs. 7,992.00","Revitalize your style with this jacquard three-piece from the latest unstitched summer collection.
Product Detail:
Mughal Block Print Style Shirt with Dupatta and Trousers
SHIRT
Jacquard Shirt: 3 Meter
1 Lace: 1.25 Meter
1 Lace: 2.5 Meter
Fabric: Jacquard
Color: Burgundy
DUPATTA
Digital Printed Crinkle Chiffon Dupatta: 2.5 Meter
Fabric: Crinkle Chiffon
Color: Burgundy
TROUSERS
Jacquard Trousers: 2.5 Meter
Fabric: Jacquard
Color: Burgundy
Note:
Product color may slightly vary due to photographic lighting sources or your device settings.",https://nishatlinen.com/products/42402122,"image_1_390_1.jpg, image_1_390_2.jpg, image_1_390_3.jpg"
2 Piece - Printed Suit - PS24-327 - XS,"Rs. 4,820.00 Rs. 2,892.00","Make your effortless summer style by wearing this printed two-piece suit from the latest pret summer collection.
Product Detail
Printed Shirt With Trousers
Shirt
Band Overlap V Neckline, Classic Loose Shirt
Fabric: Cambric
Color: Grey
Trousers
Straight Trousers
Fabric: Cambric
Color: Grey
Note:
Product color may vary slightly due to photographic lighting sources or monitor settings.",https://nishatlinen.com/products/ps24-327,"image_1_391_1.jpg, image_1_391_2.jpg, image_1_391_3.jpg"
3 Piece - Embroidered Suit - 42402059,"Rs. 8,720.00 Rs. 5,668.00","Adorn grace with this embroidered three-piece from the latest unstitched summer collection.
Product Detail:
Embellished Mughal Motifs Style Shirt with Dupatta & Trousers
SHIRT
Solid Slub Cambric Shirt: 3 Meter
Embroidered Front + Sleeves + Border
Fabric: Slub Cambric
Color: Black 
DUPATTA
Digital Printed Slub Dupatta: 2.5 Meter
Fabric: Slub
Color: Black
TROUSERS
Solid Cambric Trousers: 2.5 Meter
Fabric: Cambric
Color: Black
Note:
Product color may slightly vary due to photographic lighting sources or your device settings.",https://nishatlinen.com/products/42402059,"image_1_392_1.jpg, image_1_392_2.jpg, image_1_392_3.jpg"
3 Piece - Printed Embroidered Suit - 42401823,"Rs. 9,990.00 Rs. 6,493.50","Catch versatile look by wearing this printed embroidered three-piece from the latest unstitched summer collection.
Product Detail:
Floral Style Shirt with Dupatta and Trousers
SHIRT
Printed Super Fine Lawn Shirt: 3 Meter
Embroidered Front + Motifs
Fabric: Lawn
Color: Grey
DUPATTA
Embroidered Organza Dupatta: 2.5 Meter
Fabric: Organza
Color: Grey
TROUSERS
Solid Cambric Trousers: 2.5 Meter
Fabric: Cambric
Color: Grey
Note:
Product color may slightly vary due to photographic lighting sources or your device settings.",https://nishatlinen.com/products/42401823,"image_1_393_1.jpg, image_1_393_2.jpg, image_1_393_3.jpg"
3 Piece - White & Gold Paste Printed Embroidered Suit - 42401893,"Rs. 8,720.00 Rs. 5,668.00","Elevate your wardrobe with white & gold paste printed embroidered three-piece from the latest unstitched summer collection.
Product Detail:
Decorative & Dori Style Motifs Style Shirt with Dupatta and Trousers
SHIRT
Gold & White Paste Printed Super Fine Lawn Shirt: 3 Meter
Embroidered Motifs +  Border
Fabric: Lawn
Color: Green
DUPATTA
Gold & White Paste Printed Lawn Dupatta: 2.5 Meter
Fabric: Lawn
Color: Green
TROUSERS
Dyed Cambric Trousers: 2.5 Meter
Fabric: Cambric
Color: ﻿Green
Note:
Product color may slightly vary due to photographic lighting sources or your device settings.",https://nishatlinen.com/products/42401893,"image_1_394_1.jpg, image_1_394_2.jpg, image_1_394_3.jpg"
3 Piece - Gold Paste Printed Embroidered Suit - 42401901,"Rs. 8,720.00 Rs. 5,668.00","Celebrate timeless elegance in our gold paste printed embroidered three-piece from the latest unstitched summer collection.
Product Detail:
Paisleys Prints Style Shirt with Dupatta and Trousers
SHIRT
Gold Paste Printed Super Fine Lawn Shirt: 3 Meter
Embroidered Neckline + Border
Fabric: Lawn
Color: Blue
DUPATTA
Gold Paste Printed Lawn Dupatta: 2.5 Meter
Fabric: Lawn
Color: Magenta
TROUSERS
Dyed Cambric Trousers: 2.5 Meter
Fabric: Cambric
Color: Blue
Note:
Product color may slightly vary due to photographic lighting sources or your device settings.",https://nishatlinen.com/products/42401901,"image_1_395_1.jpg, image_1_395_2.jpg, image_1_395_3.jpg"
2 Piece - Printed Suit With Laces - 42401606,"Rs. 5,130.00 Rs. 3,334.50","Refresh your vibe with this printed two-piece from the latest unstitched summer collection.
Product Detail:
Banarsi Printed Style Shirt with Dupatta
SHIRT
Printed Super Fine Lawn Shirt: 3 Meter
1 Lace: 1.25 Meter
1 Lace: 2.5 Meter
Fabric: Lawn
Color: Green
DUPATTA
Digital Printed Banarsi Slub Dupatta: 2.5 Meter
Fabric: Banarsi Slub
Color: ﻿Green
Note:
Product color may slightly vary due to photographic lighting sources or your device settings.",https://nishatlinen.com/products/42401606,"image_1_396_1.jpg, image_1_396_2.jpg, image_1_396_3.jpg"
3 Piece - Printed Suit - 42401878,"Rs. 5,640.00 Rs. 3,666.00","Make you look flawless on your special days by wearing printed three-piece from the latest unstitched summer collection.
Product Detail:
Mughal Floral Prints Style Shirt with Dupatta and Trousers
SHIRT
Printed Super Fine Lawn Shirt: 3 Meter
Fabric: Lawn
Color: Mink
DUPATTA
Digital Printed Muzlin Dupatta: 2.5 Meter
Fabric: Muzlin
Color: Mink
TROUSERS
Dyed Cambric Trousers: 2.5 Meter
Fabric: Cambric
Color: Mink
Note:
Product color may slightly vary due to photographic lighting sources or your device settings.",https://nishatlinen.com/products/42401878,"image_1_397_1.jpg, image_1_397_2.jpg, image_1_397_3.jpg"
3 Piece - Printed Embroidered Suit - 42401699,"Rs. 8,200.00 Rs. 5,330.00","Get the most significant look by wearing this printed embroidered three-piece from the latest unstitched summer collection.
Product Detail:
Ralli Patterns With Vibrant Floral Prints Style Shirt with Dupatta and Trousers
SHIRT
Printed Super Fine Lawn Shirt: 3 Meter
Embroidered Motifs + 2 Borders
Fabric: Lawn
Color: Green
DUPATTA
Digital Printed Voile Dupatta: 2.5 Meter
Fabric: Voile
Color: Multi
TROUSERS
Printed Cambric Trousers: 2.5 Meter
Fabric: Cambric
Color: Green
Note:
Product color may slightly vary due to photographic lighting sources or your device settings.",https://nishatlinen.com/collections/women/products/42401699,"image_1_398_1.jpg, image_1_398_2.jpg, image_1_398_3.jpg"
2 Piece - Printed Dress - FE24-62 - XS,"Rs. 9,750.00 Rs. 5,850.00","Celebrate the artistry of femininity with this printed two-piece dress from the latest pret summer collection.
Product Detail
Printed Gown With Inner
Gown
Round Neckline, Upper Gown With Buttons & Loops Detail
Fabric: Lawn
Color: Carrot
Inner
Round Neckline
Fabric: Lawn
Color: Carrort
Note:
Product color may vary slightly due to photographic lighting sources or monitor settings.",https://nishatlinen.com/collections/women/products/fe24-62,"image_1_399_1.jpg, image_1_399_2.jpg, image_1_399_3.jpg"
1 Piece - Digital Printed Loose Fabric - 42403350 - Shirt / 3 / 3,Rs. 880.00 Rs. 572.00,"Make an elegant entrance on special occasions in this beautiful digital printed one-piece from the latest freedom to buy summer collection.
Product Detail:
Floral Printed Style Shirt 
SHIRT
Shirt: 3 Meter (RS 850/-Mtr)
Fabric: Dobby Lawn
Color: White
Note:
Product color may slightly vary due to photographic lighting sources or your device settings.",https://nishatlinen.com/collections/women/products/42403350,"image_1_400_1.jpg, image_1_400_2.jpg, image_1_400_3.jpg"
2 Piece - Printed Suit - 42401093,"Rs. 4,610.00 Rs. 2,996.50","Radiate effortless elegance in this adorable printed two-piece from the latest unstitched summer collection.
Product Detail:
Decorative Floral Mix Prints Style Shirt with Dupatta
SHIRT
Printed Super Fine Lawn Shirt: 3 Meter
Fabric: Lawn
Color: Blue
DUPATTA
Digital Printed Crinkle Chiffon Dupatta: 2.5 Meter
Fabric: Crinkle Chiffon
Color: Off White
Note:
Product color may slightly vary due to photographic lighting sources or your device settings.",https://nishatlinen.com/collections/women/products/42401093,"image_1_401_1.jpg, image_1_401_2.jpg, image_1_401_3.jpg"
3 Piece - Digital Printed Loose Fabric - 42403376 - Shirt / 3 / 3,Rs. 455.00 - Rs. 533.00,"Strut in style with this digital printed three-piece from the latest freedom to buy summer collection.
Product Detail
Modern Printed Style Shirt with Dupatta and Trousers 
SHIRT
Shirt: 3 Meter (RS 800/-Mtr) 
Fabric: Lawn
Color: Off White
DUPATTA
Dupatta: 2.5 Meter (RS 820/-Mtr) 
Fabric: Voile
Color: Off White
TROUSERS
Trousers: 2.5 Meter (RS 700/-Mtr) 
Fabric: Cambric
Color: Off White
Note:
Product color may slightly vary due to photographic lighting sources or your device settings.",https://nishatlinen.com/products/42403376,"image_1_402_1.jpg, image_1_402_2.jpg, image_1_402_3.jpg"
Embroidered Shirt - PS24-19 - XS,"Rs. 4,310.00 Rs. 2,586.00","Embrace glamour & shine like a star with this embroidered shirt from the latest pret pre summer collection.
Product Detail
Embroidered Shirt
Shirt
Band Neckline With Lace Patch Detail, Pearls & Loops Detail At Sleeves, Front Open Hem
Fabric: Jacquard
Color: Mustard
Note:
Product color may vary slightly due to photographic lighting sources or monitor settings.",https://nishatlinen.com/collections/women/products/ps24-19,"image_1_403_1.jpg, image_1_403_2.jpg, image_1_403_3.jpg"
3 Piece - Printed Loose Fabric - 42403046 - Shirt / 3 / 3,Rs. 670.00 Rs. 436.00,"Look famous wih this printed three-piece from the latest freedom to buy summer collection.
Product Detail:
Modern Floral With Stripes Printed Style Shirt with Dupatta and Trousers
SHIRT
Shirt: 3 Meter (RS 730/-Mtr)
Fabric: Lawn
Color: Beige
DUPATTA
Dupatta: 2.5 Meter (RS 750/-Mtr)
Fabric: Voile
Color: Beige
TROUSERS
Trousers: 2.5 Meter (RS 690/-Mtr)
Fabric: Cambric
Color: ﻿Beige
Note:
Product color may slightly vary due to photographic lighting sources or your device settings.",https://nishatlinen.com/products/42403046,"image_1_404_1.jpg, image_1_404_2.jpg, image_1_404_3.jpg"
3 Piece - Printed Loose Fabric - 42403004 - Shirt / 3 / 3,Rs. 670.00 Rs. 436.00,"Embrace the season with our printed three-piece from the latest freedom to buy summer collection.
Product Detail:
Modern Floral Silhouettes Printed Style Shirt with Dupatta and Trousers
SHIRT
Shirt: 3 Meter (RS 730/-Mtr)
Fabric: Lawn
Color: Blue & Cream
DUPATTA
Dupatta: 2.5 Meter (RS 750/-Mtr)
Fabric: Voile
Color: Blue
Note: Fabric used in shoot for gown is dupatta fabric
TROUSERS
Trousers: 2.5 Meter (RS 650/-Mtr)
Fabric: Cambric
Color: Cream
Note:
Product color may slightly vary due to photographic lighting sources or your device settings.",https://nishatlinen.com/collections/women/products/42403004,"image_1_405_1.jpg, image_1_405_2.jpg, image_1_405_3.jpg"
3 Piece - Printed Loose Fabric - 42403367 - Dupatta / 2.5 / 2.5,Rs. 455.00 - Rs. 533.00,"Embrace the season with our printed three-piece from the latest freedom to buy summer collection.
Product Detail
Floral Bunches Printed Style Shirt with Dupatta and Trousers 
SHIRT
Shirt: 3 Meter (RS 780/-Mtr)
Fabric: Lawn
Color: Mint
DUPATTA
Dupatta: 2.5 Meter (RS 800/-Mtr) 
Fabric: Voile
Color: Mint
TROUSERS
Trousers: 2.5 Meter (RS 700/-Mtr) 
Fabric: Cambric
Color: Mint
Note:
Product color may slightly vary due to photographic lighting sources or your device settings.",https://nishatlinen.com/products/42403367,"image_1_406_1.jpg, image_1_406_2.jpg, image_1_406_3.jpg"
3 Piece - Printed Embroidered Suit - 42401643,"Rs. 9,740.00 Rs. 6,331.00","Build your core wardrobe with this printed embroidered three-piece from the latest unstitched summer collection.
Product Detail:
Foliage Prints Style Shirt with Dupatta and Trousers
SHIRT
Solid Cambric Shirt: 3 Meter
Embroidered Front + Motifs + Border
Fabric: Cambric
Color: Powder Pink
DUPATTA
Digital Printed Brochia Dupatta: 2.5 Meter
Fabric: Brochia
Color: Powder Pink & Green
TROUSERS
Printed Cambric Trousers: 2.5 Meter
Fabric: Cambric
Color: Powder Pink
Note:
Product color may slightly vary due to photographic lighting sources or your device settings.",https://nishatlinen.com/products/42401643,"image_1_407_1.jpg, image_1_407_2.jpg, image_1_407_3.jpg"
1 Piece - Digital Printed Loose Fabric - 42403392 - Shirt / 3 / 3,Rs. 830.00 Rs. 540.00,"Revitalize your casual look with this digital printed one-piece from the latest freedom to buy summer collection.
Product Detail:
Line Art Flowers Printed Style Shirt 
SHIRT
Shirt: 3 Meter (RS 800/-Mtr)
Fabric: Dobby Lawn
Color: Black

Note:
Product color may slightly vary due to photographic lighting sources or your device settings.",https://nishatlinen.com/products/42403392,"image_1_408_1.jpg, image_1_408_2.jpg, image_1_408_3.jpg"
1 Piece - Digital Printed Loose Fabric - 42403284 - Shirt / 3 / 3,Rs. 455.00 - Rs. 527.00,"Effortlessly embody grace and charm in this beautifully digital printed one-piece from the latest freedom to buy summer collection.
Product Detail:
Floral Printed Style Shirt
SHIRT
Shirt: 3 Meter (RS 850/-Mtr)
Fabric: Dobby Lawn
Color: Multi
Note:
Product color may slightly vary due to photographic lighting sources or your device settings.",https://nishatlinen.com/products/42403284,"image_1_409_1.jpg, image_1_409_2.jpg, image_1_409_3.jpg"
2 Piece - Embroidered Suit - PS24-347 - XS,"Rs. 8,290.00 Rs. 4,974.00","Immerse yourself in a world of effortless glamour with this embroidered two-piece suit from the latest pret summer collection. 
Product Detail
Embroidered Shirt With Dupatta
Shirt
Band Neckline With Slit, Pintucks Detail On Sleeves, Embroidered Front, Straight Shirt
Fabric: Cambric
Color: Apple Green
Dupatta
Tassels Hanging Detail At Corners
Fabric: Rejo Net
Color: Apple Green
Note:
Product color may vary slightly due to photographic lighting sources or monitor settings.",https://nishatlinen.com/products/ps24-347,"image_1_410_1.jpg, image_1_410_2.jpg, image_1_410_3.jpg"
2 Piece - Printed Suit - PE24-374 - XS,"Rs. 7,180.00 Rs. 4,308.00","Symbolize your style in this printed two-piece suit from the latest pret summer collection. 
Product Detail
Printed Shirt With Dupatta
Shirt
Round Neckline With Slit & Tassels Detail, Printed Shirt With Dupatta
Fabric: Lawn
Color: Plum
Dupatta
Fabric: Poly stripe 
Color: Plum
Note:
Product color may vary slightly due to photographic lighting sources or monitor settings.",https://nishatlinen.com/products/pe24-374,"image_1_411_1.jpg, image_1_411_2.jpg, image_1_411_3.jpg"
2 piece - Digital Printed Embroidered Suit - 42401742,"Rs. 5,130.00 Rs. 3,334.50","Look gorgeous effortlessly by wearing this digital printed embroidered two-piece from the latest unstitched summer collection.
Product Detail:
Tie & Dye Patterns Prints Style Shirt with Trousers
SHIRT
Digital Printed Cambric Shirt: 3 Meter
Embroidered Neckline + Border
Fabric: Cambric
Color: Black
TROUSERS
Solid Cambric Trousers: 2.5 Meter
Fabric: Cambric
Color: Black
Note:
Product color may slightly vary due to photographic lighting sources or your device settings.",https://nishatlinen.com/collections/women/products/42401742,"image_1_412_1.jpg, image_1_412_2.jpg, image_1_412_3.jpg"
3 Piece - Printed Suit - 42401659,"Rs. 5,640.00 Rs. 3,666.00","Get special attention is given by wearing this printed three-piece from the latest unstitched summer collection.
Product Detail:
Bold Flowers Prints Style Shirt with Dupatta and Trousers
SHIRT
Printed Super Fine Lawn Shirt: 3 Meter
Fabric: Lawn
Color: Purple
DUPATTA
Digital Printed Muzlin Dupatta: 2.5 Meter
Fabric: Muzlin
Color: Purple
TROUSERS
Dyed Cambric Trousers: 2.5 Meter
Fabric: Cambric
Color: ﻿Purple
Note:
Product color may slightly vary due to photographic lighting sources or your device settings.",https://nishatlinen.com/products/42401659,"image_1_413_1.jpg, image_1_413_2.jpg, image_1_413_3.jpg"
1 Piece - Digital Printed Loose Fabric - 42403204 - Shirt / 3 / 3,Rs. 830.00 Rs. 540.00,"Capture hearts and mesmerize souls with our digital printed one-piece from the latest freedom to buy summer collection.
Product Detail:
Abstract Booti Motifs Printed Style Shirt 
SHIRT
Shirt: 3 Meter (RS 830/-Mtr)
Fabric: Dobby Check
Color: Skin

Note:
Product color may slightly vary due to photographic lighting sources or your device settings.",https://nishatlinen.com/products/42403204,"image_1_414_1.jpg, image_1_414_2.jpg, image_1_414_3.jpg"
3 Piece - Yarn Dyed Embroidered Suit - 42402172,"Rs. 8,490.00 Rs. 6,792.00","Build your core wardrobe with this yarn dyed embroidered three-piece from the latest unstitched summer collection.
Product Detail:
Yarn Dyed Dupatta With Stripes On Style Shirt and Trousers
SHIRT
Yarn Dyed Shirt: 3 Meter
Embroidered Neckline + Border
Fabric: Yarn Dyed
Color: Light Grey
DUPATTA
Yarn Dyed Dupatta: 2.5 Meter
Fabric: Yarn Dyed
Color: Blue
TROUSERS
Solid Cambric Trousers: 2.5 Meter
Fabric: Solid Cambric
Color: Light Grey
Note:
Product color may slightly vary due to photographic lighting sources or your device settings.",https://nishatlinen.com/products/42402172,"image_1_415_1.jpg, image_1_415_2.jpg, image_1_415_3.jpg"
3 Piece - Printed Suit - 42401677,"Rs. 4,100.00 Rs. 2,665.00","Look famous with this printed three-piece from the latest unstitched summer collection.
Product Detail:
Ethnic Printed Style Shirt with Dupatta and Trousers
SHIRT
Printed Lawn Shirt: 3 Meter
Fabric: Lawn
Color: Orange
DUPATTA
Printed Voile Dupatta: 2.5 Meter
Fabric: Voile
Color: Orange & Pink
TROUSERS
Solid Cambric Trousers: 2.5 Meter
Fabric: Cambric
Color: Pink
Note:
Product color may slightly vary due to photographic lighting sources or your device settings.",https://nishatlinen.com/collections/women/products/42401677,"image_1_416_1.jpg, image_1_416_2.jpg, image_1_416_3.jpg"
1 Piece - Gold Printed Loose Fabric - 42403354 - Dupatta / 2.5 / 2.5,Rs. 810.00 Rs. 527.00,"For an extraordinary look with gold printed one-piece from the latest freedom to buy summer collection.
Product Detail:
Dotted Textures In Printed Form Dupatta
Dupatta
Dupatta: 2.5 Meter (RS 850/-Mtr)
Fabric: Voile
Color: Skin
Note:
Product color may slightly vary due to photographic lighting sources or your device settings.",https://nishatlinen.com/products/42403354,"image_1_417_1.jpg, image_1_417_2.jpg, image_1_417_3.jpg"
Embroidered Shirt - PE24-108 - XS,"Rs. 4,820.00 Rs. 2,892.00","Add glamour to your look instantly with this embroidered shirt from the latest pret summer collection. 
Product Detail
Embroidered Shirt
Shirt
Band Neckline With Placket, Embroidered Sleeves
Fabric: Cambric
Color: Black & White
Note:
Product color may vary slightly due to photographic lighting sources or monitor settings.",https://nishatlinen.com/collections/women/products/pe24-108,"image_1_418_1.jpg, image_1_418_2.jpg, image_1_418_3.jpg"
1 Piece - Printed Loose Fabric - 42403083 - Dupatta / 2.5 / 2.5,Rs. 670.00 Rs. 436.00,"Indulge in the grandeur of fashion, making a graceful statement with our printed one-piece from the latest freedom to buy summer collection.
Product Detail:
Gradient Printed Style Dupatta
DUPATTA
Dupatta: 2.5 Meter (RS 750/-Mtr)
Fabric: Voile
Color: Skin
Note:
Product color may slightly vary due to photographic lighting sources or your device settings.",https://nishatlinen.com/collections/women/products/42403083,"image_1_419_1.jpg, image_1_419_2.jpg, image_1_419_3.jpg"
Embroidered Shalwar - PE24-263 - XS,"Rs. 3,070.00 Rs. 1,842.00","Upgrade your wardrobe with this embroidered shalwar from the latest pret summer collection.
Product Detail
Embroidered Shalwar
Shalwar
Embroidered Shalwar With Lace Detail On Hem
Fabric: Cambric
Color: Black
Note:
Product color may vary slightly due to photographic lighting sources or monitor settings.",https://nishatlinen.com/collections/women/products/pe24-263,"image_1_420_1.jpg, image_1_420_2.jpg, image_1_420_3.jpg"
PS24-382-Basic Tights - XS,"Rs. 1,430.00 Rs. 1,144.00","Look your best by wearing this basic tights from the latest summer collection to pair with any dress. 
Product Detail
Basic Tights
Tights
Fabric: Cotton
Color: Skin

Note:
Product color may slightly vary due to photographic lighting sources or your device settings",https://nishatlinen.com/products/ps24-382,image_1_421_1.jpg
3 Piece - Gold & Silver Printed Embroidered Suit - 42401907,"Rs. 8,720.00 Rs. 5,668.00","Delicate your look with this gold & silver printed embroidered three-piece from the latest unstitched summer collection.
Product Detail:
Ethnic Prints Style Shirt with Dupatta and Trousers
SHIRT
Gold & Silver Printed Super Fine Lawn Shirt: 3 Meter
Embroidered Motifs + Border
Fabric: Lawn
Color: Pink
DUPATTA
Gold & Silver Printed Voile Dupatta: 2.5 Meter
Fabric: Voile
Color: Pink
TROUSERS
Dyed Cambric Trousers: 2.5 Meter
Fabric: Cambric
Color: Pink
Note:
Product color may slightly vary due to photographic lighting sources or your device settings.",https://nishatlinen.com/collections/women/products/42401907,"image_1_422_1.jpg, image_1_422_2.jpg, image_1_422_3.jpg"
2 Piece - Printed Embroidered Suit - 42401948,"Rs. 5,640.00 Rs. 3,666.00","Glorify yourself with this amazing printed embroidered two-piece from the latest unstitched summer collection.
Product Detail:
Decorative Florals Prints Style Shirt with Dupatta 
SHIRT
Printed Super Fine Lawn Shirt: 3 Meter
Embroidered Neckline + 2 Borders
Fabric: Lawn
Color: Black
DUPATTA
Digital Printed Silk Dupatta: 2.5 Meter
Fabric: Silk
Color: Black
Note:
Product color may slightly vary due to photographic lighting sources or your device settings.",https://nishatlinen.com/collections/women/products/42401948,"image_1_423_1.jpg, image_1_423_2.jpg, image_1_423_3.jpg"
Printed Embroidered Shirt - PE24-422 - XS,"Rs. 6,150.00 Rs. 3,690.00","Ease your confusion for styling by wearing this printed embroidered shirt from the latest pret summer collection.
Product Detail
Printed Embroidered Shirt
Shirt
Round Neckline, Overlap Yoke With Tassels Detail, Embroidered Neckline & Sleeves Edges, Front Open Flared Shirt
Fabric: Lawn
Color: Maroon
Note:
Product color may vary slightly due to photographic lighting sources or monitor settings.",https://nishatlinen.com/products/pe24-422,"image_1_424_1.jpg, image_1_424_2.jpg, image_1_424_3.jpg"
Printed Dress - FE24-06 - XS,"Rs. 8,200.00 Rs. 4,920.00","Look and feel your best by wearing this printed dress from the latest pret summer collection. 
Product Detail
Printed Dress
Dress
Round Neckline, Yoke With Gathers Detail
Fabric: Monar Gold
Color: Dark Green
Note:
Product color may vary slightly due to photographic lighting sources or monitor settings.",https://nishatlinen.com/products/fe24-06,"image_1_425_1.jpg, image_1_425_2.jpg, image_1_425_3.jpg"
3 Piece - Printed Embroidered Suit - 42401558,"Rs. 8,720.00 Rs. 5,668.00","Add a fashion-forward vibe to your everyday look with this digital printed embroidered three-piece from the latest unstitched summer collection.
Product Detail:
Geometric With Stencil Patterns Style Shirt with Dupatta and Trousers
SHIRT
Digital Printed Zari Lawn Shirt: 3 Meter
2 Embroidered Motifs + Border
Fabric: Lawn
Color: Beige & Black
DUPATTA
Digital Printed Zari Lawn Dupatta: 2.5 Meter
Fabric: Lawn
Color: Beige & Black
TROUSERS
Dyed Cambric Trousers: 2.5 Meter
Fabric: Cambric
Color: Beige
Note:
Product color may slightly vary due to photographic lighting sources or your device settings.",https://nishatlinen.com/products/42401558,"image_1_426_1.jpg, image_1_426_2.jpg, image_1_426_3.jpg"
Printed Dress - FE24-68 - XS,"Rs. 10,260.00 Rs. 6,156.00","Ease your confusion about styling by wearing this printed dress from the latest pret summer collection. 
Product Detail
Printed Dress
Dress
Long V Neckline With Gusset Detail, Boxy Cut, Panel Insertion In Sleeves
Fabric: Cambric
Color: Green
Note:
Product color may vary slightly due to photographic lighting sources or monitor settings.",https://nishatlinen.com/collections/women/products/fe24-68,"image_1_427_1.jpg, image_1_427_2.jpg, image_1_427_3.jpg"
Embroidered Tunic - AS24-78 - XS,"Rs. 5,690.00 Rs. 3,414.00","Add glamour to your look instantly with this embroidered tunic from the latest pret summer collection.
Product Detail
Embroidered Tunic
Tunic
Round Neckline With Tie-Up Dorri & Tassels Detail, Embroidered Front & Gathered Sleeves, Short Tunic
Fabric: Leno Kara
Color: Black
Note:
Product color may vary slightly due to photographic lighting sources or monitor settings.",https://nishatlinen.com/products/as24-78,"image_1_428_1.jpg, image_1_428_2.jpg, image_1_428_3.jpg"
Printed Embroidered Shirt - PS24-241 - XS,"Rs. 4,690.00 Rs. 2,814.00","Look and feel your best by wearing this printed embroidered shirt from the latest pret summer collection. 
Product Detail
Printed Embroidered Shirt
Shirt
Round Neckline With Slit & Buttons Detail On Piping, Embroidered Neckline, Straight Shirt
Fabric: Lawn
Color: Pink
Note:
Product color may vary slightly due to photographic lighting sources or monitor settings.",https://nishatlinen.com/products/ps24-241,"image_1_429_1.jpg, image_1_429_2.jpg, image_1_429_3.jpg"
2 Piece - Printed Embroidered Suit - 42401711,"Rs. 5,640.00 Rs. 3,666.00","Upgrade your wardrobe with this printed embroidered two-piece from the latest unstitched summer collection.
Product Detail:
Floral With Laces Prints Style Shirt with Dupatta
SHIRT
Printed Super Fine Lawn Shirt: 3 Meter
2 Embroidered Motifs
Fabric: Lawn
Color: Blue
DUPATTA
Digital Printed Zari Chiffon Dupatta: 2.5 Meter
Fabric: Chiffon
Color: Blue
Note:
Product color may slightly vary due to photographic lighting sources or your device settings.",https://nishatlinen.com/collections/women/products/42401711,"image_1_430_1.jpg, image_1_430_2.jpg, image_1_430_3.jpg"
2 Piece - Embroidered Suit - PS24-316 - XS,"Rs. 8,290.00 Rs. 4,974.00","Radiate confidence and allure in this embroidered two-piece suit from the latest pret summer collection. 
Product Detail
Embroidered Shirt With Dupatta
Shirt
Round Neckline, Embroidered Neckline & Sleeves, Straight Shirt
Fabric: Cambric
Color: Peach
Dupatta
Fabric: Sequence 
Color: Peach
Note:
Product color may vary slightly due to photographic lighting sources or monitor settings.",https://nishatlinen.com/collections/women/products/ps24-316,"image_1_431_1.jpg, image_1_431_2.jpg, image_1_431_3.jpg"
2 Piece - Printed Suit - 42402144,"Rs. 3,290.00 Rs. 2,632.00","Brighten up your wardrobe with this printed two-piece from the latest unstitched summer collection.
Product Detail:
Block Printed Style Shirt with Trousers
SHIRT
Digital Printed Cambric Shirt: 3 Meter
Fabric: Cambric
Color: Skin
TROUSERS
Digital Printed Cambric Trousers: 2.5 Meter
Fabric: Cambric
Color: Skin
Note:
Product color may slightly vary due to photographic lighting sources or your device settings.",https://nishatlinen.com/products/42402144,"image_1_432_1.jpg, image_1_432_2.jpg, image_1_432_3.jpg"
3 Piece - Printed Suit - 42401857,"Rs. 6,150.00 Rs. 3,997.50","Make a bold fashion statement with our printed three-piece from the latest unstitched summer collection.
Product Detail:
Modern Printed Style Shirt with Dupatta and Trousers
SHIRT
Printed Lawn Shirt: 3 Meter
Fabric: Lawn
Color: Green
DUPATTA
Digital Printed Zari Lawn Dupatta: 2.5 Meter
Fabric: Zari Lawn
Color: Green
TROUSERS
Dyed Cambric Trousers: 2.5 Meter
Fabric: Cambric
Color: Green
Note:
Product color may slightly vary due to photographic lighting sources or your device settings.",https://nishatlinen.com/collections/women/products/42401857,"image_1_433_1.jpg, image_1_433_2.jpg, image_1_433_3.jpg"
1 Piece - Paste Printed Loose Fabric - 42403093 - Trouser / 2.5 / 2.5,Rs. 670.00 Rs. 436.00,"Make an elegant statement in our featuring paste printed one-piece from the latest freedom to buy summer collection.
Product Detail:
Floral Jaal Prints Style Trousers
TROUSERS
Trousers: 2.5 Meter (RS 690/-Mtr)
Fabric: Cambric
Color: ﻿White
Note:
Product color may slightly vary due to photographic lighting sources or your device settings.",https://nishatlinen.com/products/42403093,"image_1_434_1.jpg, image_1_434_2.jpg, image_1_434_3.jpg"
3 Piece - Printed Suit - 42402049,"Rs. 6,490.00 Rs. 4,218.50","Uplift your style with our printed three-piece from the latest unstitched summer collection.
Product Detail:
Floral With Textures Printed Style Shirt with Dupatta and Trousers
SHIRT
Printed Super Fine Lawn Shirt: 3 Meter
Fabric: Lawn
Color: Greenish Yellow
DUPATTA
Digital Printed Crinkle Chiffon Dupatta: 2.5 Meter
Fabric: Crinkle Chiffon
Color: Greenish Yellow
TROUSERS
Solid Cambric Trousers: 2.5 Meter
Fabric: Cambric
Color: Greenish Yellow
Note:
Product color may slightly vary due to photographic lighting sources or your device settings.",https://nishatlinen.com/products/42402049,"image_1_435_1.jpg, image_1_435_2.jpg, image_1_435_3.jpg"
2 Piece - Digital Printed Embroidered Suit - 42402075,"Rs. 5,990.00 Rs. 3,893.50","Brighten up your wardrobe with this digital printed embroidered two-piece from the latest unstitched summer collection.
Product Detail:
Ikkat Style Shirt with Trousers
SHIRT
Solid Cambric Shirt: 3 Meter
Embroidered Front + Motifs
Fabric: Cambric
Color: Blue
TROUSERS
Digital Printed Cambric Trousers: 2.5 Meter
Fabric: Cambric
Color: Blue
Note:
Product color may slightly vary due to photographic lighting sources or your device settings.",https://nishatlinen.com/collections/women/products/42402075,"image_1_436_1.jpg, image_1_436_2.jpg, image_1_436_3.jpg"
3 Piece - Printed Loose Fabric - 42403020 - Shirt / 3 / 3,Rs. 670.00 Rs. 436.00,"Elevate your style and embrace sophistication with this alluring printed three-piece from the latest freedom to buy summer collection.
Product Detail:
Abstract Flower Bunches Printed Style Shirt with Dupatta and Trousers
PRINTED SHIRT
Shirt: 3 Meter (RS 730/-Mtr)
Fabric: Lawn
Color: Lemon Yellow
Note: Fabric used in shoot for trousers is shirt fabric

PRINTED DUPATTA
Dupatta: 2.5 Meter (RS 750/-Mtr)
Fabric: Voile
Color: Lemon Yellow
Note: Fabric used in shoot for jacket is dupatta fabric

DYED TROUSERS
Trousers: 2.5 Meter (RS 650/-Mtr)
Fabric: Cambric
Color: Lemon Yellow
Note: Fabric used in shoot for shirt is trousers fabric
Note:
Product color may slightly vary due to photographic lighting sources or your device settings.",https://nishatlinen.com/products/42403020,image_1_437_1.jpg
Embroidered Shirt - PS24-38 - XS,"Rs. 6,150.00 Rs. 3,690.00","For an elegant look, adorn this embroidered shirt from the latest pret summer collection.
Product Detail
Embroidered Shirt
Shirt
Indian Neckline With Lace Detail On Edges, Embroidered Sleeves, Straight Shirt
Fabric: Jacquard
Color: Pink
Note:
Product color may vary slightly due to photographic lighting sources or monitor settings.",https://nishatlinen.com/collections/women/products/ps24-38,"image_1_438_1.jpg, image_1_438_2.jpg, image_1_438_3.jpg"
3 Piece - Digital Printed Loose Fabric - 42403123 - Shirt / 3 / 3,Rs. 830.00 Rs. 540.00,"Revitalize your style with this digital printed three-piece from the latest freedom to buy summer collection.
Product Detail:
Mix Florals Printed Style Shirt with Dupatta and Trousers
SHIRT
Shirt: 3 Meter (RS 750/-Mtr)
Fabric: Lawn
Color: Off White
DUPATTA
Dupatta: 2.5 Meter (RS 780/-Mtr)
Fabric: Voile
Color: Multi
Note: Fabric used in shoot for jacket is dupatta fabric
TROUSERS
Trousers: 2.5 Meter (RS 650/-Mtr)
Fabric: Cambric
Color: Off White
Note:
Product color may slightly vary due to photographic lighting sources or your device settings.",https://nishatlinen.com/collections/women/products/42403123,"image_1_439_1.jpg, image_1_439_2.jpg, image_1_439_3.jpg"
3 Piece - Printed Embroidered Suit - 42405012,"Rs. 8,720.00 Rs. 5,668.00","Glorify yourself with this amazing printed embroidered three-piece from the latest summer collection.
Product Detail:
Shirt with Dupatta and Trousers
SHIRT
Printed Super Fine Lawn Shirt: 3.2 Meter
Embroidered Front + Motifs
Fabric: Lawn
Color: Red & Ivory
DUPATTA
Printed Voile Dupatta: 2.6 Meter
Fabric: Voile
Color: Red
TROUSERS
Dyed Cambric Trousers: 2.5 Meter
Fabric: Cambric
Color: Ivory
Note:
Product color may slightly vary due to photographic lighting sources or your device settings.",https://nishatlinen.com/products/42405012,"image_1_440_1.jpg, image_1_440_2.jpg, image_1_440_3.jpg"
Embroidered Shirt - PE24-07 - XS,"Rs. 4,920.00 Rs. 2,952.00","Look and feel your best by wearing this embroidered shirt from the latest pret summer collection.
Product Detail
Embroidered Shirt
Shirt
Round Neckline With V Slit, Embroidered Sleeves & Front Both Panels
Fabric: Cambric
Color: Tea Pink
Note:
Product color may vary slightly due to photographic lighting sources or monitor settings.",https://nishatlinen.com/products/pe24-07,"image_1_441_1.jpg, image_1_441_2.jpg, image_1_441_3.jpg"
3 Piece - Printed Suit - 42402019,"Rs. 6,150.00 Rs. 3,997.50","Exemplify your style with this printed three-piece from the latest unstitched summer collection.
Product Detail:
Ethnic Printed Style Shirt with Dupatta & Trousers
SHIRT
Printed Super Fine Lawn Shirt: 3 Meter
Fabric: Lawn
Color: Black
DUPATTA
Digital Printed Crinkle Chiffon Dupatta: 2.5 Meter
Fabric: Crinkle Chiffon
Color: Black
TROUSERS
Solid Cambric Trousers: 2.5 Meter
Fabric: Cambric
Color: Black
Note:
Product color may slightly vary due to photographic lighting sources or your device settings.",https://nishatlinen.com/products/42402019,"image_1_442_1.jpg, image_1_442_2.jpg, image_1_442_3.jpg"
2 Piece - Printed Suit - AS24-52 - XS / S,"Rs. 5,130.00 Rs. 3,078.00","Command attention and leave a lasting impression with this printed two-piece suit from the latest pret summer collection.
Product Detail
Printed Shirt With Trousers
Shirt
Collar Neckline With Slit, Cuffed Sleeves With Buttons Detail
Fabric: Lawn
Color: Sky Blue
Trousers
Loose Straight Trousers
Fabric: Cambric
Color: Sky Blue
Note:
Product color may vary slightly due to photographic lighting sources or monitor settings.",https://nishatlinen.com/collections/women/products/as24-52,"image_1_443_1.jpg, image_1_443_2.jpg, image_1_443_3.jpg"
3 Piece - Printed Embroidered Suit - 42401564,"Rs. 8,720.00 Rs. 5,668.00","Give yourself versatile styling mileage with this digital printed embroidered three-piece from the latest unstitched summer collection. 
Product Detail:
Embellished Style Motifs Style Shirt with Dupatta and Trousers
SHIRT
Digital Printed Zari Lawn Shirt: 3 Meter
Embroidered Neckline + Border
Fabric: Lawn
Color: Yellow
DUPATTA
Digital Printed Zari Lawn Dupatta: 2.5 Meter
Fabric: Lawn
Color: Yellow
TROUSERS
Dyed Cambric Trousers: 2.5 Meter
Fabric: Cambric
Color: Yellow
Note:
Product color may slightly vary due to photographic lighting sources or your device settings.",https://nishatlinen.com/collections/women/products/42401564,"image_1_444_1.jpg, image_1_444_2.jpg, image_1_444_3.jpg"
3 Piece - Digital Printed Loose Fabric - 42403327 - Shirt / 3 / 3,Rs. 880.00 Rs. 572.00,"Upgrade your style by wearing this digital printed three-piece from the latest freedom to buy summer collection.
Product Detail:
Textures With Embellished Details Style Shirt with Dupatta and Trousers 
SHIRT
Shirt: 3 Meter (RS 780/-Mtr)
Fabric: Lawn
Color: Black
DUPATTA
Dupatta: 2.5 Meter (RS 800/-Mtr)
Fabric: Voile
Color: Black
TROUSERS
Trousers: 2.5 Meter (RS 680/-Mtr)
Fabric: Cambric
Color: Black
Note:
Product color may slightly vary due to photographic lighting sources or your device settings.",https://nishatlinen.com/products/42403327,"image_1_445_1.jpg, image_1_445_2.jpg, image_1_445_3.jpg"
3 Piece - Printed Embroidered Suit - 42402037,"Rs. 7,690.00 Rs. 4,998.50","Elevate your everyday style in our printed embroidered three-piece from the latest unstitched summer collection.
Product Detail:
Chunri Style Vines Shirt with Dupatta and Trousers
SHIRT
Printed Super Fine Lawn Shirt: 3 Meter
Embroidered Motifs + Border
Fabric: Lawn
Color: Orange
DUPATTA
Digital Printed Crinkle Chiffon Dupatta: 2.5 Meter
Fabric: Crinkle Chiffon
Color: Orange
TROUSERS
Solid Cambric Trousers: 2.5 Meter
Fabric: Cambric
Color: Orange
Note:
Product color may slightly vary due to photographic lighting sources or your device settings.",https://nishatlinen.com/products/42402037,"image_1_446_1.jpg, image_1_446_2.jpg, image_1_446_3.jpg"
Embroidered Dress - FE24-67 - XS,"Rs. 10,780.00 Rs. 6,468.00","Experience the joy of self-expression by wearing this embroidered dress from the latest pret summer collection. 
Product Detail
Embroidered Dress
Dress
Band Neckline With Gusset, Lace Detail On Sleeves, Side Panels & Embroidered Central Panels
Fabric: Texture
Color: Mustard
Note:
Product color may vary slightly due to photographic lighting sources or monitor settings.",https://nishatlinen.com/collections/women/products/fe24-67,"image_1_447_1.jpg, image_1_447_2.jpg, image_1_447_3.jpg"
1 Piece - Printed Loose Fabric - 42403052 - Shirt / 3 / 3,Rs. 670.00 Rs. 436.00,"Get ready for garden parties by styling this printed one-piece from the latest freedom to buy summer collection.
Product Detail:
Ethnic Line Pattern In Printed Form Shirt
SHIRT
Shirt: 3 Meter (RS 730/-Mtr)
Fabric: Lawn
Color: White
Note:
Product color may slightly vary due to photographic lighting sources or your device settings.",https://nishatlinen.com/products/42403052,"image_1_448_1.jpg, image_1_448_2.jpg, image_1_448_3.jpg"
3 Piece - Printed Embroidered Suit - 42405019,"Rs. 8,720.00 Rs. 5,668.00","Preserve your beautiful memories by wearing this printed embroidered three-piece from the latest summer collection.
Product Detail:
Shirt with Dupatta and Trousers
SHIRT
Printed Super Fine Lawn Shirt: 3.2 Meter
Embroidered Sleeves + 2 Borders
Fabric: Lawn
Color: Ivory & Red 
DUPATTA
Digital Printed Crinkle Chiffon Dupatta: 2.6 Meter
Fabric: Crinkle Chiffon
Color: Ivory & Red 
TROUSERS
Dyed Cambric Trousers: 2.5 Meter
Fabric: Cambric
Color: Ivory
Note:
Product color may slightly vary due to photographic lighting sources or your device settings.",https://nishatlinen.com/collections/women/products/42405019,"image_1_449_1.jpg, image_1_449_2.jpg, image_1_449_3.jpg"
Printed Tunic - PS24-336 - XS,"Rs. 3,070.00 Rs. 1,842.00","Radiates elegance everywhere with this printed tunic from the latest pret summer collection.
Product Detail
Printed Tunic
Tunic
Band Neckline With Slit, Gathered Cuff Sleeves With Pearls Detail, Front Length Variation, Round Hem, Short Tunic
Fabric: Cambric
Color: Sky Blue
Note:
Product color may vary slightly due to photographic lighting sources or monitor settings.",https://nishatlinen.com/products/ps24-336,"image_1_450_1.jpg, image_1_450_2.jpg, image_1_450_3.jpg"
3 Piece - Printed Loose Fabric - 42403297 - Trouser / 2.5 / 2.5,Rs. 880.00 Rs. 572.00,"Look graceful in this printed three-piece from the latest freedom to buy summer collection.
Product Detail:
Modern Floral Printed Style Shirt with Dupatta and Trousers 
SHIRT
Shirt: 3 Meter (RS 750/-Mtr)
Fabric: Lawn
Color: Orange
DUPATTA
Dupatta: 2.5 Meter (RS 780/-Mtr)
Fabric: Voile
Color: Lilac
TROUSERS
Trousers: 2.5 Meter (RS 680/-Mtr)
Fabric: Cambric
Color: Orange
Note:
Product color may slightly vary due to photographic lighting sources or your device settings.",https://nishatlinen.com/products/42403297,"image_1_451_1.jpg, image_1_451_2.jpg, image_1_451_3.jpg"
3 Piece - Printed Suit - 42402048,"Rs. 6,490.00 Rs. 4,218.50","Create a stylish look with our printed three-piece from the latest unstitched summer collection.
Product Detail:
Feathers Printed Style Shirt with Dupatta and Trousers
SHIRT
Printed Super Fine Lawn Shirt: 3 Meter
Fabric: Lawn
Color: Navy Blue
DUPATTA
Digital Printed Crinkle Chiffon Dupatta: 2.5 Meter
Fabric: Crinkle Chiffon
Color: Navy Blue
TROUSERS
Solid Cambric Trousers: 2.5 Meter
Fabric: Cambric
Color: Navy Blue
Note:
Product color may slightly vary due to photographic lighting sources or your device settings.",https://nishatlinen.com/collections/women/products/42402048,"image_1_452_1.jpg, image_1_452_2.jpg, image_1_452_3.jpg"
Basic Shirt - PS24-100 - XS,"Rs. 3,590.00 Rs. 2,154.00","Look and feel your best by wearing this basic shirt from the latest pret summer collection. 
Product Detail
Basic Shirt
Shirt
Band Neckline With Placket & Buttons Detail, Cuffed Sleeves, Button Down Boxy Cut Shirt
Fabric: Cambric
Color: Green
Note:
Product color may vary slightly due to photographic lighting sources or monitor settings.",https://nishatlinen.com/collections/women/products/ps24-100,"image_1_453_1.jpg, image_1_453_2.jpg, image_1_453_3.jpg"
Embroidered Tunic - PS24-83 - XS,"Rs. 3,590.00 Rs. 2,154.00","Give yourself individuality with a fashionable appearance in this embroidered tunic from the latest pret summer collection.
Product Detail
Embroidered Tunic
Tunic
Round Neckline With Slit, Embroidered Front, Round Hem, Short Tunic
Fabric: Cambric
Color: Brown
Note:
Product color may vary slightly due to photographic lighting sources or monitor settings.",https://nishatlinen.com/collections/women/products/ps24-83,"image_1_454_1.jpg, image_1_454_2.jpg, image_1_454_3.jpg"
3 Piece - Printed Embroidered Suit - 42402135,"Rs. 10,490.00 Rs. 8,392.00","Uplift your look with this printed embroidered three-piece from the latest unstitched summer collection.
Product Detail:
Paisleys Style Shirt with Dupatta and Trousers
SHIRT
Printed Cambric Shirt: 3 Meter
Embroidered Front + Border
Fabric: Cambric
Color: Light Peach
DUPATTA
Printed Fancy Brochia Dupatta: 2.5 Meter
Fabric: Fancy Brochia
Color: Light Peach
TROUSERS
Solid Cambric Trousers: 2.5 Meter
Fabric: Cambric
Color: Light Peach
Note:
Product color may slightly vary due to photographic lighting sources or your device settings.",https://nishatlinen.com/collections/women/products/42402135,"image_1_455_1.jpg, image_1_455_2.jpg, image_1_455_3.jpg"
Embroidered Trousers - PS24-154 - XS,"Rs. 2,770.00 Rs. 1,662.00","Transform your wardrobe with this embroidered trousers from the latest pret summer collection.
Product Detail
Embroidered Trousers
Trousers
Loose Straight Trousers With Embroidered Hem
Fabric: Cambric
Color: Black
Note:
Product color may vary slightly due to photographic lighting sources or monitor settings.",https://nishatlinen.com/collections/women/products/ps24-154,"image_1_456_1.jpg, image_1_456_2.jpg, image_1_456_3.jpg"
3 Piece - Yarn Dyed Embroidered Suit - 42401979,"Rs. 13,330.00 Rs. 8,664.50","Catch elegance beauty with yarn dyed embroidered three-piece from the latest unstitched summer collection.
Product Detail:
Banarsi Style Shirt with Dupatta and Trousers
SHIRT
Yarn Dyed Banarsi Shirt: 3 Meter
Embroidered Front + Motifs + Border
Fabric: Banarsi
Color: Brownish Gold
DUPATTA
Banarsi Jacquard Dupatta: 2.5 Meter
Fabric: Banarsi
Color: Brownish Gold
TROUSERS
Yarn Dyed Banarsi Trousers: 2.5 Meter
Fabric: Banarsi
Color: Brownish Gold
Note:
Product color may slightly vary due to photographic lighting sources or your device settings.",https://nishatlinen.com/collections/women/products/42401979,"image_1_457_1.jpg, image_1_457_2.jpg, image_1_457_3.jpg"
3 Piece - Embroidered Suit - 42401446,"Rs. 8,200.00 Rs. 5,330.00","Flaunt your style by wearing this digital printed embroidered three-piece from the latest unstitched summer collection.
Product Detail:
Abstract Borders Style Shirt with Dupatta and Trousers
SHIRT
Dyed Super Fine Grid Lawn Shirt: 3 Meter
Embroidered Motifs + Border
Fabric: Grid Lawn
Color: Gold
DUPATTA
Digital Printed Grid Lawn Dupatta: 2.5 Meter
Fabric: Grid Lawn
Color: Blue
TROUSERS
Dyed Cambric Trousers: 2.5 Meter
Fabric: Cambric
Color: ﻿Gold
Note:
Product color may slightly vary due to photographic lighting sources or your device settings.",https://nishatlinen.com/products/42401446,"image_1_458_1.jpg, image_1_458_2.jpg, image_1_458_3.jpg"
1 Piece - Digital Printed Loose Fabric - 42403202 - Shirt / 3 / 3,Rs. 830.00 Rs. 540.00,"Effortlessly capture hearts with our digital printed one-piece from the latest freedom to buy summer collection.
Product Detail:
Chintz With Checks Printed Style Shirt 
SHIRT
Shirt: 3 Meter (RS 830/-Mtr)
Fabric: Dobby Lawn
Color: Beige

Note:
Product color may slightly vary due to photographic lighting sources or your device settings.",https://nishatlinen.com/collections/women/products/42403202,"image_1_459_1.jpg, image_1_459_2.jpg, image_1_459_3.jpg"
PS24-382-Basic Tights - XS,"Rs. 1,430.00 Rs. 1,144.00","Look your best by wearing this basic tights from the latest summer collection to pair with any dress. 
Product Detail
Basic Tights
Tights
Fabric: Cotton
Color: Skin

Note:
Product color may slightly vary due to photographic lighting sources or your device settings",https://nishatlinen.com/collections/women/products/ps24-382,image_1_460_1.jpg
3 Piece - Digital Printed Loose Fabric - 42403322 - Shirt / 3 / 3,Rs. 880.00 Rs. 572.00,"Get the most significant look by wearing this digital printed three-piece from the latest freedom to buy summer collection.
Product Detail:
Bold Florals With Textures In Prints Style Shirt with Dupatta and Trousers 
SHIRT
Shirt: 3 Meter (RS 780/-Mtr)
Fabric: Lawn
Color: Black
DUPATTA
Dupatta: 2.5 Meter (RS 800/-Mtr)
Fabric: Voile
Color: Black
TROUSERS
Trousers: 2.5 Meter (RS 680/-Mtr)
Fabric: Cambric
Color: Black
Note:
Product color may slightly vary due to photographic lighting sources or your device settings.",https://nishatlinen.com/products/42403322,"image_1_461_1.jpg, image_1_461_2.jpg, image_1_461_3.jpg"
3 Piece - Printed Embroidered Suit - 42402025,"Rs. 9,490.00 Rs. 6,168.50","Get sober look by wearing this printed embroidered three-piece from the latest unstitched summer collection.
Product Detail:
Textures In Printed Form Shirt with Dupatta and Trousers
SHIRT
Printed Super Fine Lawn Shirt: 3 Meter
Embroidered Neckline + 2 Borders
Fabric: Lawn
Color: Magenta
DUPATTA
Printed Banarsi Brochia Dupatta: 2.5 Meter
Fabric: Banarsi Brochia
Color: Magenta
TROUSERS
Solid Cambric Trousers: 2.5 Meter
Fabric: Cambric
Color: Magenta
Note:
Product color may slightly vary due to photographic lighting sources or your device settings.",https://nishatlinen.com/collections/women/products/42402025,"image_1_462_1.jpg, image_1_462_2.jpg, image_1_462_3.jpg"
1 Piece - Printed Loose Fabric - 42403080 - Dupatta / 2.5 / 2.5,Rs. 670.00 Rs. 436.00,"Uplift your wardrobe with our printed one-piece from the latest freedom to buy summer collection.
Product Detail:
Gradient Printed Style Dupatta
DUPATTA
Dupatta: 2.5 Meter (RS 750/-Mtr)
Fabric: Voile
Color: Red
Note:
Product color may slightly vary due to photographic lighting sources or your device settings.",https://nishatlinen.com/collections/women/products/42403080,"image_1_463_1.jpg, image_1_463_2.jpg, image_1_463_3.jpg"
3 Piece - Printed Suit - 42401815,"Rs. 6,660.00 Rs. 4,329.00","Get a versatile look with this printed three-piece from the latest unstitched summer collection.
Product Detail:
Geometric Forms In Texture Printed Style Shirt with Dupatta and Trousers
SHIRT
Printed Super Fine Lawn Shirt: 3 Meter
Fabric: Lawn
Color: Off White & Orange
DUPATTA
Digital Printed Crinkle Chiffon Dupatta: 2.5 Meter
Fabric: Crinkle Chiffon
Color: Off White & Orange
TROUSERS
Printed Cambric Trousers: 2.5 Meter
Fabric: Cambric
Color: Off White & Orange
Note:
Product color may slightly vary due to photographic lighting sources or your device settings.",https://nishatlinen.com/products/42401815,"image_1_464_1.jpg, image_1_464_2.jpg, image_1_464_3.jpg"
3 Piece - Yarn Dyed Embroidered Suit - 42402165,"Rs. 8,490.00 Rs. 6,792.00","Express yourself with confidence yarn dyed embroidered three-piece from the latest unstitched summer collection.
Product Detail:
Yarn Dyed Dupatta With Banarsi Booti Shirt and Trousers
SHIRT
Jacquard Shirt: 3 Meter
Embroidered Neckline + Border
Fabric: Jacquard
Color: Coral
DUPATTA
Yarn Dyed Dupatta: 2.5 Meter
Fabric: Yarn Dyed
Color: Coral
TROUSERS
Solid Cambric Trousers: 2.5 Meter
Fabric: Solid Cambric
Color: Coral
Note:
Product color may slightly vary due to photographic lighting sources or your device settings.",https://nishatlinen.com/collections/women/products/42402165,"image_1_465_1.jpg, image_1_465_2.jpg, image_1_465_3.jpg"
3 Piece - Digital Printed Loose Fabric - 42403320 - Shirt / 3 / 3,Rs. 880.00 Rs. 572.00,"Feel the joy of life in digital printed three-piece from the latest freedom to buy summer collection.
Product Detail:
Embroidered Style Florals in Prints Style Shirt with Dupatta and Trousers 
SHIRT
Shirt: 3 Meter (RS 780/-Mtr)
Fabric: Lawn
Color: Beige
DUPATTA
Dupatta: 2.5 Meter (RS 800/-Mtr)
Fabric: Voile
Color: Beige
TROUSERS
Trousers: 2.5 Meter (RS 680/-Mtr)
Fabric: Cambric
Color: Off White
Note:
Product color may slightly vary due to photographic lighting sources or your device settings.",https://nishatlinen.com/products/42403320,"image_1_466_1.jpg, image_1_466_2.jpg, image_1_466_3.jpg"
2 Piece - Printed Suit - PE24-223 - XS,"Rs. 6,660.00 Rs. 3,996.00","Make your personality rejuvenate by wearing this printed two-piece suit from the latest pret summer collection.
Product Detail
Printed Shirt With Trousers
Shirt
Round Neckline With Slit & Piping
Fabric: Lawn
Color: Grey
Trousers
Straight Trousers
Fabric: Cambric
Color: Grey
Note:
Product color may vary slightly due to photographic lighting sources or monitor settings.",https://nishatlinen.com/collections/women/products/pe24-223,"image_1_467_1.jpg, image_1_467_2.jpg, image_1_467_3.jpg"
2 Piece - Printed Embroidered Suit - 42401279,"Rs. 4,610.00 Rs. 2,996.50","Relish the busy working days in this printed embroidered two-piece from the latest unstitched summer collection.
Product Detail:
Floral Allover Printed Style Shirt with Trousers
SHIRT
Printed Super Fine Lawn Shirt: 3 Meter
Embroidered Motifs
Fabric: Lawn
Color: Off White
TROUSERS
Printed Cambric Trousers: 2.5 Meter
Fabric: Cambric
Color: Off White
Note:
Product color may slightly vary due to photographic lighting sources or your device settings.",https://nishatlinen.com/collections/women/products/42401279,"image_1_468_1.jpg, image_1_468_2.jpg, image_1_468_3.jpg"
2 Piece - Printed Embroidered Suit - 42401572,"Rs. 5,130.00 Rs. 3,334.50","Get ready for garden parties by styling this printed embroidered two-piece from the latest unstitched summer collection.
Product Detail:
Chunri Prints Style Shirt with Dupatta
SHIRT
Printed Super Fine Lawn Shirt: 3 Meter
Embroidered Neckline
Fabric: Lawn
Color: Blue
DUPATTA
Digital Printed Muzlin Dupatta: 2.5 Meter
Fabric: Muzlin
Color: ﻿Blue
Note:
Product color may slightly vary due to photographic lighting sources or your device settings.",https://nishatlinen.com/products/42401572,"image_1_469_1.jpg, image_1_469_2.jpg, image_1_469_3.jpg"
Embroidered Tunic - PS24-94 - XS,"Rs. 3,480.00 Rs. 2,088.00","Get the ultimate classy look with this printed tunic from the latest pret summer collection.
Product Detail
Printed Tunic
Tunic
Collar Neckline, Straight Sleeves With Stitches Detail, Embroidered Button Down Tunic
Fabric: Cambric
Color: Brick
Note:
Product color may vary slightly due to photographic lighting sources or monitor settings.",https://nishatlinen.com/products/ps24-94,"image_1_470_1.jpg, image_1_470_2.jpg, image_1_470_3.jpg"
3 Piece - Printed Loose Fabric - 42403278 - Shirt / 3 / 3,Rs. 455.00 - Rs. 527.00,"Radiate confidence and charm with this printed three-piece from the latest freedom to buy summer collection.
Product Detail:
Paisleys Printed Style Shirt with Dupatta and Trousers
SHIRT
Shirt: 3 Meter (RS 750/-Mtr)
Fabric: Lawn
Color: Mustard
DUPATTA
Dupatta: 2.5 Meter (RS 780/-Mtr)
Fabric: Voile
Color: Mustard
TROUSERS
Trousers: 2.5 Meter (RS 680/-Mtr)
Fabric: Cambric
Color: ﻿Mustard
Note:
Product color may slightly vary due to photographic lighting sources or your device settings.",https://nishatlinen.com/collections/women/products/42403278,"image_1_471_1.jpg, image_1_471_2.jpg, image_1_471_3.jpg"
3 Piece - Printed Embroidered Suit - PS24-260 - XS,"Rs. 9,790.00 Rs. 5,874.00","Make a head-turning appearance with this printed embroidered three-piece suit from the latest pret summer collection.
Product Detail
Printed Embroidered Shirt With Dupatta & Trousers
Shirt
Round Neckline With Placket, Straight Embroidered Shirt
Fabric: Lawn
Color: Grey
Dupatta
Tassels Detail At Dupatta Corners
Fabric: Voile
Color: Grey
Trousers
Fabric: Cambric
Color: Grey
Note:
Product color may vary slightly due to photographic lighting sources or monitor settings.",https://nishatlinen.com/collections/women/products/ps24-260,"image_1_472_1.jpg, image_1_472_2.jpg, image_1_472_3.jpg"
Embroidered Shirt - PS24-47 - XS,"Rs. 4,300.00 Rs. 2,580.00","Embrace glamour & shine like a star with this embroidered shirt from the latest pret summer collection.
Product Detail
Embroidered Shirt
Shirt
Round Band Neckline With Slit & Piping, Embroidered Neckline & Sleeves
Fabric: Cambric
Color: Mint
Note:
Product color may vary slightly due to photographic lighting sources or monitor settings.",https://nishatlinen.com/collections/women/products/ps24-47,"image_1_473_1.jpg, image_1_473_2.jpg, image_1_473_3.jpg"
3 Piece - Printed Loose Fabric - 42403120 - Trouser / 2.5 / 2.5,Rs. 830.00 Rs. 540.00,"Get instant timeless appeal and stay effortlessly chic with this printed three-piece from the latest freedom to buy summer collection.
Product Detail:
Solid Color Blocking In Flower Silhouettes Printed Style Shirt with Dupatta and Trousers
SHIRT
Shirt: 3 Meter (RS 730/-Mtr)
Fabric: Lawn
Color: Dull Orange
DUPATTA
Dupatta: 2.5 Meter (RS 750/-Mtr)
Fabric: Voile
Color: Dull Orange
Note: Fabric used in shoot for gown is dupatta fabric
TROUSERS
Trousers: 2.5 Meter (RS 650/-Mtr)
Fabric: Cambric
Color: Dull Orange
Note:
Product color may slightly vary due to photographic lighting sources or your device settings.",https://nishatlinen.com/products/42403120,"image_1_474_1.jpg, image_1_474_2.jpg, image_1_474_3.jpg"
2 piece - Digital Printed Embroidered Suit - 42401747,"Rs. 5,130.00 Rs. 3,334.50","Get special attention is given by wearing this digital printed embroidered two-piece from the latest unstitched summer collection.
Product Detail:
Block Print Style Shirt with Trousers
SHIRT
Digital Printed Cambric Shirt: 3 Meter
Embroidered Neckline
Fabric: Cambric
Color: Maroon
TROUSERS
Solid Cambric Trousers: 2.5 Meter
Fabric: Cambric
Color: Maroon
Note:
Product color may slightly vary due to photographic lighting sources or your device settings.",https://nishatlinen.com/collections/women/products/42401747,"image_1_475_1.jpg, image_1_475_2.jpg, image_1_475_3.jpg"
3 Piece - Printed Loose Fabric - 42403171 - Shirt / 3 / 3,Rs. 830.00 Rs. 540.00,"Illuminate your presence with this printed three-piece from the latest freedom to buy summer collection.
Product Detail:
Shirt with Dupatta and Trousers
SHIRT
Shirt: 3 Meter (RS 730/-Mtr)
Fabric: Lawn
Color: Deep Magenta
DUPATTA
Dupatta: 2.5 Meter (RS 750/-Mtr)
Fabric: Voile
Color: Deep Magenta
TROUSERS
Trousers: 2.5 Meter (RS 650/-Mtr)
Fabric: Cambric
Color: Deep Magenta
Note:
Product color may slightly vary due to photographic lighting sources or your device settings.",https://nishatlinen.com/products/42403171,"image_1_476_1.jpg, image_1_476_2.jpg, image_1_476_3.jpg"
Embroidered Tunic - AS24-72 - XS,"Rs. 4,890.00 Rs. 2,934.00","Make a stylish addition to your collection with this embroidered tunic from the latest pret summer collection.
Product Detail
Embroidered Tunic
Tunic
Round Neckline With Slit, Yoke With Gathers Detail, Loose Sleeves, Embroidered Tunic
Fabric: Cambric
Color: Yellow
Note:
Product color may vary slightly due to photographic lighting sources or monitor settings.",https://nishatlinen.com/products/as24-72,"image_1_477_1.jpg, image_1_477_2.jpg, image_1_477_3.jpg"
Printed Shirt - AS24-86 - XS / S,"Rs. 3,290.00 Rs. 1,974.00","Enhance your style by wearing this printed shirt from the latest pret summer collection.
Product Detail
Printed Shirt
Shirt
Collar Neckline With Slit, Round Hem, Cuffed Sleeves With Buttons Detail, Kimono Shirt
Fabric: Viscose Lawn
Color: Grey
Note:
Product color may vary slightly due to photographic lighting sources or monitor settings.",https://nishatlinen.com/products/as24-86,"image_1_478_1.jpg, image_1_478_2.jpg, image_1_478_3.jpg"
2 Piece - Embroidered Loose Fabric - 42402007 - Shirt Front + Sleeves / 2 / 2,Rs. 436.00 - Rs. 995.00,"Strut in style with this embroidered two-piece from the latest freedom to buy summer collection.
Product Detail:
Shirt & Trousers 
Measurements: 
Shirt Front + Sleeves: 2 Meter (RS 1890/-Mtr)
Trousers: 3.75 Meter (RS 650/-Mtr)
Fabric: Cambric
Color: Off White
Note:
Product color may slightly vary due to photographic lighting sources or your device settings.",https://nishatlinen.com/collections/women/products/42402007,"image_1_479_1.jpg, image_1_479_2.jpg, image_1_479_3.jpg"
3 Piece - Printed Suit - 42401208,"Rs. 6,660.00 Rs. 4,329.00","Keep your look classy with  printed three-piece from the latest unstitched summer collection.
Product Detail:
Ombre Effect With Embellished Motifs In Printed Form Shirt with Dupatta and Trousers
SHIRT
Printed Super Fine Lawn Shirt: 3 Meter
Fabric: Lawn
Color: Pink
DUPATTA
Digital Printed Crinkle Chiffon Dupatta: 2.5 Meter
Fabric: Crinkle Chiffon
Color: Orange
TROUSERS
Printed Cambric Trousers: 2.5 Meter
Fabric: Cambric
Color: Pink
Note:
Product color may slightly vary due to photographic lighting sources or your device settings.",https://nishatlinen.com/collections/women/products/42401208,"image_1_480_1.jpg, image_1_480_2.jpg, image_1_480_3.jpg"
Embroidered Trousers - PE24-257 - XS,"Rs. 2,560.00 Rs. 1,536.00","Upgrade your wardrobe with this embroidered trousers from the latest pret summer collection. 
Product Detail
Embroidered Trousers
Trousers
Straight Trousers With Lace Attachment & Embroidered Hem
Fabric: Cambric
Color: Off White
Note:
Product color may vary slightly due to photographic lighting sources or monitor settings.",https://nishatlinen.com/collections/women/products/pe24-257,"image_1_481_1.jpg, image_1_481_2.jpg, image_1_481_3.jpg"
3 Piece - Printed Embroidered Suit - 42401642,"Rs. 9,740.00 Rs. 6,331.00","Build your core wardrobe with this printed embroidered three-piece from the latest unstitched summer collection.
Product Detail:
Ethnic Prints Style Shirt with Dupatta and Trousers
SHIRT
Solid Cambric Shirt: 3 Meter
Embroidered Front + Neckline + Sleeves + Motifs
Fabric: Cambric
Color: Brown
DUPATTA
Digital Printed Brochia Dupatta: 2.5 Meter
Fabric: Brochia
Color: Brown
TROUSERS
Printed Cambric Trousers: 2.5 Meter
Fabric: Cambric
Color: Brown
Note:
Product color may slightly vary due to photographic lighting sources or your device settings.",https://nishatlinen.com/products/42401642,"image_1_482_1.jpg, image_1_482_2.jpg, image_1_482_3.jpg"
Embroidered Shirt - PE24-116 - XS,"Rs. 5,130.00 Rs. 3,078.00","Ease your confusion for styling by wearing this embroidered shirt from the latest pret summer collection.
Product Detail
Embroidered Shirt
Shirt
Round Neckline With Piping & Slit, Embroidered Front & Sleeves With Top Stitching Detail
Fabric: Cambric
Color: Grey
Note:
Product color may vary slightly due to photographic lighting sources or monitor settings.",https://nishatlinen.com/products/pe24-116,"image_1_483_1.jpg, image_1_483_2.jpg, image_1_483_3.jpg"
1 Piece - Digital Printed Loose Fabric - 42403349 - Shirt / 3 / 3,Rs. 880.00 Rs. 572.00,"Get ready for garden parties by styling this digital printed one-piece from the latest freedom to buy summer collection.
Product Detail:
Cross Stitch Printed Style Shirt 
SHIRT
Shirt: 3 Meter (RS 850/-Mtr)
Fabric: Dobby Lawn
Color: Multi
Note:
Product color may slightly vary due to photographic lighting sources or your device settings.",https://nishatlinen.com/products/42403349,"image_1_484_1.jpg, image_1_484_2.jpg, image_1_484_3.jpg"
Embroidered Shirt - PE24-68 - XS,"Rs. 5,650.00 Rs. 3,390.00","Embrace your inner radiance by wearing this embroidered shirt from the latest pret summer collection.  
Product Detail
Embroidered Shirt
Shirt
Round Neckline With Slit & Piping, Embroidered Neckline
Fabric: Jacquard
Color: Pink
Note:
Product color may vary slightly due to photographic lighting sources or monitor settings.",https://nishatlinen.com/products/pe24-68,"image_1_485_1.jpg, image_1_485_2.jpg, image_1_485_3.jpg"
1 Piece - Digital Printed Loose Fabric - 42403351 - Shirt / 3 / 3,Rs. 880.00 Rs. 572.00,"Look regal with this digital printed one-piece from the latest freedom to buy summer collection.
Product Detail:
Suzani Printed Style Shirt 
SHIRT
Shirt: 3 Meter (RS 850/-Mtr)
Fabric: Dobby Lawn
Color: Navy
Note:
Product color may slightly vary due to photographic lighting sources or your device settings.",https://nishatlinen.com/products/42403351,"image_1_486_1.jpg, image_1_486_2.jpg, image_1_486_3.jpg"
Embroidered Shirt - PS24-124 - XS,"Rs. 5,690.00 Rs. 3,414.00","Look and feel your best by wearing this embroidered shirt from the latest pret summer collection.
Product Detail
Embroidered Shirt
Shirt
Round Neckline with V Slit, Embroidered Front & Sleeves
Fabric: Cambric
Color: Black
Note:
Product color may vary slightly due to photographic lighting sources or monitor settings.",https://nishatlinen.com/products/ps24-124,"image_1_487_1.jpg, image_1_487_2.jpg, image_1_487_3.jpg"
3 Piece - Printed Loose Fabric - 42403113 - Shirt / 3 / 3,Rs. 830.00 Rs. 540.00,"Get an essential graceful look in this printed three-piece from the latest freedom to buy summer collection.
Product Detail:
Sunflowers With Tie & Dye Textures Printed Style Shirt with Dupatta and Trousers
SHIRT
Shirt: 3 Meter (RS 730/-Mtr)
Fabric: Lawn
Color: Black & Off White
DUPATTA
Dupatta: 2.5 Meter (RS 750/-Mtr)
Fabric: Voile
Color: Black 
TROUSERS
Trousers: 2.5 Meter (RS 650/-Mtr)
Fabric: Cambric
Color: Off White
Note:
Product color may slightly vary due to photographic lighting sources or your device settings.",https://nishatlinen.com/collections/women/products/42403113,"image_1_488_1.jpg, image_1_488_2.jpg, image_1_488_3.jpg"
3 Piece - Printed Loose Fabric - 42403141 - Shirt / 3 / 3,Rs. 830.00 Rs. 540.00,"Unveil your inner goddess with this printed three-piece from the latest freedom to buy summer collection.
Product Detail:
Abstract Ethnic Printed Style Shirt with Dupatta and Trousers
SHIRT
Shirt: 3 Meter (RS 730/-Mtr)
Fabric: Lawn
Color: Peach
DUPATTA
Dupatta: 2.5 Meter (RS 750/-Mtr)
Fabric: Voile
Color: Peach
Note: Fabric used in shoot for gown is dupatta fabric
TROUSERS
Trousers: 2.5 Meter (RS 650/-Mtr)
Fabric: Cambric
Color: Peach
Note:
Product color may slightly vary due to photographic lighting sources or your device settings.",https://nishatlinen.com/products/42403141,"image_1_489_1.jpg, image_1_489_2.jpg, image_1_489_3.jpg"
3 Piece - Embroidered Suit - 42401795,"Rs. 10,770.00 Rs. 7,000.50","Get a visible presentation by wearing this embroidered three-piece from the latest unstitched summer collection.
Product Detail:
Banarsi Style Shirt with Dupatta and Trousers
SHIRT
Solid Satin Shirt: 3 Meter
Embroidered Front + Neckline + Motifs + Border
Fabric: Satin
Color: Brown
DUPATTA
Fancy Banarsi Dupatta: 2.5 Meter
Fabric: Banarsi
Color: Brown
TROUSERS
Solid Satin Trousers: 2.5 Meter
Fabric: Satin
Color: Brown
Note:
Product color may slightly vary due to photographic lighting sources or your device settings.",https://nishatlinen.com/collections/women/products/42401795,"image_1_490_1.jpg, image_1_490_2.jpg, image_1_490_3.jpg"
3 Piece - Printed Suit - 42401943,"Rs. 7,180.00 Rs. 4,667.00","Upgrade your evening outdoor look with our printed three-piece from the latest unstitched summer collection.
Product Detail:
Ethnic Printed Style Shirt with Dupatta & Trousers
SHIRT
Printed Zari Lawn Shirt: 3 Meter
Fabric: Zari Lawn
Color: Black
DUPATTA
Digital Printed Zari Lawn Dupatta: 2.5 Meter
Fabric: Zari Lawn
Color: Black
TROUSERS
Printed Cambric Trousers: 2.5 Meter
Fabric: Cambric
Color: Black
Note:
Product color may slightly vary due to photographic lighting sources or your device settings.",https://nishatlinen.com/products/42401943,"image_1_491_1.jpg, image_1_491_2.jpg, image_1_491_3.jpg"
Embroidered Shirt - PS24-103 - XS,"Rs. 5,130.00 Rs. 3,078.00","Elevate your look with this embroidered shirt from the latest pret summer collection.
Product Detail
Embroidered Shirt
Shirt
Band V Neckline, Pintucks Detail On Neckline, Embroidered Neckline & Sleeves
Fabric: Cambric
Color: Mustard
Note:
Product color may vary slightly due to photographic lighting sources or monitor settings.",https://nishatlinen.com/collections/women/products/ps24-103,"image_1_492_1.jpg, image_1_492_2.jpg, image_1_492_3.jpg"
2 Piece - Printed Embroidered Suit - 42401763,"Rs. 5,130.00 Rs. 3,334.50","Style up with this  printed embroidered two-piece from the latest unstitched summer collection.
Product Detail:
Chunri Printed Style Shirt with Dupatta
SHIRT
Printed Super Fine Lawn Shirt: 3 Meter
Embroidered Motifs + Border
Fabric: Lawn
Color: Green
DUPATTA
Digital Printed Crinkle Chiffon Dupatta: 2.5 Meter
Fabric: Crinkle Chiffon
Color: Green
Note:
Product color may slightly vary due to photographic lighting sources or your device settings.",https://nishatlinen.com/collections/women/products/42401763,"image_1_493_1.jpg, image_1_493_2.jpg, image_1_493_3.jpg"
3 Piece - Printed Loose Fabric - 42403373 - Dupatta / 2.5 / 2.5,Rs. 455.00 - Rs. 533.00,"Unveil your summer story with the timeless elegance of our printed three-piece from the latest freedom to buy summer collection.
Product Detail
Ethnic Block Printed Style Shirt with Dupatta and Trousers 
SHIRT
Shirt: 3 Meter (RS 780/-Mtr) 
Fabric: Lawn
Color: Gold
DUPATTA
Dupatta: 2.5 Meter (RS 800/-Mtr) 
Fabric: Voile
Color: Gold
TROUSERS
Trousers: 2.5 Meter (RS 700/-Mtr) 
Fabric: Cambric
Color: Gold
Note:
Product color may slightly vary due to photographic lighting sources or your device settings.",https://nishatlinen.com/products/42403373,"image_1_494_1.jpg, image_1_494_2.jpg, image_1_494_3.jpg"
2 Piece - Printed Suit With Laces - 42401598,"Rs. 5,130.00 Rs. 3,334.50","Strut in style with this printed two-piece from the latest unstitched summer collection.
Product Detail:
Bold Floral With Laces Printed Style Shirt with Dupatta
SHIRT
Printed Super Fine Lawn Shirt: 3 Meter
1 Lace: 1.25 Meter
1 Lace: 2.5 Meter
Fabric: Lawn
Color: ﻿Brown
DUPATTA
Digital Printed Banarsi Slub Dupatta: 2.5 Meter
Fabric: Banarsi Slub
Color: Brown
Note:
Product color may slightly vary due to photographic lighting sources or your device settings.",https://nishatlinen.com/collections/women/products/42401598,"image_1_495_1.jpg, image_1_495_2.jpg, image_1_495_3.jpg"
3 Piece - Printed Suit - 42402009,"Rs. 4,100.00 Rs. 2,665.00","Glow up for evening events by wearing this printed three-piece from the latest unstitched summer collection.
Product Detail:
Ethnic Printed Style Shirt with Dupatta and Trousers
SHIRT
Printed Lawn Shirt: 3 Meter
Fabric: Lawn
Color: Yellow & Brown
DUPATTA
Printed Voile Dupatta: 2.5 Meter
Fabric: Voile
Color: Yellow & Brown
TROUSERS
Solid Cambric Trousers: 2.5 Meter
Fabric: Cambric
Color: Yellow
Note:
Product color may slightly vary due to photographic lighting sources or your device settings.",https://nishatlinen.com/collections/women/products/42402009-1,"image_1_496_1.jpg, image_1_496_2.jpg, image_1_496_3.jpg"
Embroidered Trousers - PE24-278 - XS,"Rs. 2,770.00 Rs. 1,662.00","Upgrade your wardrobe with this embroidered trousers from the latest pret summer collection.
Product Detail
Embroidered Trousers
Trousers
Loose Straight Trousers With Pleated Embroidered Hem
Fabric: Cambric
Color: Off White
Note:
Product color may vary slightly due to photographic lighting sources or monitor settings.",https://nishatlinen.com/collections/women/products/pe24-278,"image_1_497_1.jpg, image_1_497_2.jpg, image_1_497_3.jpg"
3 Piece - Printed Suit - 42401661,"Rs. 5,640.00 Rs. 3,666.00","Get the most stunning look by wearing this printed three-piece from the latest unstitched summer collection.
Product Detail:
Sticker Style Floral Mix Printed Style Shirt with Dupatta and Trousers
SHIRT
Printed Super Fine Lawn Shirt: 3 Meter
Fabric: Lawn
Color: Blue
DUPATTA
Digital Printed Muzlin Dupatta: 2.5 Meter
Fabric: Muzlin
Color: Blue
TROUSERS
Dyed Cambric Trousers: 2.5 Meter
Fabric: Cambric
Color: ﻿Blue
Note:
Product color may slightly vary due to photographic lighting sources or your device settings.",https://nishatlinen.com/products/42401661,"image_1_498_1.jpg, image_1_498_2.jpg, image_1_498_3.jpg"
3 Piece - Yarn Dyed Embroidered Suit - 42402166,"Rs. 8,490.00 Rs. 6,792.00","Become the ultimate trendsetter with our yarn dyed embroidered three-piece from the latest unstitched summer collection.
Product Detail:
Yarn Dyed Dupatta With Banarsi Booti Shirt and Trousers
SHIRT
Jacquard Shirt: 3 Meter
Embroidered Neckline + Border
Fabric: Jacquard
Color: Sea Green
DUPATTA
Yarn Dyed Dupatta: 2.5 Meter
Fabric: Yarn Dyed
Color: Sea Green
TROUSERS
Solid Cambric Trousers: 2.5 Meter
Fabric: Solid Cambric
Color: Sea Green
Note:
Product color may slightly vary due to photographic lighting sources or your device settings.",https://nishatlinen.com/collections/women/products/42402166,"image_1_499_1.jpg, image_1_499_2.jpg, image_1_499_3.jpg"
3 Piece - Digital Printed Loose Fabric - 42403325 - Shirt / 3 / 3,Rs. 880.00 Rs. 572.00,"Get a modish look with digital printed three-piece from the latest freedom to buy summer collection.
Product Detail:
Ethnic Prints Style Shirt with Dupatta and Trousers 
SHIRT
Shirt: 3 Meter (RS 780/-Mtr)
Fabric: Lawn
Color: Pink
DUPATTA
Dupatta: 2.5 Meter (RS 800/-Mtr)
Fabric: Voile
Color: Pink
TROUSERS
Trousers: 2.5 Meter (RS 680/-Mtr)
Fabric: Cambric
Color: Pink
Note:
Product color may slightly vary due to photographic lighting sources or your device settings.",https://nishatlinen.com/products/42403325,"image_1_500_1.jpg, image_1_500_2.jpg, image_1_500_3.jpg"
3 Piece - Digital Printed Loose Fabric - 42403112 - Trouser / 2.5 / 2.5,Rs. 830.00 Rs. 540.00,"Revitalize your style with this digital printed three-piece from the latest freedom to buy summer collection.
Product Detail:
Flowers In Stroke Style And Checks Printed Style Shirt with Dupatta and Trousers
SHIRT
Shirt: 3 Meter (RS 750/-Mtr)
Fabric: Lawn
Color: Pink
DUPATTA
Dupatta: 2.5 Meter (RS 780/-Mtr)
Fabric: Voile 
Color: Pink
Note: Fabric used in shoot for gown is dupatta fabric
TROUSERS
Trousers: 2.5 Meter (RS 650/-Mtr)
Fabric: Cambric
Color: Off White
Note:
Product color may slightly vary due to photographic lighting sources or your device settings.",https://nishatlinen.com/collections/women/products/42403112,"image_1_501_1.jpg, image_1_501_2.jpg, image_1_501_3.jpg"
Embroidered Dress - FE24-71 - XS,"Rs. 14,360.00 Rs. 8,616.00","Make your look catchy with this embroidered dress from the latest pret summer collection. 
Product Detail
Embroidered Dress
Dress
Round Neckline With Piping Detail, Embroidered Neckline, Sleeves & Hem
Fabric: Fancy Polyester
Color: Emerald
Note:
Product color may vary slightly due to photographic lighting sources or monitor settings.",https://nishatlinen.com/collections/women/products/fe24-71,"image_1_502_1.jpg, image_1_502_2.jpg, image_1_502_3.jpg"
3 Piece - Embroidered Suit - 42401241,"Rs. 8,200.00 Rs. 5,330.00","Make an effortless statement with our embroidered three-piece from the latest unstitched summer collection.
Product Detail:
Baroque Floral Mix Style Shirt with Dupatta and Trousers
SHIRT
Dyed Cambric Shirt: 3 Meter
Embroidered Front + Border
Fabric: Cambric
Color: Peach
DUPATTA
Digital Printed Crinkle Chiffon Dupatta: 2.5 Meter
Fabric: Crinkle Chiffon
Color: Peach & Orange
TROUSERS
Dyed Cambric Trousers: 2.5 Meter
Fabric: Cambric
Color: ﻿Peach
Note:
Product color may slightly vary due to photographic lighting sources or your device settings.",https://nishatlinen.com/products/42401241,"image_1_503_1.jpg, image_1_503_2.jpg, image_1_503_3.jpg"
3 Piece - Printed Suit - 42401816,"Rs. 6,660.00 Rs. 4,329.00","Become the ultimate trendsetter with our printed three-piece from the latest unstitched summer collection.
Product Detail:
Animal Print With Abstract Flowers Style Shirt with Dupatta and Trousers
SHIRT
Printed Super Fine Lawn Shirt: 3 Meter
Fabric: Lawn
Color: Black & Beige
DUPATTA
Digital Printed Crinkle Chiffon Dupatta: 2.5 Meter
Fabric: Crinkle Chiffon
Color: Black & Beige
TROUSERS
Printed Cambric Trousers: 2.5 Meter
Fabric: Cambric
Color: Back
Note:
Product color may slightly vary due to photographic lighting sources or your device settings.",https://nishatlinen.com/products/42401816,"image_1_504_1.jpg, image_1_504_2.jpg, image_1_504_3.jpg"
2 Piece - Printed Suit - PE24-221 - XS,"Rs. 6,660.00 Rs. 3,996.00","Make a truly elegant statement in this printed two-piece suit from the latest pret summer collection. 
Product Detail
Printed Shirt With Shalwar
Shirt
Round Neckline With Slit & With Adda Work Detail On Piping
Fabric: Lawn
Color: Lilac
Shalwar
Printed Shalwar
Fabric: Cambric
Color: Lilac
Note:
Product color may vary slightly due to photographic lighting sources or monitor settings.",https://nishatlinen.com/collections/women/products/pe24-221,"image_1_505_1.jpg, image_1_505_2.jpg, image_1_505_3.jpg"
2 Piece - Embroidered Suit - PE24-72 - XS,"Rs. 6,150.00 Rs. 3,690.00","Elevate your style game in this embroidered two-piece suit from the latest pret summer collection.
Product Detail
Embroidered Shirt With Trousers
Shirt
Round Neckline With Slit & Piping, Embroidered Front & Sleeves
Fabric: Cambric
Color: Beige
Trousers
Straight Trousers
Fabric: Cambric
Color: Beige
Note:
Product color may vary slightly due to photographic lighting sources or monitor settings.",https://nishatlinen.com/products/pe24-72,"image_1_506_1.jpg, image_1_506_2.jpg, image_1_506_3.jpg"
3 Piece - Printed Suit - 42401853,"Rs. 6,150.00 Rs. 3,997.50","Refresh your wardrobe with this printed three-piece from the latest unstitched summer collection.
Product Detail:
Mughal Printed Style Shirt with Dupatta and Trousers
SHIRT
Printed Lawn Shirt: 3 Meter
Fabric: Lawn
Color: Red & Brown
DUPATTA
Digital Printed Zari Lawn Dupatta: 2.5 Meter
Fabric: Zari Lawn
Color: Red & Brown
TROUSERS
Dyed Cambric Trousers: 2.5 Meter
Fabric: Cambric
Color: Red
Note:
Product color may slightly vary due to photographic lighting sources or your device settings.",https://nishatlinen.com/products/42401853,"image_1_507_1.jpg, image_1_507_2.jpg, image_1_507_3.jpg"
1 Piece - Printed Loose Fabric - 42403081 - Dupatta / 2.5 / 2.5,Rs. 670.00 Rs. 436.00,"Uplift your persona with the allure of our printed one-piece from the latest freedom to buy summer collection.
Product Detail:
Gradient Printed Style Dupatta
DUPATTA
Dupatta: 2.5 Meter (RS 750/-Mtr)
Fabric: Voile
Color: Yellow & Pink
Note:
Product color may slightly vary due to photographic lighting sources or your device settings.",https://nishatlinen.com/collections/women/products/42403081,"image_1_508_1.jpg, image_1_508_2.jpg, image_1_508_3.jpg"
3 Piece - Printed Embroidered Suit - 42402073,"Rs. 8,690.00 Rs. 5,648.50","Elevate your fashion identity with printed embroidered three-piece from the latest unstitched summer collection.
Product Detail:
Banarsi Patterns Style Shirt with Dupatta and Trousers
SHIRT
Printed Super Fine Lawn Shirt: 3 Meter
Embroidered Neckline + 2 Borders
Fabric: Lawn
Color: Brown
DUPATTA
Digital Printed Fancy Jacquard Dupatta: 2.5 Meter
Fabric: Jacquard
Color: Brown
TROUSERS
Solid Cambric Trousers: 2.5 Meter
Fabric: Cambric
Color: Brown
Note:
Product color may slightly vary due to photographic lighting sources or your device settings.",https://nishatlinen.com/products/42402073,"image_1_509_1.jpg, image_1_509_2.jpg, image_1_509_3.jpg"
2 Piece - Printed Suit - 42401758,"Rs. 3,070.00 Rs. 1,995.50","Delicate your look with this printed two-piece from the latest unstitched summer collection.
Product Detail:
Ceramic Pots Printed Style Shirt with Trousers
SHIRT
Printed Super Fine Lawn Shirt: 3 Meter
Fabric: Lawn
Color: Yellow
TROUSERS
Printed Cambric Trousers: 2.5 Meter
Fabric: Cambric
Color: Yellow
Note:
Product color may slightly vary due to photographic lighting sources or your device settings.",https://nishatlinen.com/products/42401758,"image_1_510_1.jpg, image_1_510_2.jpg, image_1_510_3.jpg"
3 Piece - Printed Embroidered Suit - 42402066,"Rs. 8,690.00 Rs. 5,648.50","Be yourself fabulous by wearing this printed embroidered three-piece from the latest unstitched summer collection.
Product Detail:
Banarsi Motifs Style Shirt with Dupatta and Trousers
SHIRT
Printed Super Fine Lawn Shirt: 3 Meter
3 Embroidered Motifs + Border
Fabric: Lawn
Color: Pink
DUPATTA
Digital Printed Fancy Jacquard Dupatta: 2.5 Meter
Fabric: Jacquard
Color: Orange
TROUSERS
Solid Cambric Trousers: 2.5 Meter
Fabric: Cambric
Color: Pink
Note:
Product color may slightly vary due to photographic lighting sources or your device settings.",https://nishatlinen.com/products/42402066,"image_1_511_1.jpg, image_1_511_2.jpg, image_1_511_3.jpg"
3 Piece - Printed Suit - 42401937,"Rs. 7,180.00 Rs. 4,667.00","Get a stunning & fabulous blend of eye-catching by wearing this printed three-piece from the latest unstitched summer collection.
Product Detail:
Block Printed Patterns Style Shirt with Dupatta and Trousers
SHIRT
Printed Zari Lawn Shirt: 3 Meter
Fabric: Zari Lawn
Color: Beige
DUPATTA
Digital Printed Zari Lawn Dupatta: 2.5 Meter
Fabric: Zari Lawn
Color: Beige
TROUSERS
Printed Cambric Trousers: 2.5 Meter
Fabric: Cambric
Color: Beige
Note:
Product color may slightly vary due to photographic lighting sources or your device settings.",https://nishatlinen.com/products/42401937,"image_1_512_1.jpg, image_1_512_2.jpg, image_1_512_3.jpg"
2-Piece - Embroidered Suit  - PS24-113 - XS,"Rs. 7,190.00 Rs. 4,314.00","Immerse yourself in a world of effortless glamour with this embroidered two-piece suit from the latest pret summer collection.
Product Detail
Embroidered Shirt With Dupatta
Shirt
Band Neckline With Slit, Pintucks Detail On Sleeves, Embroidered Front, Straight Shirt
Fabric: Cambric
Color: Ice Blue
Dupatta
Tassels Hanging Detail At Corners
Fabric: Net
Color: Ice Blue
Note:
Product color may vary slightly due to photographic lighting sources or monitor settings.",https://nishatlinen.com/products/ps24-113,"image_1_513_1.jpg, image_1_513_2.jpg, image_1_513_3.jpg"
3 Piece - Printed Suit - 42402106,"Rs. 4,990.00 Rs. 3,992.00","Look graceful in this printed three-piece from the latest unstitched summer collection.
Product Detail:
Bold Floral Silhouettes Printed Style Shirt with Dupatta and Trousers
SHIRT
Printed Lawn Shirt: 3 Meter
Fabric: Lawn
Color: Green
DUPATTA
Printed Doriya Dupatta: 2.5 Meter
Fabric: Doriya
Color: Green
TROUSERS
Solid Cambric Trousers: 2.5 Meter
Fabric: Cambric
Color: Green
Note:
Product color may slightly vary due to photographic lighting sources or your device settings.",https://nishatlinen.com/products/42402106,"image_1_514_1.jpg, image_1_514_2.jpg, image_1_514_3.jpg"
2 Piece - Embroidered Suit - PE24-82 - XS,"Rs. 7,180.00 Rs. 4,308.00","Get a fabulous look by wearing this embroidered two-piece suit from the latest pret summer collection.  
Product Detail
Embroidered Shirt With Dupatta 
Shirt
Band Neckline With Piping & Slit, Embroidered Front & Sleeves
Fabric: Cambric
Color: Peach
Dupatta
Tassels Detail At Corners
Fabric: Net
Color: Peach
Note:
Product color may vary slightly due to photographic lighting sources or monitor settings.",https://nishatlinen.com/collections/women/products/pe24-82,"image_1_515_1.jpg, image_1_515_2.jpg, image_1_515_3.jpg"
3 Piece - Embroidered Suit - 42401794,"Rs. 10,770.00 Rs. 7,000.50","Get a visible presentation by wearing this embroidered three-piece from the latest unstitched summer collection.
Product Detail:
Banarsi Style Shirt with Dupatta and Trousers
SHIRT
Solid Satin Shirt: 3 Meter
Embroidered Front + Neckline + Sleeves + Border
Fabric: Satin
Color: Dull Teapink
DUPATTA
Fancy Banarsi Dupatta: 2.5 Meter
Fabric: Banarsi
Color: Dull Teapink
TROUSERS
Solid Satin Trousers: 2.5 Meter
Fabric: Satin
Color: Dull Teapink
Note:
Product color may slightly vary due to photographic lighting sources or your device settings.",https://nishatlinen.com/products/42401794,"image_1_516_1.jpg, image_1_516_2.jpg, image_1_516_3.jpg"
3 Piece - Printed Embroidered Suit - 42401644,"Rs. 9,740.00 Rs. 6,331.00","Glorify yourself with this amazing printed embroidered three-piece from the latest unstitched summer collection.
Product Detail:
Ethnic Prints Style Shirt with Dupatta and Trousers
SHIRT
Solid Cambric Shirt: 3 Meter
Embroidered Front + Border
Fabric: Cambric
Color: Blue
DUPATTA
Digital Printed Brochia Dupatta: 2.5 Meter
Fabric: Brochia
Color: Blue
TROUSERS
Printed Cambric Trousers: 2.5 Meter
Fabric: Cambric
Color: Blue
Note:
Product color may slightly vary due to photographic lighting sources or your device settings.",https://nishatlinen.com/products/42401644,"image_1_517_1.jpg, image_1_517_2.jpg, image_1_517_3.jpg"
Embroidered Shirt - PE24-21 - XS,"Rs. 6,660.00 Rs. 3,996.00","Look and feel your best by wearing this embroidered shirt from the latest pret summer collection.
Product Detail
Embroidered Shirt
Shirt
Round Neckline With Piping & Slit, Embroidered Neckline & Sleeves
Fabric: Jacquard
Color: Lilac
Note:
Product color may vary slightly due to photographic lighting sources or monitor settings.",https://nishatlinen.com/products/pe24-21,"image_1_518_1.jpg, image_1_518_2.jpg, image_1_518_3.jpg"
3 Piece - Embroidered Suit - 42401652,"Rs. 9,740.00 Rs. 6,331.00","Revitalize your style with this embroidered three-piece from the latest unstitched summer collection.
Product Detail:
Embellished Patterns Style Shirt with Dupatta and Trousers
SHIRT
Dyed Cambric Shirt: 3 Meter
Embroidered Front + 2 Borders
Fabric: Cambric
Color: Beige
DUPATTA
Digital Printed Organza Chiffon Dupatta: 2.5 Meter
Fabric: Organza Chiffon
Color: ﻿Beige
TROUSERS
Dyed Cambric Trousers: 2.5 Meter
Fabric: Cambric
Color: Beige
Note:
Product color may slightly vary due to photographic lighting sources or your device settings.",https://nishatlinen.com/collections/women/products/42401652,"image_1_519_1.jpg, image_1_519_2.jpg, image_1_519_3.jpg"
2 Piece - Dyed Embroidered Suit - 42401066,"Rs. 5,640.00 Rs. 3,666.00","Make special occasions even more magical with this dyed embroidered two-piece from the latest unstitched summer collection.
Product Detail:
Shirt with Trousers
SHIRT
Embroidered Cambric Front:1.15 Meter
Dyed Cambric Back & Sleeves:1.85 Meter
Fabric: Cambric
Color: Off White
TROUSERS
Dyed Cambric Trousers: 2.5 Meter
Fabric: Cambric
Color: ﻿Off White
Note:
Product color may slightly vary due to photographic lighting sources or your device settings.",https://nishatlinen.com/products/42401066,"image_1_520_1.jpg, image_1_520_2.jpg, image_1_520_3.jpg"
3 Piece - Printed Embroidered Suit - PE24-412 - XS,"Rs. 10,260.00 Rs. 6,156.00","Radiate positivity and vibrancy in this printed embroidered three-piece suit from the latest pret summer collection.
Product Detail
Printed Embroidered Shirt With Dupatta & Trousers
Shirt
Band Neckline With Piping & Slit, Embroidered Neckline & Sleeves
Fabric: Lawn
Color: Red
Dupatta
Tassels Detail At Dupatta Corners
Fabric: Rejo Net
Color: Red
Trousers
Fabric: Cambric
Color: Red
Note:
Product color may vary slightly due to photographic lighting sources or monitor settings.",https://nishatlinen.com/products/pe24-412,"image_1_521_1.jpg, image_1_521_2.jpg, image_1_521_3.jpg"
3 Piece - Printed Embroidered Suit - PS24-276 - XS,"Rs. 9,290.00 Rs. 5,574.00","Radiate positivity and vibrancy in this printed embroidered three-piece suit from the latest pret summer collection.
Product Detail
Printed Embroidered Shirt With Dupatta & Trousers
Shirt
Round Neckline With Slit, Embroidered Neckline, Side Panels Detail
Fabric: Lawn
Color: Maroon
Dupatta
Printed Dupatta
Fabric: Voile
Color: Black
Trousers
Straight Trousers
Fabric: Cambric
Color: Black
Note:
Product color may vary slightly due to photographic lighting sources or monitor settings.",https://nishatlinen.com/products/ps24-276,"image_1_522_1.jpg, image_1_522_2.jpg, image_1_522_3.jpg"
2 Piece - Digital Printed Suit - 42401113,"Rs. 4,820.00 Rs. 3,133.00","Make special occasions even more magical with digital printed two-piece from the latest unstitched summer collection.
Product Detail:
Embellished & Ethnic Painted Patterns In Printed Form Shirt with Dupatta
SHIRT
Digital Printed Super Fine Lawn Shirt: 3 Meter
Fabric: Lawn
Color: Orange
DUPATTA
Digital Printed Zari Monar Dupatta: 2.5 Meter
Fabric: ﻿Zari Monar
Color: Orange & Pink
Note:
Product color may slightly vary due to photographic lighting sources or your device settings.",https://nishatlinen.com/collections/women/products/42401113,"image_1_523_1.jpg, image_1_523_2.jpg, image_1_523_3.jpg"
1 Piece - Gold Printed Loose Fabric - 42403190 - Shirt / 3 / 3,Rs. 830.00 Rs. 540.00,"Enhance your appearance and make a bold statement with this gold printed one-piece from the latest freedom to buy summer collection.
Product Detail:
Flowers Printed Style Shirt 
SHIRT
Shirt: 3 Meter (RS 800/-Mtr)
Fabric: Lawn
Color: Black

Note:
Product color may slightly vary due to photographic lighting sources or your device settings.",https://nishatlinen.com/collections/women/products/42403190,"image_1_524_1.jpg, image_1_524_2.jpg, image_1_524_3.jpg"
3 Piece - Embroidered Suit - 42401433,"Rs. 9,740.00 Rs. 6,331.00","Symbolizing magnificent opulence, this embroidered three-piece from the latest unstitched summer collection. 
Product Detail:
Modern Mix Style Shirt with Dupatta and Trousers
SHIRT
Dyed Cambric Shirt: 3 Meter
Embroidered Front + Motifs + Border
Fabric: Cambric
Color: Light Aqua
DUPATTA
Digital Printed Pure Chiffon Dupatta: 2.5 Meter
Fabric: Chiffon
Color: Light Aqua
TROUSERS
Dyed Cambric Trousers: 2.5 Meter
Fabric: Cambric
Color: Light Aqua
Note:
Product color may slightly vary due to photographic lighting sources or your device settings.",https://nishatlinen.com/products/42401433,"image_1_525_1.jpg, image_1_525_2.jpg, image_1_525_3.jpg"
1 Piece - Gold Printed Loose Fabric - 42403186 - Shirt / 3 / 3,Rs. 830.00 Rs. 540.00,"Achieve a tasteful appearance with this gold printed one-piece from the latest freedom to buy summer collection.
Product Detail:
Paisleys Printed Style Shirt 
SHIRT
Shirt: 3 Meter (RS 800/-Mtr)
Fabric: Lawn
Color: Ink Blue

Note:
Product color may slightly vary due to photographic lighting sources or your device settings.",https://nishatlinen.com/products/42403186,"image_1_526_1.jpg, image_1_526_2.jpg, image_1_526_3.jpg"
1 Piece - Digital Printed Loose Fabric - 42403220 - Shirt / 3 / 3,Rs. 830.00 Rs. 540.00,"Embrace elegance with the digital printed one-piece from the latest freedom to buy summer collection.
Product Detail:
Floral Vines Printed Style Shirt 
SHIRT
Shirt: 3 Meter (RS 800/-Mtr)
Fabric: Dobby Lawn
Color: Dull Red

Note:
Product color may slightly vary due to photographic lighting sources or your device settings.",https://nishatlinen.com/collections/women/products/42403220,"image_1_527_1.jpg, image_1_527_2.jpg, image_1_527_3.jpg"
1 Piece - Glitter Gold Printed Loose Fabric - 42403238 - Dupatta / 2.5 / 2.5,Rs. 830.00 Rs. 540.00,"Transform your beauty into timeless perfection with this glitter gold one-piece from the latest freedom to buy summer collection.
Product Detail:
Doori Work Motifs Printed Style Dupatta
DUPATTA
Dupatta: 2.5 Meter (RS 800/-Mtr)
Fabric: Voile
Color: Orange

Note:
Product color may slightly vary due to photographic lighting sources or your device settings.",https://nishatlinen.com/products/42403238,"image_1_528_1.jpg, image_1_528_2.jpg, image_1_528_3.jpg"
1 Piece - Gold Printed Loose Fabric - 42403335 - Shirt / 3 / 3,Rs. 880.00 Rs. 572.00,"Refresh your wardrobe with this stunning gold printed one-piece from the latest freedom to buy summer collection.
Product Detail:
Chunri Prints Style Shirt 
SHIRT
Shirt: 3 Meter (RS 800/-Mtr)
Fabric: Lawn
Color: Purple
Note:
Product color may slightly vary due to photographic lighting sources or your device settings.",https://nishatlinen.com/products/42403335,"image_1_529_1.jpg, image_1_529_2.jpg, image_1_529_3.jpg"
3 Piece - Printed Suit - 42402047,"Rs. 6,490.00 Rs. 4,218.50","Create an elegant and lavish look with our printed three-piece from the latest unstitched summer collection.
Product Detail:
Abstract Printed Style Shirt with Dupatta and Trousers
SHIRT
Printed Super Fine Lawn Shirt: 3 Meter
Fabric: Lawn
Color: Peach
DUPATTA
Digital Printed Crinkle Chiffon Dupatta: 2.5 Meter
Fabric: Crinkle Chiffon
Color: Peach
TROUSERS
Solid Cambric Trousers: 2.5 Meter
Fabric: Cambric
Color: Peach
Note:
Product color may slightly vary due to photographic lighting sources or your device settings.",https://nishatlinen.com/collections/women/products/42402047,"image_1_530_1.jpg, image_1_530_2.jpg, image_1_530_3.jpg"
Embroidered Shirt - PE24-91 - XS,"Rs. 4,820.00 Rs. 2,892.00","Capture the essence of timeless elegance with this embroidered shirt from the latest pret summer collection.
Product Detail
Embroidered Shirt 
Shirt
Round Neckline With Placket, Embroidered Front & Sleeves
Fabric: Cambric
Color: Pink
Note:
Product color may vary slightly due to photographic lighting sources or monitor settings.",https://nishatlinen.com/collections/women/products/pe24-91,"image_1_531_1.jpg, image_1_531_2.jpg, image_1_531_3.jpg"
1 Piece - Printed Loose Fabric - 42403187 - Shirt / 3 / 3,Rs. 830.00 Rs. 540.00,"printed one-piece from the latest freedom to buy summer collection.
Product Detail:
Line Art Patterns Printed Style Shirt
SHIRT
Shirt: 3 Meter (RS 730/-Mtr)
Fabric: Lawn
Color: Black

Note:
Product color may slightly vary due to photographic lighting sources or your device settings.",https://nishatlinen.com/collections/women/products/42403187,"image_1_532_1.jpg, image_1_532_2.jpg, image_1_532_3.jpg"
3 Piece - Jacquard Suit - 42402119,"Rs. 9,990.00 Rs. 7,992.00","Elevate your daily style with this jacquard three-piece from the latest unstitched summer collection.

Product Detail:
Chunri Style Shirt with Dupatta and Trousers
SHIRT
Jacquard Shirt: 3 Meter
Fabric: Jacquard
Color: Yellowish Gold
DUPATTA
Digital Printed Crinkle Chiffon Dupatta: 2.5 Meter
Fabric: Crinkle Chiffon
Color: Yellowish Gold
TROUSERS
Jacquard Trousers: 2.5 Meter
Fabric: Jacquard
Color: Yellowish Gold
Note:
Product color may slightly vary due to photographic lighting sources or your device settings.",https://nishatlinen.com/products/42402119,"image_1_533_1.jpg, image_1_533_2.jpg, image_1_533_3.jpg"
3 Piece - Printed Embroidered Suit - PE24-381 - XS,"Rs. 9,740.00 Rs. 5,844.00","Get a sparkling look by wearing this printed embroidered three-piece suit from the latest pret summer collection.
Product Detail
Printed Embroidered Shirt With Dupatta & Trousers
Shirt
Round Neckline With Piping, A-Line Shirt
Fabric: Lawn
Color: Maroon
Dupatta
Fabric: Voile
Color: Maroon
Trousers
Straight Embroidered Trousers
Fabric: Cambric
Color: Maroon
Note:
Product color may vary slightly due to photographic lighting sources or monitor settings.",https://nishatlinen.com/collections/women/products/pe24-381,"image_1_534_1.jpg, image_1_534_2.jpg, image_1_534_3.jpg"
3 Piece - Printed Embroidered Suit - 42402043,"Rs. 7,690.00 Rs. 4,998.50","Indulge in elegance with our printed embroidered three-piece from the latest unstitched summer collection.
Product Detail:
Animal Prints Style Shirt with Dupatta and Trousers
SHIRT
Printed Super Fine Lawn Shirt: 3 Meter
4 Embroidered Motifs
Fabric: Lawn
Color: Yellow
DUPATTA
Digital Printed Crinkle Chiffon Dupatta: 2.5 Meter
Fabric: Crinkle Chiffon
Color: Yellow 
TROUSERS
Solid Cambric Trousers: 2.5 Meter
Fabric: Cambric
Color: Yellow
Note:
Product color may slightly vary due to photographic lighting sources or your device settings.",https://nishatlinen.com/collections/women/products/42402043,"image_1_535_1.jpg, image_1_535_2.jpg, image_1_535_3.jpg"
2 Piece - Dyed Embroidered Suit - 42401259,"Rs. 5,640.00 Rs. 3,666.00","Give yourself smart casual vibes in our classic dyed embroidered two-piece from the latest unstitched summer collection.
Product Detail:
Shirt with Trousers
SHIRT
Dyed Cambric Shirt: 3 Meter
Embroidered Front + Border
Fabric: Cambric
Color: Deep Brinjal
TROUSERS
Dyed Cambric Trousers: 2.5 Meter
Fabric: Cambric
Color: Deep Brinjal
Note:
Product color may slightly vary due to photographic lighting sources or your device settings.",https://nishatlinen.com/collections/women/products/42401259,"image_1_536_1.jpg, image_1_536_2.jpg, image_1_536_3.jpg"
1 Piece - Printed Loose Fabric - 42403184 - Shirt / 3 / 3,Rs. 830.00 Rs. 540.00,"Enliven your look with this printed one-piece from the latest freedom to buy summer collection.
Product Detail:
Traditional Printed Style Shirt
SHIRT
Shirt: 3 Meter (RS 730/-Mtr)
Fabric: Lawn
Color: Black

Note:
Product color may slightly vary due to photographic lighting sources or your device settings.",https://nishatlinen.com/collections/women/products/42403184,"image_1_537_1.jpg, image_1_537_2.jpg, image_1_537_3.jpg"
1 Piece - Digital Printed Loose Fabric - 42403183 - Shirt / 3 / 3,Rs. 830.00 Rs. 540.00,"Experience the exquisite grace of this digital printed one-piece from the latest freedom to buy summer collection.
Product Detail:
Paisleys Printed Style Shirt 
SHIRT
Shirt: 3 Meter (RS 750/-Mtr)
Fabric: Lawn
Color: Teal

Note:
Product color may slightly vary due to photographic lighting sources or your device settings.",https://nishatlinen.com/collections/women/products/42403183,"image_1_538_1.jpg, image_1_538_2.jpg, image_1_538_3.jpg"
Basic Dress - FS24-55 - XS,"Rs. 8,730.00 Rs. 5,238.00","Delicate your look with this basic dress from the latest pret summer collection.
Product Detail
Basic Dress
Dress
Band Neckline With Fancy Buttons Detail On Front, Lace Detail On Sleeves, Button Down Dress
Fabric: Jacquard
Color: Red
Note:
Product color may vary slightly due to photographic lighting sources or monitor settings.",https://nishatlinen.com/collections/women/products/fs24-55,"image_1_539_1.jpg, image_1_539_2.jpg, image_1_539_3.jpg"
2 Piece - Printed Suit - PE24-247 - XS,"Rs. 8,720.00 Rs. 5,232.00","Look and feel your best by wearing this printed two-piece suit from the latest pret summer collection.
Product Detail
Printed Long Dress With Dupatta
Dress
Round Neckline, Embroidered Sleeves, Printed Long Dress
Fabric: Lawn
Color: Skin
Dupatta
Fabric: Maysuri
Color: Rust
Note:
Product color may vary slightly due to photographic lighting sources or monitor settings.",https://nishatlinen.com/collections/women/products/pe24-247,"image_1_540_1.jpg, image_1_540_2.jpg, image_1_540_3.jpg"
2 Piece - Printed Suit - PS24-345 - XS,"Rs. 4,510.00 Rs. 2,706.00","Collect unique stuff for your wardrobe with this printed two-piece suit from the latest pret summer collection.
Product Detail
Printed Shirt With Trousers
Shirt
Band Neckline With Placket, Straight Shirt
Fabric: Cambric
Color: Orange
Trousers
Fitted Trousers
Fabric: Cambric
Color: Orange
Note:
Product color may vary slightly due to photographic lighting sources or monitor settings.",https://nishatlinen.com/products/ps24-345,"image_1_541_1.jpg, image_1_541_2.jpg, image_1_541_3.jpg"
2 Piece - Printed Suit - PE24-247 - XS,"Rs. 8,720.00 Rs. 5,232.00","Look and feel your best by wearing this printed two-piece suit from the latest pret summer collection.
Product Detail
Printed Long Dress With Dupatta
Dress
Round Neckline, Embroidered Sleeves, Printed Long Dress
Fabric: Lawn
Color: Skin
Dupatta
Fabric: Maysuri
Color: Rust
Note:
Product color may vary slightly due to photographic lighting sources or monitor settings.",https://nishatlinen.com/products/pe24-247,"image_1_542_1.jpg, image_1_542_2.jpg, image_1_542_3.jpg"
3 Piece - Printed Loose Fabric - 42403045 - Shirt / 3 / 3,Rs. 670.00 Rs. 436.00,"Look classy with this printed three-piece from the latest freedom to buy summer collection.
Product Detail:
Chunri Motifs With Textured Printed Style Dupatta with Shirt and Trousers
SHIRT
Shirt: 3 Meter (RS 730/-Mtr)
Fabric: Lawn
Color: Black
Note: Fabric used in shoot for trousers is shirt fabric
DUPATTA
Dupatta: 2.5 Meter (RS 750/-Mtr)
Fabric: Voile
Color: Black
Note: Fabric used in shoot for gown is dupatta fabric

TROUSERS
Trousers: 2.5 Meter (RS 690/-Mtr)
Fabric: Cambric
Color: Black
Note: Fabric used in shoot for shirt is trousers fabric
Note:
Product color may slightly vary due to photographic lighting sources or your device settings.",https://nishatlinen.com/products/42403045,"image_1_543_1.jpg, image_1_543_2.jpg, image_1_543_3.jpg"
3 Piece - Printed Loose Fabric - 42403156 - Shirt / 3 / 3,Rs. 830.00 Rs. 540.00,"Command attention and leave a lasting impression with this printed three-piece from the latest freedom to buy summer collection.
Product Detail:
Floral Motifs In Shapes And Booti Form Printed Style Shirt with Dupatta and Trousers
SHIRT
Shirt: 3 Meter (RS 730/-Mtr)
Fabric: Lawn
Color: Deep Blue
DUPATTA
Dupatta: 2.5 Meter (RS 750/-Mtr)
Fabric: Voile
Color: Deep Blue
TROUSERS
Trousers: 2.5 Meter (RS 690/-Mtr)
Fabric: Cambric
Color: Deep Blue
Note:
Product color may slightly vary due to photographic lighting sources or your device settings.",https://nishatlinen.com/collections/women/products/42403156,"image_1_544_1.jpg, image_1_544_2.jpg, image_1_544_3.jpg"
1 Piece - Digital Printed Loose Fabric - 42403385 - Shirt / 3 / 3,Rs. 830.00 Rs. 540.00,"Indulge in the magnificence of this digital printed one-piece from the latest freedom to buy summer collection.
Product Detail:
Flower Mix Printed Style Shirt 
SHIRT
Shirt: 3 Meter (RS 830/-Mtr)
Fabric: Dobby Lawn
Color: Multi

Note:
Product color may slightly vary due to photographic lighting sources or your device settings.",https://nishatlinen.com/collections/women/products/42403385,"image_1_545_1.jpg, image_1_545_2.jpg, image_1_545_3.jpg"
3 Piece - Printed Embroidered Suit - 42401820,"Rs. 9,990.00 Rs. 6,493.50","Make your day marvellous by wearing this printed embroidered three-piece from the latest unstitched summer collection.
Product Detail:
Floral Dupatta With Allover Pattern Shirt and Trousers
SHIRT
Printed Super Fine Lawn Shirt: 3 Meter
Embroidered Front + Motifs + Border
Fabric: Lawn
Color: Carrot
DUPATTA
Embroidered Organza Dupatta: 2.5 Meter
Fabric: Organza
Color: Carrot
TROUSERS
Solid Cambric Trousers: 2.5 Meter
Fabric: Cambric
Color: Carrot
Note:
Product color may slightly vary due to photographic lighting sources or your device settings.",https://nishatlinen.com/collections/women/products/42401820,"image_1_546_1.jpg, image_1_546_2.jpg, image_1_546_3.jpg"
2 Piece - Printed Embroidered Suit - PE24-391 - XS,"Rs. 7,180.00 Rs. 4,308.00","Radiate positivity and vibrancy in this printed embroidered two-piece suit from the latest pret summer collection.
Product Detail
Printed Embroidered Shirt With Shalwar
Shirt
Round Neckline With Piping & Buttons Detail, Embroidered Sleeves Edges, Loose Straight Shirt
Fabric: Lawn
Color: Ice Blue
Shalwar
Fabric: Cambric
Color: Ice Blue
Note:
Product color may vary slightly due to photographic lighting sources or monitor settings.",https://nishatlinen.com/products/pe24-391,"image_1_547_1.jpg, image_1_547_2.jpg, image_1_547_3.jpg"
2 Piece - Jacquard Embroidered Suit - 42402158,"Rs. 6,990.00 Rs. 5,592.00","Adorn grace with this jacquard embroidered two-piece from the latest unstitched summer collection.
Product Detail:
Ethnic Pattern Style Shirt with Dupatta
SHIRT
Jacquard Shirt: 3 Meter
Embroidered Motifs + Border
Fabric: Jacquard
Color: Grey
DUPATTA
Jacquard Dupatta: 2.5 Meter
Fabric: Jacquard
Color: Grey
Note:
Product color may slightly vary due to photographic lighting sources or your device settings.",https://nishatlinen.com/collections/women/products/42402158,"image_1_548_1.jpg, image_1_548_2.jpg, image_1_548_3.jpg"
Printed Dress - FE24-59 - XS,"Rs. 9,230.00 Rs. 5,538.00","Embody the essence of timeless beauty with this printed dress from the latest pret summer collection.
Product Detail
Printed Dress
Dress
Band Neckline, Gathered Cuff Balloon Sleeves, Button Down Dress
Fabric: Cambric
Color: Off White & Green
Note:
Product color may vary slightly due to photographic lighting sources or monitor settings.",https://nishatlinen.com/collections/women/products/fe24-59,"image_1_549_1.jpg, image_1_549_2.jpg, image_1_549_3.jpg"
3 Piece - Printed Suit - 42401857,"Rs. 6,150.00 Rs. 3,997.50","Make a bold fashion statement with our printed three-piece from the latest unstitched summer collection.
Product Detail:
Modern Printed Style Shirt with Dupatta and Trousers
SHIRT
Printed Lawn Shirt: 3 Meter
Fabric: Lawn
Color: Green
DUPATTA
Digital Printed Zari Lawn Dupatta: 2.5 Meter
Fabric: Zari Lawn
Color: Green
TROUSERS
Dyed Cambric Trousers: 2.5 Meter
Fabric: Cambric
Color: Green
Note:
Product color may slightly vary due to photographic lighting sources or your device settings.",https://nishatlinen.com/products/42401857,"image_1_550_1.jpg, image_1_550_2.jpg, image_1_550_3.jpg"
Embroidered Tunic - PS24-97 - XS,"Rs. 3,790.00 Rs. 2,274.00","Indulge in your beauty by wearing this embroidered tunic from the latest pret summer collection.
Product Detail
Embroidered Tunic
Tunic
Band Neckline With Placket & Buttons Detail, Embroidered Sleeves, Embroidered Tunic
Fabric: Cambric
Color: Yellow
Note:
Product color may vary slightly due to photographic lighting sources or monitor settings.",https://nishatlinen.com/collections/women/products/ps24-97,"image_1_551_1.jpg, image_1_551_2.jpg, image_1_551_3.jpg"
1 Piece - Digital Printed Loose Fabric - 42403221 - Shirt / 3 / 3,Rs. 830.00 Rs. 540.00,"Embrace elegance with the digital printed one-piece from the latest freedom to buy summer collection.
Product Detail:
Abstract Seamless Pattern Printed Style Shirt 
SHIRT
Shirt: 3 Meter (RS 800/-Mtr)
Fabric: Dobby Lawn
Color: Off White

Note:
Product color may slightly vary due to photographic lighting sources or your device settings.",https://nishatlinen.com/products/42403221,"image_1_552_1.jpg, image_1_552_2.jpg, image_1_552_3.jpg"
Basic Shirt - PS24-32 - XS,"Rs. 5,340.00 Rs. 3,204.00","Combine comfort and style with this basic shirt from the latest pret pre summer collection.  
Product Detail
Basic Shirt
Shirt
Round Neckline With Tie-Up Dorri & Tassels Detail
Fabric: Jacquard
Color: Ivory
Note:
Product color may vary slightly due to photographic lighting sources or monitor settings.",https://nishatlinen.com/collections/women/products/ps24-32,"image_1_553_1.jpg, image_1_553_2.jpg, image_1_553_3.jpg"
3 Piece - Printed Loose Fabric - 42403267 - Dupatta / 2.5 / 2.5,Rs. 455.00 - Rs. 527.00,"Craft your style with exquisite printed three-piece from the latest freedom to buy summer collection.
Product Detail:
Suzani Ikat Mix Shirt with Dupatta and Trousers
SHIRT
Shirt: 3 Meter (RS 750/-Mtr)
Fabric: Lawn
Color: Yellow
DUPATTA
Dupatta: 2.5 Meter (RS 780/-Mtr)
Fabric: Voile
Color: Yellow
TROUSERS
Trousers: 2.5 Meter (RS 680/-Mtr)
Fabric: Cambric
Color: ﻿Yellow
Note:
Product color may slightly vary due to photographic lighting sources or your device settings.",https://nishatlinen.com/collections/women/products/42403267,"image_1_554_1.jpg, image_1_554_2.jpg, image_1_554_3.jpg"
1 Piece - Digital Printed Loose Fabric - 42403347 - Shirt / 3 / 3,Rs. 880.00 Rs. 572.00,"Look regal with this digital printed one-piece from the latest freedom to buy summer collection.
Product Detail:
Ikkat Printed Style Shirt 
SHIRT
Shirt: 3 Meter (RS 850/-Mtr)
Fabric: Dobby Lawn
Color: Black & Off White
Note:
Product color may slightly vary due to photographic lighting sources or your device settings.",https://nishatlinen.com/products/42403347,"image_1_555_1.jpg, image_1_555_2.jpg, image_1_555_3.jpg"
Embroidered Shirt - PE24-117 - XS,"Rs. 5,130.00 Rs. 3,078.00","Make your look radiant by wearing this embroidered shirt from the latest pret summer collection. 
Product Detail
Embroidered Shirt
Shirt
Round Neckline With Piping & Slit, Embroidered Front & Sleeves
Fabric: Cambric
Color: Peach
Note:
Product color may vary slightly due to photographic lighting sources or monitor settings.",https://nishatlinen.com/collections/women/products/pe24-117,"image_1_556_1.jpg, image_1_556_2.jpg, image_1_556_3.jpg"
1 Piece - Dyed Loose Fabric - 42402014-1 - Shirt / 3 / 3,Rs. 670.00 Rs. 436.00,"Enter into a summer wonderland with this dyed one-piece from the latest freedom to buy summer collection.
Product Detail:
Shirt
SHIRT
Shirt: 3 Meter (RS 650/-Mtr)
Fabric: Cambric
Color: Dusty Mauve
Note:
Product color may slightly vary due to photographic lighting sources or your device settings.",https://nishatlinen.com/collections/women/products/42402014-1,"image_1_557_1.jpg, image_1_557_2.jpg, image_1_557_3.jpg"
3 Piece - Printed Suit - PE24-382 - XS,"Rs. 8,720.00 Rs. 5,232.00","Radiate positivity and vibrancy in this printed three-piece suit from the latest pret summer collection.
Product Detail
Printed Shirt With Dupatta & Trousers
Shirt
Round Neckline With Slit & & Adda Work On Piping
Fabric: Lawn
Color: Beige
Dupatta
Fabric: Voile
Color: Beige
Trousers
Loose Straight Trousers
Fabric: Cambric
Color: Beige
Note:
Product color may vary slightly due to photographic lighting sources or monitor settings.",https://nishatlinen.com/collections/women/products/pe24-382,"image_1_558_1.jpg, image_1_558_2.jpg, image_1_558_3.jpg"
3 Piece - Printed Embroidered Suit - 42401818,"Rs. 9,740.00 Rs. 6,331.00","Make your day marvelous by wearing this printed embroidered three-piece from the latest unstitched summer collection.
Product Detail:
Floral Bunch Dupatta With Textured Style Shirt with Trousers
SHIRT
Printed Super Fine Lawn Shirt: 3 Meter
Embroidered Front + Sleeves
Fabric: Lawn
Color: Light Blue
DUPATTA
Embroidered Organza Dupatta: 2.5 Meter
Fabric: Organza
Color: Light Blue
TROUSERS
Solid Cambric Trousers: 2.5 Meter
Fabric: Cambric
Color: Light Blue
Note:
Product color may slightly vary due to photographic lighting sources or your device settings.",https://nishatlinen.com/collections/women/products/42401818,"image_1_559_1.jpg, image_1_559_2.jpg, image_1_559_3.jpg"
Printed Embroidered Shirt - PE24-327 - XS,"Rs. 5,130.00 Rs. 3,078.00","Embody the essence of timeless beauty with this printed embroidered shirt from the latest pret summer collection.
Product Detail
Printed Embroidered Shirt
Shirt
Round Neckline With Back Slit & Wooden Pearls, Embroidered Yoke & Gathers
Fabric: Lawn
Color: Light Grey
Note:
Product color may vary slightly due to photographic lighting sources or monitor settings.",https://nishatlinen.com/collections/women/products/pe24-327,"image_1_560_1.jpg, image_1_560_2.jpg, image_1_560_3.jpg"
2 Piece - Printed Suit With Laces - 42401605,"Rs. 5,130.00 Rs. 3,334.50","Look glamorous by wearing this printed two-piece from the latest unstitched summer collection.
Product Detail:
Floral With Laces Printed Style Shirt with Dupatta
SHIRT
Printed Super Fine Lawn Shirt: 3 Meter
1 Lace: 1.25 Meter
1 Lace: 2.5 Meter
Fabric: Lawn
Color: Pink
DUPATTA
Digital Printed Banarsi Slub Dupatta: 2.5 Meter
Fabric: Banarsi Slub
Color: ﻿Pink
Note:
Product color may slightly vary due to photographic lighting sources or your device settings.",https://nishatlinen.com/products/42401605,"image_1_561_1.jpg, image_1_561_2.jpg, image_1_561_3.jpg"
3 Piece - Printed Loose Fabric - 42403260 - Shirt / 3 / 3,Rs. 455.00 - Rs. 527.00,"Unleash your creativity and create a unique style with this printed three-piece from the latest freedom to buy summer collection.
Product Detail:
Chunri Patterns & Embroidered Motifs In Printed Style Shirt with Dupatta and Trousers
SHIRT
Shirt: 3 Meter (RS 750/-Mtr)
Fabric: Lawn
Color: Red
DUPATTA
Dupatta: 2.5 Meter (RS 780/-Mtr)
Fabric: Voile
Color: Red & Purple
TROUSERS
Trousers: 2.5 Meter (RS 680/-Mtr)
Fabric: Cambric
Color: Red
Note:
Product color may slightly vary due to photographic lighting sources or your device settings.",https://nishatlinen.com/collections/women/products/42403260,"image_1_562_1.jpg, image_1_562_2.jpg, image_1_562_3.jpg"
1 Piece - Digital Printed Loose Fabric - 42403199 - Shirt / 3 / 3,Rs. 830.00 Rs. 540.00,"Transform every moment into a timeless affair with our digital printed one-piece from the latest freedom to buy summer collection.
Product Detail:
Block Printed Style Shirt 
SHIRT
Shirt: 3 Meter (RS 830/-Mtr)
Fabric: Dobby Lawn
Color: Peach

Note:
Product color may slightly vary due to photographic lighting sources or your device settings.",https://nishatlinen.com/products/42403199,"image_1_563_1.jpg, image_1_563_2.jpg, image_1_563_3.jpg"
2 Piece - Printed Embroidered Suit - 42401767,"Rs. 5,130.00 Rs. 3,334.50","Lighten up your mood in this printed embroidered two-piece from the latest unstitched summer collection.
Product Detail:
Paisley Style Shirt with Dupatta
SHIRT
Printed Super Fine Lawn Shirt: 3 Meter
Embroidered Motifs + Border
Fabric: Lawn
Color: Blue
DUPATTA
Printed Crinkle Chiffon Dupatta: 2.5 Meter
Fabric: Crinkle Chiffon
Color: Blue
Note:
Product color may slightly vary due to photographic lighting sources or your device settings.",https://nishatlinen.com/collections/women/products/42401767,"image_1_564_1.jpg, image_1_564_2.jpg, image_1_564_3.jpg"
1 Piece - Silver Printed Loose Fabric - 42403359 - Dupatta / 2.5 / 2.5,Rs. 880.00 Rs. 572.00,"Elevate your daily style with this silver printed one-piece from the latest freedom to buy summer collection.
Product Detail:
Chunri Prints Style Dupatta
Dupatta
Dupatta: 2.5 Meter (RS 850/-Mtr)
Fabric: Voile
Color: Orange
Note:
Product color may slightly vary due to photographic lighting sources or your device settings.",https://nishatlinen.com/products/42403359,"image_1_565_1.jpg, image_1_565_2.jpg, image_1_565_3.jpg"
3 Piece - Printed Embroidered Suit - 42401827,"Rs. 9,740.00 Rs. 6,331.00","Make a truly elegant statement in this printed embroidered three-piece from the latest unstitched summer collection.
Product Detail:
Floral Print Style Shirt with Dupatta and Trousers
SHIRT
Printed Super Fine Lawn Shirt: 3 Meter
Embroidered Front + Motifs + Border
Fabric: Lawn
Color: Coral
DUPATTA
Embroidered Organza Dupatta: 2.5 Meter
Fabric: Organza
Color: Coral
TROUSERS
Solid Cambric Trousers: 2.5 Meter
Fabric: Cambric
Color: Coral
Note:
Product color may slightly vary due to photographic lighting sources or your device settings.",https://nishatlinen.com/collections/women/products/42401827,"image_1_566_1.jpg, image_1_566_2.jpg, image_1_566_3.jpg"
3 Piece - Printed Loose Fabric - 42403264 - Shirt / 3 / 3,Rs. 455.00 - Rs. 527.00,"Effortlessly capture attention with the printed three-piece from the latest freedom to buy summer collection.
Product Detail:
Tile Art Patterns In Printed Form Shirt with Dupatta and Trousers
SHIRT
Shirt: 3 Meter (RS 750/-Mtr)
Fabric: Lawn
Color: Mustard
DUPATTA
Dupatta: 2.5 Meter (RS 780/-Mtr)
Fabric: Voile
Color: Mustard
TROUSERS
Trousers: 2.5 Meter (RS 680/-Mtr)
Fabric: Cambric
Color: ﻿Mustard
Note:
Product color may slightly vary due to photographic lighting sources or your device settings.",https://nishatlinen.com/products/42403264,"image_1_567_1.jpg, image_1_567_2.jpg, image_1_567_3.jpg"
2-Piece - Printed Suit  - PS24-330 - XS / S,"Rs. 5,690.00 Rs. 3,414.00","Make your day magnificent by wearing this printed two-piece suit from the latest pret summer collection. 
Product Detail
Printed Shirt With Trousers
Shirt
Pointed Collar Neckline With Pearls Detail, Cuffed Sleeves, Printed Shirt
Fabric: Lawn 
Color: Black & White
Trousers
Printed Trousers
Fabric: Cambric 
Color: Black & White
Note:
Product color may vary slightly due to photographic lighting sources or monitor settings.",https://nishatlinen.com/collections/women/products/ps24-330,"image_1_568_1.jpg, image_1_568_2.jpg, image_1_568_3.jpg"
3 Piece - Printed Loose Fabric - 42403374 - Trouser / 2.5 / 2.5,Rs. 455.00 - Rs. 533.00,"Look gorgeous effortlessly by wearing this printed three-piece from the latest freedom to buy summer collection.
Product Detail
Mughal Motifs In Printed Form Shirt with Dupatta and Trousers 
SHIRT
Shirt: 3 Meter (RS 780/-Mtr) 
Fabric: Lawn
Color: Green
DUPATTA
Dupatta: 2.5 Meter (RS 800/-Mtr) 
Fabric: Voile
Color: Blue
TROUSERS
Trousers: 2.5 Meter (RS 700/-Mtr) 
Fabric: Cambric
Color: Green
Note:
Product color may slightly vary due to photographic lighting sources or your device settings.",https://nishatlinen.com/products/42403374,"image_1_569_1.jpg, image_1_569_2.jpg, image_1_569_3.jpg"
3 Piece - Printed Suit - 42401482,"Rs. 6,150.00 Rs. 3,997.50","Make your day pleasingly memorable with this printed three-piece from the latest unstitched summer collection.
Product Detail:
Watercolor Floral Borders Style Shirt with Dupatta and Trousers
SHIRT
Printed Super Fine Lawn Shirt: 3 Meter
1 Lace: 1.25 Meter
1 Lace: 2.5 Meter
Fabric: Lawn
Color: Light Yellow
DUPATTA
Digital Printed Crinkle Chiffon Dupatta: 2.5 Meter
Fabric: Crinkle Chiffon
Color: Light Yellow
TROUSERS
Printed Cambric Trousers: 2.5 Meter
Fabric: Cambric
Color: Light Yellow
Note:
Product color may slightly vary due to photographic lighting sources or your device settings.",https://nishatlinen.com/collections/women/products/42401482,"image_1_570_1.jpg, image_1_570_2.jpg, image_1_570_3.jpg"
2 Piece - Printed Suit - PE24-356 - XS,"Rs. 4,570.00 Rs. 2,742.00","Add an extra touch of support to make your day a bit more comfortable with this printed two-piece suit from the latest pret summer collection.
Product Detail
Printed Shirt With Trousers
Shirt
Band Neckline With Slit, Printed Shirt
Fabric: Cambric
Color: Beige
Trousers
Printed Loose Straight Trousers
Fabric: Cambric
Color: Beige
Note:
Product color may vary slightly due to photographic lighting sources or monitor settings.",https://nishatlinen.com/collections/women/products/pe24-356,"image_1_571_1.jpg, image_1_571_2.jpg, image_1_571_3.jpg"
Embroidered Shirt - PE24-49 - XS,"Rs. 4,610.00 Rs. 2,766.00","Look and feel your best by wearing this embroidered shirt from the latest pret summer collection.
Product Detail
Embroidered Shirt
Shirt
Round Neckline With Slit, Embroidered Neckline & Sleeves
Fabric: Cambric
Color: Ferozi
Note:
Product color may vary slightly due to photographic lighting sources or monitor settings.",https://nishatlinen.com/collections/women/products/pe24-49,"image_1_572_1.jpg, image_1_572_2.jpg, image_1_572_3.jpg"
3 Piece - Embroidered Suit - 42401451,"Rs. 8,200.00 Rs. 5,330.00","Embrace your individuality by wearing this embroidered three-piece from the latest unstitched summer collection.
Product Detail:
Cross Stitch Prints Style Shirt with Dupatta and Trousers
SHIRT
Dyed Super Fine Grid Lawn Shirt: 3 Meter
Embroidered Moifs + Border
Fabric: Grid Lawn
Color: Ice Blue
DUPATTA
Digital Printed Grid Lawn Dupatta: 2.5 Meter
Fabric: Grid Lawn
Color: Ice Blue
TROUSERS
Dyed Cambric Trousers: 2.5 Meter
Fabric: Cambric
Color: ﻿Ice Blue
Note:
Product color may slightly vary due to photographic lighting sources or your device settings.",https://nishatlinen.com/products/42401451,"image_1_573_1.jpg, image_1_573_2.jpg, image_1_573_3.jpg"
3 Piece - Printed Suit - 42402051,"Rs. 6,490.00 Rs. 4,218.50","Create a stylish look with our printed three-piece from the latest unstitched summer collection.
Product Detail:
Textures Printed Style Shirt with Dupatta and Trousers
SHIRT
Printed Super Fine Lawn Shirt: 3 Meter
Fabric: Lawn
Color: Dull Orange
DUPATTA
Digital Printed Crinkle Chiffon Dupatta: 2.5 Meter
Fabric: Crinkle Chiffon
Color: Dull Orange
TROUSERS
Solid Cambric Trousers: 2.5 Meter
Fabric: Cambric
Color: Dull Orange
Note:
Product color may slightly vary due to photographic lighting sources or your device settings.",https://nishatlinen.com/collections/women/products/42402051,"image_1_574_1.jpg, image_1_574_2.jpg, image_1_574_3.jpg"
1 Piece - Gold Printed Loose Fabric - 42403360 - Dupatta / 2.5 / 2.5,Rs. 880.00 Rs. 572.00,"Brighten up your wardrobe with this gold printed one-piece from the latest freedom to buy summer collection.
Product Detail:
Dotted Style Motifs In Printed Form Dupatta
Dupatta
Dupatta: 2.5 Meter (RS 850/-Mtr)
Fabric: Voile
Color: Purple
Note:
Product color may slightly vary due to photographic lighting sources or your device settings.",https://nishatlinen.com/collections/women/products/42403360,"image_1_575_1.jpg, image_1_575_2.jpg, image_1_575_3.jpg"
Printed Shirt - PE24-211 - XS,"Rs. 4,100.00 Rs. 2,460.00","Create an innovative and classy look by wearing this printed shirt from the latest pret summer collection.
Product Detail
Printed Shirt
Shirt
Round Neckline With Pearl & Loop Detail At Back Slit, Lace Detail On Sleeves
Fabric: Lawn
Color: Orange 
Note:
Product color may vary slightly due to photographic lighting sources or monitor settings.",https://nishatlinen.com/collections/women/products/pe24-211,"image_1_576_1.jpg, image_1_576_2.jpg, image_1_576_3.jpg"
2 Piece - Printed Suit - PS24-252 - XS / S,"Rs. 5,640.00 Rs. 3,384.00","Unleash your inner muse with this printed two-piece suit from the latest pret summer collection.
Product Detail
Printed Shirt With Trousers
Shirt
Band Neckline With Slit, Printed Shirt
Fabric: Lawn
Color: Navy
Trousers
Loose Trousers
Fabric: Cambric
Color: Orange
Note:
Product color may vary slightly due to photographic lighting sources or monitor settings.",https://nishatlinen.com/products/ps24-252,"image_1_577_1.jpg, image_1_577_2.jpg, image_1_577_3.jpg"
1 Piece - Printed Loose Fabric - 42403192 - Shirt / 3 / 3,Rs. 830.00 Rs. 540.00,"Look ravishing in this printed one-piece from the latest freedom to buy summer collection.
Product Detail:
Floral Bunches Printed Style Shirt
SHIRT
Shirt: 3 Meter (RS 730/-Mtr)
Fabric: Lawn
Color: Cream

Note:
Product color may slightly vary due to photographic lighting sources or your device settings.",https://nishatlinen.com/products/42403192,"image_1_578_1.jpg, image_1_578_2.jpg, image_1_578_3.jpg"
1 Piece - Gold Printed Loose Fabric - 42403231 - Dupatta / 2.5 / 2.5,Rs. 830.00 Rs. 540.00,"For an elegant appearance gold printed one-piece from the latest freedom to buy summer collection.
Product Detail:
Textures Printed Style Dupatta
DUPATTA
Dupatta: 2.5 Meter (RS 800/-Mtr)
Fabric: Voile
Color: Brown

Note:
Product color may slightly vary due to photographic lighting sources or your device settings.",https://nishatlinen.com/products/42403231,"image_1_579_1.jpg, image_1_579_2.jpg, image_1_579_3.jpg"
3 Piece - Printed Embroidered Suit - 42401641,"Rs. 9,740.00 Rs. 6,331.00","Adorn grace with this printed embroidered three-piece from the latest unstitched summer collection.
Product Detail:
Sticker Style Floral Patterns Prints Style Shirt with Dupatta and Trousers
SHIRT
Solid Cambric Shirt: 3 Meter
Embroidered Front + Border
Fabric: Cambric
Color: Grey
DUPATTA
Digital Printed Brochia Dupatta: 2.5 Meter
Fabric: Brochia
Color: Grey
TROUSERS
Printed Cambric Trousers: 2.5 Meter
Fabric: Cambric
Color: Grey
Note:
Product color may slightly vary due to photographic lighting sources or your device settings.",https://nishatlinen.com/collections/women/products/42401641,"image_1_580_1.jpg, image_1_580_2.jpg, image_1_580_3.jpg"
2-Piece - Embroidered Suit  - PS24-128 - XS,"Rs. 8,290.00 Rs. 4,974.00","Create a statement-making festive look with this embroidered two-piece suit from the latest pret summer collection.  
Product Detail
Embroidered Shirt With Trousers
Shirt
Round Neckline With Slit, Embroidered Front & Sleeves
Fabric: Texture
Color: Green
Trousers
Loose Trousers
Fabric: Cambric
Color: Green
Note:
Product color may vary slightly due to photographic lighting sources or monitor settings.",https://nishatlinen.com/products/ps24-128,"image_1_581_1.jpg, image_1_581_2.jpg, image_1_581_3.jpg"
Embroidered Shirt - PS24-78 - XS,"Rs. 4,100.00 Rs. 2,460.00","Command attention and leave a lasting impression with this embroidered shirt from the latest pret summer collection.
Product Detail
Embroidered Shirt
Shirt
Band Neckline With Placket & Buttons Detail, Embroidered Sleeves, Button Down Shirt
Fabric: Cambric
Color: Pistachio
Note:
Product color may vary slightly due to photographic lighting sources or monitor settings.",https://nishatlinen.com/products/ps24-78,"image_1_582_1.jpg, image_1_582_2.jpg, image_1_582_3.jpg"
Embroidered Shirt - PS24-17 - XS,"Rs. 6,150.00 Rs. 3,690.00","Symbolize resilience and inner strength with this embroidered shirt from the latest pret pre summer collection.
Product Detail
Embroidered Shirt
Shirt
Collar Neckline, Embroidered Neckline & Sleeves
Fabric: Jacquard
Color: Light Green
Note:
Product color may vary slightly due to photographic lighting sources or monitor settings.",https://nishatlinen.com/collections/women/products/ps24-17,"image_1_583_1.jpg, image_1_583_2.jpg, image_1_583_3.jpg"
2 Piece - Printed Suit - PS24-327 - XS,"Rs. 4,820.00 Rs. 2,892.00","Make your effortless summer style by wearing this printed two-piece suit from the latest pret summer collection.
Product Detail
Printed Shirt With Trousers
Shirt
Band Overlap V Neckline, Classic Loose Shirt
Fabric: Cambric
Color: Grey
Trousers
Straight Trousers
Fabric: Cambric
Color: Grey
Note:
Product color may vary slightly due to photographic lighting sources or monitor settings.",https://nishatlinen.com/collections/women/products/ps24-327,"image_1_584_1.jpg, image_1_584_2.jpg, image_1_584_3.jpg"
2 Piece - Printed Embroidered Suit - 42401625,"Rs. 5,130.00 Rs. 3,334.50","Make your day memorable with this graceful printed embroidered two-piece from the latest unstitched summer collection.
Product Detail:
Painted Florals Shirt with Dupatta
SHIRT
Printed Super Fine Lawn Shirt: 3 Meter
Embroidered Border
Fabric: Lawn
Color: White & Blue
DUPATTA
Digital Printed Crinkle Chiffon Dupatta: 2.5 Meter
Fabric: Crinkle Chiffon
Color: ﻿White & Blue
Note:
Product color may slightly vary due to photographic lighting sources or your device settings.",https://nishatlinen.com/products/42401625,"image_1_585_1.jpg, image_1_585_2.jpg, image_1_585_3.jpg"
1 Piece - Digital Printed Loose Fabric - 42403222 - Shirt / 3 / 3,Rs. 830.00 Rs. 540.00,"Immerse yourself in the exquisite elegance of this digital printed one-piece from the latest freedom to buy summer collection.
Product Detail:
Mughal Booti Printed Style Shirt 
SHIRT
Shirt: 3 Meter (RS 800/-Mtr)
Fabric: Dobby Lawn
Color: Lilac

Note:
Product color may slightly vary due to photographic lighting sources or your device settings.",https://nishatlinen.com/products/42403222,"image_1_586_1.jpg, image_1_586_2.jpg, image_1_586_3.jpg"
1 Piece - Digital Printed Loose Fabric - 42403394 - Shirt / 3 / 3,Rs. 830.00 Rs. 540.00,"Effortlessly radiate charm in this digital printed one-piece from the latest freedom to buy summer collection.
Product Detail:
Mughal Booti Motifs Printed Style Shirt 
SHIRT
Shirt: 3 Meter (RS 800/-Mtr)
Fabric: Dobby Lawn
Color: Light Orange

Note:
Product color may slightly vary due to photographic lighting sources or your device settings.",https://nishatlinen.com/products/42403394,"image_1_587_1.jpg, image_1_587_2.jpg, image_1_587_3.jpg"
Printed Kaftan - FS24-53 - XS,"Rs. 4,620.00 Rs. 2,772.00","Look mesmerizing with this printed kaftan from the latest pret summer collection.
Product Detail
Printed Kaftan
Kaftan
V Neckline With Front Gathers, Tassels Detail On Sides
Fabric: Lawn
Color: Red
Note:
Product color may vary slightly due to photographic lighting sources or monitor settings.",https://nishatlinen.com/collections/women/products/fs24-53,"image_1_588_1.jpg, image_1_588_2.jpg, image_1_588_3.jpg"
3 Piece - Digital Printed Loose Fabric - 42403383 - Shirt / 3 / 3,Rs. 455.00 - Rs. 533.00,"Elevate your style and embrace sophistication with this alluring digital printed three-piece from the latest freedom to buy summer collection.
Product Detail
Textures Printed Style Shirt with Dupatta and Trousers 
SHIRT
Shirt: 3 Meter (RS 800/-Mtr) 
Fabric: Lawn
Color: Brown
DUPATTA
Dupatta: 2.5 Meter (RS 820/-Mtr) 
Fabric: Voile
Color: Brown
TROUSERS
Trousers: 2.5 Meter (RS 700/-Mtr) 
Fabric: Cambric
Color: Brown
Note:
Product color may slightly vary due to photographic lighting sources or your device settings.",https://nishatlinen.com/collections/women/products/42403383,"image_1_589_1.jpg, image_1_589_2.jpg, image_1_589_3.jpg"
3 Piece - Embroidered Suit - PS24-112 - XS,"Rs. 9,290.00 Rs. 5,574.00","Radiate positivity and vibrancy in this embroidered three-piece suit from the latest pret summer collection. 
Product Detail
Embroidered Shirt With Dupatta & Trousers
Shirt
Round Neckline With Slit, Adda Detail On Sleeves, Classic Straight Shirt
Fabric: Cambric
Color: Peach
Dupatta
Fabric: Chiffon
Color: Peach
Trousers
Straight Trousers
Fabric: Cambric
Color: Peach
Note:
Product color may vary slightly due to photographic lighting sources or monitor settings.",https://nishatlinen.com/collections/women/products/ps24-112,"image_1_590_1.jpg, image_1_590_2.jpg, image_1_590_3.jpg"
3 Piece - Embroidered Suit - 42401692,"Rs. 8,720.00 Rs. 5,668.00","Radiate confidence with this embroidered three-piece from the latest unstitched summer collection.
Product Detail:
Tropical Style Shirt with Dupatta and Trousers
SHIRT
Dyed Cambric Shirt: 3 Meter
Embroidered Front + Border
Fabric: Cambric
Color: Dull Gold 
DUPATTA
Digital Printed Crinkle Chiffon Dupatta: 2.5 Meter
Fabric: Crinkle Chiffon
Color: Dull Gold 
TROUSERS
Dyed Cambric Trousers: 2.5 Meter
Fabric: Cambric
Color: ﻿Dull Gold 
Note:
Product color may slightly vary due to photographic lighting sources or your device settings.",https://nishatlinen.com/collections/women/products/42401692,"image_1_591_1.jpg, image_1_591_2.jpg, image_1_591_3.jpg"
2 Piece - Dyed Embroidered Suit - 42401733,"Rs. 5,640.00 Rs. 3,666.00","Improve your style by buying this dyed embroidered two-piece from the latest unstitched summer collection.
Product Detail:
Shirt with Trousers
SHIRT
Solid Cambric Shirt: 3 Meter
Embroidered Front
Fabric: Cambric
Color: Deep Pink
TROUSERS
Solid Cambric Trousers: 2.5 Meter
Fabric: Cambric
Color: Deep Pink
Note:
Product color may slightly vary due to photographic lighting sources or your device settings.",https://nishatlinen.com/collections/women/products/42401733,"image_1_592_1.jpg, image_1_592_2.jpg, image_1_592_3.jpg"
3 Piece - Printed Loose Fabric - 42403038 - Shirt / 3 / 3,Rs. 670.00 Rs. 436.00,"Revamp your wardrobe with this printed three-piece from the latest freedom to buy summer collection.
Product Detail:
Block Printed Style Shirt with Dupatta and Trousers
SHIRT
Shirt: 3 Meter (RS 730/-Mtr)
Fabric: Lawn
Color: ﻿Blue
DUPATTA
Dupatta: 2.5 Meter (RS 750/-Mtr)
Fabric: Voile
Color: Blue
TROUSERS
Trousers: 2.5 Meter (RS 690/-Mtr)
Fabric: Cambric
Color: Blue
Note:
Product color may slightly vary due to photographic lighting sources or your device settings.",https://nishatlinen.com/products/42403038,"image_1_593_1.jpg, image_1_593_2.jpg, image_1_593_3.jpg"
2 Piece - Dyed Embroidered Suit - 42401058,"Rs. 5,640.00 Rs. 3,666.00","Elevate your daily wear with our dyed embroidered two-piece from the latest unstitched summer collection.
Product Detail:
Shirt with Trousers
SHIRT
Dyed Cambric Shirt: 3 Meter
Embroidered Front + Border
Fabric: Cambric
Color: Sky Blue
TROUSERS
Dyed Cambric Trousers: 2.5 Meter
Fabric: Cambric
Color: ﻿Sky Blue
Note:
Product color may slightly vary due to photographic lighting sources or your device settings.",https://nishatlinen.com/collections/women/products/42401058,"image_1_594_1.jpg, image_1_594_2.jpg, image_1_594_3.jpg"
3 Piece - Printed Loose Fabric - 42403255 - Shirt / 3 / 3,Rs. 455.00 - Rs. 527.00,"Revitalize your casual look with this printed three-piece from the latest freedom to buy summer collection.
Product Detail
Tropical Printed Style Shirt with Dupatta and Trousers
SHIRT
Shirt: 3 Meter (RS 750/-Mtr)
Fabric: Lawn
Color: Green & White
DUPATTA
Dupatta: 2.5 Meter (RS 780/-Mtr)
Fabric: Voile
Color: White
TROUSERS
Trousers: 2.5 Meter (RS 680/-Mtr)
Fabric: Cambric
Color: Green
Note:
Product color may slightly vary due to photographic lighting sources or your device settings.",https://nishatlinen.com/products/42403255,"image_1_595_1.jpg, image_1_595_2.jpg, image_1_595_3.jpg"
Embroidered Tunic - AS24-68 - S,"Rs. 4,620.00 Rs. 2,772.00","Improve your style by buying this embroidered tunic from the latest pret summer collection.
Product Detail
Embroidered Tunic
Tunic
Band Neckline With Slit, Embroidered Front & Sleeves, Loose Tunic
Fabric: Yarn Dyed
Color: Sky Blue
Note:
Product color may vary slightly due to photographic lighting sources or monitor settings.",https://nishatlinen.com/collections/women/products/as24-68,"image_1_596_1.jpg, image_1_596_2.jpg, image_1_596_3.jpg"
Embroidered Shirt - PE24-23 - XS,"Rs. 3,590.00 Rs. 2,154.00","Get special attention by wearing this embroidered shirt from the latest pret summer collection. 
Product Detail
Embroidered Shirt
Shirt
Band Neckline With Tie-Up Dorri & Tassels Detail, Top Stitches Detail on Band, Embellished Sleeves & Back Yoke
Fabric: Cambric
Color: Yellow
Note:
Product color may vary slightly due to photographic lighting sources or monitor settings.",https://nishatlinen.com/products/pe24-23,"image_1_597_1.jpg, image_1_597_2.jpg, image_1_597_3.jpg"
1 Piece - Digital Printed Loose Fabric - 42403387 - Shirt / 3 / 3,Rs. 830.00 Rs. 540.00,"Turn every moment into an everlasting memory with our digital printed one-piece from the latest freedom to buy summer collection.
Product Detail:
Leafs Printed Style Shirt 
SHIRT
Shirt: 3 Meter (RS 830/-Mtr)
Fabric: Dobby Lawn
Color: Off White

Note:
Product color may slightly vary due to photographic lighting sources or your device settings.",https://nishatlinen.com/collections/women/products/42403387,"image_1_598_1.jpg, image_1_598_2.jpg, image_1_598_3.jpg"
3 Piece - Printed Loose Fabric - 42403370 - Shirt / 3 / 3,Rs. 455.00 - Rs. 533.00,"Uplift your look with printed three-piece from the latest freedom to buy summer collection.
Product Detail
Geometric Printed Style Shirt with Dupatta and Trousers 
SHIRT
Shirt: 3 Meter (RS 780/-Mtr) 
Fabric: Lawn
Color: Black
DUPATTA
Dupatta: 2.5 Meter (RS 800/-Mtr) 
Fabric: Voile
Color: Black
TROUSERS
Trousers: 2.5 Meter (RS 700/-Mtr) 
Fabric: Cambric
Color: Black
Note:
Product color may slightly vary due to photographic lighting sources or your device settings.",https://nishatlinen.com/collections/women/products/42403370,"image_1_599_1.jpg, image_1_599_2.jpg, image_1_599_3.jpg"
Printed Dress - AS24-63 - XS,"Rs. 5,750.00 Rs. 3,450.00","Get a sparkling look by wearing this printed dress from the latest pret summer collection.
Product Detail
Printed Dress
Dress
Round Neckline, Cape Style Long Dress
Fabric: Lawn
Color: Multi
Note:
Product color may vary slightly due to photographic lighting sources or monitor settings.",https://nishatlinen.com/collections/women/products/as24-63,"image_1_600_1.jpg, image_1_600_2.jpg, image_1_600_3.jpg"
3 Piece - Yarn Dyed Embroidered Suit - 42402170,"Rs. 8,490.00 Rs. 6,792.00","Refresh your wardrobe with this yarn dyed embroidered three-piece from the latest unstitched summer collection.
Product Detail:
Yarn Dyed Dupatta With Stripes On Shirt and Trousers
SHIRT
Yarn Dyed Shirt: 3 Meter
2 Embroidered Motifs + Border
Fabric: Yarn Dyed
Color: Yellow
DUPATTA
Yarn Dyed Dupatta: 2.5 Meter
Fabric: Yarn Dyed
Color: Green
TROUSERS
Solid Cambric Trousers: 2.5 Meter
Fabric: Solid Cambric
Color: White
Note:
Product color may slightly vary due to photographic lighting sources or your device settings.",https://nishatlinen.com/collections/women/products/42402170,"image_1_601_1.jpg, image_1_601_2.jpg, image_1_601_3.jpg"
3 Piece - Printed Suit - 42402049,"Rs. 6,490.00 Rs. 4,218.50","Uplift your style with our printed three-piece from the latest unstitched summer collection.
Product Detail:
Floral With Textures Printed Style Shirt with Dupatta and Trousers
SHIRT
Printed Super Fine Lawn Shirt: 3 Meter
Fabric: Lawn
Color: Greenish Yellow
DUPATTA
Digital Printed Crinkle Chiffon Dupatta: 2.5 Meter
Fabric: Crinkle Chiffon
Color: Greenish Yellow
TROUSERS
Solid Cambric Trousers: 2.5 Meter
Fabric: Cambric
Color: Greenish Yellow
Note:
Product color may slightly vary due to photographic lighting sources or your device settings.",https://nishatlinen.com/collections/women/products/42402049,"image_1_602_1.jpg, image_1_602_2.jpg, image_1_602_3.jpg"
Basic Shirt - PS24-75 - XS,"Rs. 3,590.00 Rs. 2,154.00","Meet elegance by wearing this contemporary basic shirt from the latest pret summer collection. 
Product Detail
Basic Shirt
Shirt
Band Neckline with Adda Work At Placket, Diagonal Panels at front Hem
Fabric: Cambric
Color: Plum
Note:
Product color may vary slightly due to photographic lighting sources or monitor settings.",https://nishatlinen.com/products/ps24-75,"image_1_603_1.jpg, image_1_603_2.jpg, image_1_603_3.jpg"
3 Piece - Printed Embroidered Suit - 42405015,"Rs. 8,720.00 Rs. 5,668.00","Preserve your beautiful memories by wearing this printed embroidered three-piece from the latest summer collection.
Product Detail:
Shirt with Dupatta and Trousers
SHIRT
Printed Super Fine Lawn Shirt: 3.2 Meter
Embroidered Front + Border
Fabric: Lawn
Color: Mehndi
DUPATTA
Digital Printed Crinkle Chiffon Dupatta: 2.6 Meter
Fabric: Crinkle Chiffon
Color: Mehndi
TROUSERS
Dyed Cambric Trousers: 2.5 Meter
Fabric: Cambric
Color: Mehndi
Note:
Product color may slightly vary due to photographic lighting sources or your device settings.",https://nishatlinen.com/products/42405015,"image_1_604_1.jpg, image_1_604_2.jpg, image_1_604_3.jpg"
Printed Shirt - PS24-250 - XS,"Rs. 3,390.00 Rs. 2,034.00","Capture hearts and mesmerize souls with this printed shirt from the latest pret summer collection. 
Product Detail
Printed Shirt
Shirt
Band Neckline With Buttons Detail On Placket, Round Hem
Fabric: Lawn
Color: Blue
Note:
Product color may vary slightly due to photographic lighting sources or monitor settings.",https://nishatlinen.com/products/ps24-250,"image_1_605_1.jpg, image_1_605_2.jpg, image_1_605_3.jpg"
3 Piece - Embroidered Suit - 42401079,"Rs. 9,230.00 Rs. 5,999.50","Add some more substance to your personality by wearing this embroidered three-piece from the latest unstitched summer collection.
Product Detail:
Ethnic Prints Style Shirt with Dupatta and Trousers
SHIRT
Dyed Cambric Shirt: 3 Meter
Embroidered Front + Border
Fabric: Cambric
Color: Blue
DUPATTA
Digital Printed Soft Net Dupatta: 2.5 Meter
Fabric: Net
Color: Blue
TROUSERS
Dyed Cambric Trousers: 2.5 Meter
Fabric: Cambric
Color: ﻿Blue
Note:
Product color may slightly vary due to photographic lighting sources or your device settings.",https://nishatlinen.com/products/42401079,"image_1_606_1.jpg, image_1_606_2.jpg, image_1_606_3.jpg"
3 Piece - Printed Embroidered Suit - 42401844,"Rs. 7,690.00 Rs. 4,998.50","Get ready for garden parties by styling printed embroidered three-piece from the latest unstitched summer collection.
Product Detail:
Floral With Textured Color Blockings Style Shirt with Dupatta and Trousers
SHIRT
Printed Lawn Shirt: 3 Meter
Embroidered Neckline + 2 Borders
Fabric: Lawn
Color: Dark Brown
DUPATTA
Digital Printed Zari Lawn Dupatta: 2.5 Meter
Fabric: Zari Lawn
Color: Dark Brown
TROUSERS
Solid Cambric Trousers: 2.5 Meter
Fabric: Cambric
Color: Dark Brown
Note:
Product color may slightly vary due to photographic lighting sources or your device settings.",https://nishatlinen.com/collections/women/products/42401844,"image_1_607_1.jpg, image_1_607_2.jpg, image_1_607_3.jpg"
3 Piece - Printed Suit - 42401854,"Rs. 6,150.00 Rs. 3,997.50","Build your core wardrobe with this printed three-piece from the latest unstitched summer collection.
Product Detail:
Kashmiri Paisleys With Lace Motifs In Borders Printed Style Shirt with Dupatta and Trousers
SHIRT
Printed Lawn Shirt: 3 Meter
Fabric: Lawn
Color: Teal Green
DUPATTA
Digital Printed Zari Lawn Dupatta: 2.5 Meter
Fabric: Zari Lawn
Color: Teal Green
TROUSERS
Dyed Cambric Trousers: 2.5 Meter
Fabric: Cambric
Color: Teal Green
Note:
Product color may slightly vary due to photographic lighting sources or your device settings.",https://nishatlinen.com/collections/women/products/42401854,"image_1_608_1.jpg, image_1_608_2.jpg, image_1_608_3.jpg"
3 Piece - Gold & Silver Printed Embroidered Suit - 42401863,"Rs. 7,690.00 Rs. 4,998.50","Become the ultimate trendsetter with our gold & silver printed embroidered three-piece from the latest unstitched summer collection.
Product Detail:
Dori Work Motifs Style Shirt with Dupatta and Trousers
SHIRT
Gold & Silver Paste Printed Super Fine Lawn Shirt: 3 Meter
Embroidered Motifs + Border
Fabric: Lawn
Color: Maroon
DUPATTA
Gold & Silver Paste Printed Voile Dupatta: 2.5 Meter
Fabric: Voile
Color: Maroon
TROUSERS
Solid Cambric Trousers: 2.5 Meter
Fabric: Cambric
Color: Maroon
Note:
Product color may slightly vary due to photographic lighting sources or your device settings.",https://nishatlinen.com/products/42401863,"image_1_609_1.jpg, image_1_609_2.jpg, image_1_609_3.jpg"
2 Piece - Printed Embroidered Suit - PS24-253 - XS,"Rs. 7,180.00 Rs. 4,308.00","Style your casual outfit for modern look with this printed embroidered two-piece suit from the latest pret summer collection.
Product Detail
Printed Embroidered Shirt With Dupatta
Shirt
Round Neckline With Piping & Embellishment, Embroidered Sleeves Edges
Fabric: Lawn
Color: Ivory
Dupatta
Printed Dupatta
Fabric: Voile
Color: Ivory
Note:
Product color may vary slightly due to photographic lighting sources or monitor settings.",https://nishatlinen.com/products/ps24-253,"image_1_610_1.jpg, image_1_610_2.jpg, image_1_610_3.jpg"
Embroidered Tunic - PS24-125 - XS,"Rs. 4,390.00 Rs. 2,634.00","Make a regal statement in this embroidered tunic from the latest pret summer collection.
Product Detail
Embroidered Tunic
Tunic
Collar Neckline With Placket & Buttons Detail, Embroidered Front Panels, Button Down Tunic
Fabric: Cambric
Color: Blue
Note:
Product color may vary slightly due to photographic lighting sources or monitor settings.",https://nishatlinen.com/collections/women/products/ps24-125,"image_1_611_1.jpg, image_1_611_2.jpg, image_1_611_3.jpg"
3 Piece - Printed Embroidered Suit - 42401386,"Rs. 8,200.00 Rs. 5,330.00","Indulge in a whirlwind of elegance and charm with this printed embroidered three-piece from the latest unstitched summer collection.
Product Detail:
Dori Embroidery Borders With Paisleys Style Shirt with Dupatta and Trousers
SHIRT
Printed Super Fine Lawn Shirt: 3 Meter
Embroidered Neckline + Motifs + Border
Fabric: Lawn
Color: Black & Skin
DUPATTA
Digital Printed Glitter Net Dupatta: 2.5 Meter
Fabric: Glitter Net
Color: Black & Skin
TROUSERS
Dyed Cambric Trousers: 2.5 Meter
Fabric: Cambric
Color: Black
Note:
Product color may slightly vary due to photographic lighting sources or your device settings.",https://nishatlinen.com/products/42401386,"image_1_612_1.jpg, image_1_612_2.jpg, image_1_612_3.jpg"
Embroidered Shirt - PS24-26 - XS,"Rs. 4,610.00 Rs. 2,766.00","Fit the summer vibe perfectly with this contemporary embroidered shirt from the latest pret summer collection.
Product Detail
Embroidered Shirt
Shirt
V Neckline, Embroidered Yoke & Gathers With Adda Work Detail
Fabric: Jacquard
Color: Lime
Note:
Product color may vary slightly due to photographic lighting sources or monitor settings.",https://nishatlinen.com/collections/women/products/ps24-26,"image_1_613_1.jpg, image_1_613_2.jpg, image_1_613_3.jpg"
3 Piece - Printed Embroidered Suit - 42405005,"Rs. 8,200.00 Rs. 5,330.00","Dress yourself in the most easy and classic glamour this summer with our printed embroidered three-piece from the latest summer collection.
Product Detail:
Shirt with Dupatta and Trousers
SHIRT
Dyed Cambric Shirt: 3.2 Meter
Embroidered Front + Sleeves
Fabric: Cambric
Color: Sage
DUPATTA
Digital Printed Voile Dupatta: 2.6 Meter
Fabric: Voile
Color: Sage
TROUSERS
Dyed Cambric Trousers: 2.5 Meter
Fabric: Cambric
Color: ﻿Sage
Note:
Product color may slightly vary due to photographic lighting sources or your device settings.",https://nishatlinen.com/collections/women/products/42405005,"image_1_614_1.jpg, image_1_614_2.jpg, image_1_614_3.jpg"
3 Piece - Printed Suit - 42401848,"Rs. 6,150.00 Rs. 3,997.50","Become the ultimate trendsetter with our stylish printed three-piece from the latest unstitched summer collection.
Product Detail:
Embellished Patterns Style Shirt with Dupatta and Trousers
SHIRT
Printed Lawn Shirt: 3 Meter
Fabric: Lawn
Color: Black
DUPATTA
Digital Printed Zari Lawn Dupatta: 2.5 Meter
Fabric: Zari Lawn
Color: Black
TROUSERS
Dyed Cambric Trousers: 2.5 Meter
Fabric: Cambric
Color: Black
Note:
Product color may slightly vary due to photographic lighting sources or your device settings.",https://nishatlinen.com/products/42401848,"image_1_615_1.jpg, image_1_615_2.jpg, image_1_615_3.jpg"
3 Piece - Printed Suit - 42402106,"Rs. 4,990.00 Rs. 3,992.00","Look graceful in this printed three-piece from the latest unstitched summer collection.
Product Detail:
Bold Floral Silhouettes Printed Style Shirt with Dupatta and Trousers
SHIRT
Printed Lawn Shirt: 3 Meter
Fabric: Lawn
Color: Green
DUPATTA
Printed Doriya Dupatta: 2.5 Meter
Fabric: Doriya
Color: Green
TROUSERS
Solid Cambric Trousers: 2.5 Meter
Fabric: Cambric
Color: Green
Note:
Product color may slightly vary due to photographic lighting sources or your device settings.",https://nishatlinen.com/collections/women/products/42402106,"image_1_616_1.jpg, image_1_616_2.jpg, image_1_616_3.jpg"
Embroidered Jacket - AS24-73 - XS,"Rs. 5,650.00 Rs. 3,390.00","Dress up like a queen with this embroidered jacket from the latest pret summer collection.
Product Detail
Embroidered Jacket
Jacket
Front Open Embroidered Jacket
Fabric: Cambric
Color: Peach
Note:
Product color may vary slightly due to photographic lighting sources or monitor settings.",https://nishatlinen.com/products/as24-73,"image_1_617_1.jpg, image_1_617_2.jpg, image_1_617_3.jpg"
3 Piece - Printed Embroidered Suit - 42401364,"Rs. 8,200.00 Rs. 5,330.00","Embody the spirit of sophistication by wearing this printed embroidered three-piece from the latest unstitched summer collection.
Product Detail:
Abstract Patterns Printed Style Shirt with Dupatta and Trousers
SHIRT
Printed Cambric Shirt: 3 Meter
4 Embroidered Motifs
Fabric: Cambric
Color: Off White
DUPATTA
Block Printed Khadi Silk Dupatta: 2.5 Meter
Fabric: Khadi Silk
Color: Off White
TROUSERS
Dyed Cambric Trousers: 3 Meter
Fabric: Cambric
Color: Off White
Note:
Product color may slightly vary due to photographic lighting sources or your device settings.",https://nishatlinen.com/products/42401364,"image_1_618_1.jpg, image_1_618_2.jpg, image_1_618_3.jpg"
Printed Shirt - PS24-331 - XS,"Rs. 3,890.00 Rs. 2,334.00","Look and feel your best by wearing this printed shirt from the latest pret summer collection. 
Product Detail
Printed Shirt
Shirt
Band Neckline With Placket & Buttons Detail, Gathered Sleeves, Button Down Shirt
Fabric: Lawn
Color: Yellow
Note:
Product color may vary slightly due to photographic lighting sources or monitor settings.",https://nishatlinen.com/products/ps24-331,"image_1_619_1.jpg, image_1_619_2.jpg, image_1_619_3.jpg"
2 Piece - Printed Embroidered Suit - 42401765,"Rs. 5,130.00 Rs. 3,334.50","Try this most exhilarating design printed embroidered two-piece from the latest unstitched summer collection.
Product Detail:
Floral Print Style Shirt with Dupatta
SHIRT
Printed Super Fine Lawn Shirt: 3 Meter
Embroidered Border
Fabric: Lawn
Color: Light Orange
DUPATTA
Printed Crinkle Chiffon Dupatta: 2.5 Meter
Fabric: Crinkle Chiffon
Color: Light Orange
Note:
Product color may slightly vary due to photographic lighting sources or your device settings.",https://nishatlinen.com/collections/women/products/42401765,"image_1_620_1.jpg, image_1_620_2.jpg, image_1_620_3.jpg"
3 Piece - Printed Embroidered Suit - PS24-257 - XS,"Rs. 10,290.00 Rs. 6,174.00","Radiate positivity and vibrancy in this printed embroidered three-piece suit from the latest pret summer collection.
Product Detail
Printed Embroidered Shirt With Dupatta & Trousers
Shirt
Round Embroidered Neckline With Piping, Long A-Line Shirt
Fabric: Lawn
Color: Yellow
Dupatta
Printed Dupatta
Fabric: Voile
Color: Blue
Trousers
Printed Straight Trousers
Fabric: Cambric
Color: Black
Note:
Product color may vary slightly due to photographic lighting sources or monitor settings.",https://nishatlinen.com/collections/women/products/ps24-257,"image_1_621_1.jpg, image_1_621_2.jpg, image_1_621_3.jpg"
3 Piece - Embroidered Suit - PS24-121 - XS,"Rs. 8,290.00 Rs. 4,974.00","Make your day magnificent by wearing this embroidered three-piece suit from the latest pret summer collection. 
Product Detail
Embroidered Shirt With Dupatta & Trousers
Shirt
Round Neckline With V Slit, Top Stitches Detail On Sleeves, Embroidered Front, Straight Shirt
Fabric: Cambric 
Color: Pistachio
Dupatta
Fabric: Chiffon 
Color: Pistachio
Trousers
Straight Loose Trousers
Fabric: Cambric 
Color: Pistachio
Note:
Product color may vary slightly due to photographic lighting sources or monitor settings.",https://nishatlinen.com/collections/women/products/ps24-121,"image_1_622_1.jpg, image_1_622_2.jpg, image_1_622_3.jpg"
1 Piece - Gold Printed Loose Fabric - 42403329 - Shirt / 3 / 3,Rs. 880.00 Rs. 572.00,"Look radiant in this gold printed one-piece from the latest freedom to buy summer collection.
Product Detail:
Stars Printed Style Shirt 
SHIRT
Shirt: 3 Meter (RS 800/-Mtr)
Fabric: Lawn
Color: Brown
Note:
Product color may slightly vary due to photographic lighting sources or your device settings.",https://nishatlinen.com/collections/women/products/42403329,"image_1_623_1.jpg, image_1_623_2.jpg, image_1_623_3.jpg"
3 Piece - Printed Loose Fabric - 42403265 - Shirt / 3 / 3,Rs. 455.00 - Rs. 527.00,"Add elegance with this printed three-piece from the latest freedom to buy summer collection.
Product Detail:
Embroidered Stitch Patterns In Printed Form Shirt with Dupatta and Trousers
SHIRT
Shirt: 3 Meter (RS 750/-Mtr)
Fabric: Lawn
Color: Navy
DUPATTA
Dupatta: 2.5 Meter (RS 780/-Mtr)
Fabric: Voile
Color: Navy
TROUSERS
Trousers: 2.5 Meter (RS 720/-Mtr)
Fabric: Cambric
Color: ﻿Navy
Note:
Product color may slightly vary due to photographic lighting sources or your device settings.",https://nishatlinen.com/products/42403265,"image_1_624_1.jpg, image_1_624_2.jpg, image_1_624_3.jpg"
Printed Embroidered Shirt  - PS24-318 - XS,"Rs. 5,190.00 Rs. 3,114.00","Make your day magnificent by wearing this printed embroidered shirt from the latest pret summer collection.
Product Detail
Printed Embroidered Shirt 
Shirt
Band Neckline With Placket, Embroidered Neckline & Sleeves Edges
Fabric: Lawn 
Color: Black
Note:
Product color may vary slightly due to photographic lighting sources or monitor settings.",https://nishatlinen.com/collections/women/products/ps24-318,"image_1_625_1.jpg, image_1_625_2.jpg, image_1_625_3.jpg"
3 Piece - Printed Suit - PS24-171 - XS,"Rs. 8,720.00 Rs. 5,232.00","Wrap yourself in this trendy printed three-piece suit from the latest pret summer collection.
Product Detail
Printed Shirt With Dupatta & Trousers
Shirt
Round Neckline with Placket, Embroidered Sleeves, Printed Front & Back
Fabric: Lawn
Color: Lilac
Dupatta
Printed Dupatta
Fabric: Net
Color: Lilac
Trousers
Loose Straight Trousers
Fabric: Cambric
Color: Lilac
Note:
Product color may vary slightly due to photographic lighting sources or monitor settings.",https://nishatlinen.com/collections/women/products/ps24-171,"image_1_626_1.jpg, image_1_626_2.jpg, image_1_626_3.jpg"
1 Piece - Digital Printed Loose Fabric - 42403385 - Shirt / 3 / 3,Rs. 830.00 Rs. 540.00,"Indulge in the magnificence of this digital printed one-piece from the latest freedom to buy summer collection.
Product Detail:
Flower Mix Printed Style Shirt 
SHIRT
Shirt: 3 Meter (RS 830/-Mtr)
Fabric: Dobby Lawn
Color: Multi

Note:
Product color may slightly vary due to photographic lighting sources or your device settings.",https://nishatlinen.com/products/42403385,"image_1_627_1.jpg, image_1_627_2.jpg, image_1_627_3.jpg"
3 Piece - Printed Loose Fabric - 42403364 - Dupatta / 2.5 / 2.5,Rs. 455.00 - Rs. 533.00,"Look gorgeous effortlessly by wearing this printed three-piece from the latest freedom to buy summer collection.
Product Detail
Ikkat Textures Printed Style Shirt with Dupatta and Trousers 
SHIRT
Shirt: 3 Meter (RS 780/-Mtr) 
Fabric: Lawn
Color: Blue
DUPATTA
Dupatta: 2.5 Meter (RS 800/-Mtr) 
Fabric: Voile
Color: Blue
TROUSERS
Trousers: 2.5 Meter (RS 700/-Mtr) 
Fabric: Cambric
Color: Blue
Note:
Product color may slightly vary due to photographic lighting sources or your device settings.",https://nishatlinen.com/products/42403364,"image_1_628_1.jpg, image_1_628_2.jpg, image_1_628_3.jpg"
3 Piece - Printed Suit - 42401851,"Rs. 6,150.00 Rs. 3,997.50","Get a versatile look with our printed three-piece from the latest unstitched summer collection.
Product Detail:
Stencil Laces With Tie & Dye Background Printed Style Shirt with Dupatta and Trousers
SHIRT
Printed Lawn Shirt: 3 Meter
Fabric: Lawn
Color: Yellow
DUPATTA
Digital Printed Zari Lawn Dupatta: 2.5 Meter
Fabric: Zari Lawn
Color: Yellow
TROUSERS
Dyed Cambric Trousers: 2.5 Meter
Fabric: Cambric
Color: White
Note:
Product color may slightly vary due to photographic lighting sources or your device settings.",https://nishatlinen.com/products/42401851,"image_1_629_1.jpg, image_1_629_2.jpg, image_1_629_3.jpg"
3 Piece - Digital Printed Embroidered Suit - 42401786,"Rs. 8,200.00 Rs. 5,330.00","Bright up your life to remember this brilliantly digital printed embroidered three-piece from the latest unstitched summer collection.
Product Detail:
Decorative Print Style Shirt with Dupatta and Trousers
SHIRT
Digital Printed Super Fine Lawn Shirt: 3 Meter
Embroidered Neckline + Motifs + Border
Fabric: Lawn
Color: Light Pink
DUPATTA
Digital Printed Silk Dupatta: 2.5 Meter
Fabric: Silk
Color: Light Pink
TROUSERS
Solid Cambric Trousers: 2.5 Meter
Fabric: Cambric
Color: Light Pink
Note:
Product color may slightly vary due to photographic lighting sources or your device settings.",https://nishatlinen.com/collections/women/products/42401786,"image_1_630_1.jpg, image_1_630_2.jpg, image_1_630_3.jpg"
Embroidered Trousers - PS24-259 - XS,"Rs. 2,560.00 Rs. 1,536.00","Get an essential, graceful look by wearing this embroidered trousers from the latest pret summer collection.
Product Detail
Embroidered Trousers
Trousers
Straight Trousers With Lace Detail On Embroidered Hem
Fabric: Cambric
Color: Off White
Note:
Product color may vary slightly due to photographic lighting sources or monitor settings.",https://nishatlinen.com/products/ps24-259,"image_1_631_1.jpg, image_1_631_2.jpg"
2 Piece - Printed Dress - FE24-62 - XS,"Rs. 9,750.00 Rs. 5,850.00","Celebrate the artistry of femininity with this printed two-piece dress from the latest pret summer collection.
Product Detail
Printed Gown With Inner
Gown
Round Neckline, Upper Gown With Buttons & Loops Detail
Fabric: Lawn
Color: Carrot
Inner
Round Neckline
Fabric: Lawn
Color: Carrort
Note:
Product color may vary slightly due to photographic lighting sources or monitor settings.",https://nishatlinen.com/products/fe24-62,"image_1_632_1.jpg, image_1_632_2.jpg, image_1_632_3.jpg"
2 Piece - Printed Suit - 42401586,"Rs. 3,590.00 Rs. 2,333.50","Look stylish with our daily wear printed two-piece from the latest unstitched summer collection.
Product Detail:
Mughal Printed Style Shirt with Dupatta
SHIRT
Printed Super Fine Lawn Shirt: 3 Meter
Fabric: Lawn
Color: Skin
DUPATTA
Digital Printed Muzlin Dupatta: 2.5 Meter
Fabric: Muzlin
Color: ﻿Skin
Note:
Product color may slightly vary due to photographic lighting sources or your device settings.",https://nishatlinen.com/collections/women/products/42401586,"image_1_633_1.jpg, image_1_633_2.jpg, image_1_633_3.jpg"
3 Piece - Printed Suit - 42402014,"Rs. 5,130.00 Rs. 3,334.50","Become the ultimate trendsetter with our printed three-piece from the latest unstitched summer collection.
Product Detail:
Baroque Floral Mix Printed Style Shirt with Dupatta and Trousers
SHIRT
Printed Super Fine Lawn Shirt: 3 Meter
Fabric: Lawn
Color: Light Green
DUPATTA
Digital Printed Crinkle Chiffon Dupatta: 2.5 Meter
Fabric: Crinkle Chiffon
Color: Light Green
TROUSERS
Solid Cambric Trousers: 2.5 Meter
Fabric: Cambric
Color: Light Green
Note:
Product color may slightly vary due to photographic lighting sources or your device settings.",https://nishatlinen.com/products/42402014,"image_1_634_1.jpg, image_1_634_2.jpg, image_1_634_3.jpg"
Embroidered Trousers - PE24-236 - XS,"Rs. 2,770.00 Rs. 1,662.00","Upgrade your wardrobe with this embroidered trousers from the latest pret summer collection.
Product Detail
Embroidered Trousers
Trousers
Straight Trousers With Embroidered Hem
Fabric: Cambric
Color: Off White
Note:
Product color may vary slightly due to photographic lighting sources or monitor settings.",https://nishatlinen.com/collections/women/products/pe24-236,"image_1_635_1.jpg, image_1_635_2.jpg, image_1_635_3.jpg"
3 Piece - Printed Suit - 42402107,"Rs. 4,990.00 Rs. 3,992.00","Look graceful in this printed three-piece from the latest unstitched summer collection.
Product Detail:
Embellished Style Shirt with Dupatta and Trousers
SHIRT
Printed Lawn Shirt: 3 Meter
Fabric: Lawn
Color: Yellow
DUPATTA
Printed Doriya Dupatta: 2.5 Meter
Fabric: Doriya
Color: Yellow
TROUSERS
Solid Cambric Trousers: 2.5 Meter
Fabric: Cambric
Color: Yellow
Note:
Product color may slightly vary due to photographic lighting sources or your device settings.",https://nishatlinen.com/products/42402107,"image_1_636_1.jpg, image_1_636_2.jpg, image_1_636_3.jpg"
Embroidered Tunic - PS24-109 - XS,"Rs. 4,000.00 Rs. 2,400.00","Give yourself a weather-friendly look with this embroidered tunic from the latest pret summer collection.
Product Detail
Embroidered Tunic
Tunic
Collar Neckline With Placket & Buttons Detail, Embroidered Front & Cuffed Sleeves With Side Slit, Button Down Tunic
Fabric: Cambric
Color: Peacock
Note:
Product color may vary slightly due to photographic lighting sources or monitor settings.",https://nishatlinen.com/collections/women/products/ps24-109,"image_1_637_1.jpg, image_1_637_2.jpg, image_1_637_3.jpg"
2 Piece - Printed Embroidered Suit - 42401769,"Rs. 5,130.00 Rs. 3,334.50","Built up your look enlivened in this printed embroidered two-piece from the latest unstitched summer collection.
Product Detail:
Bold Floral In Line Form Style Shirt with Dupatta
SHIRT
Printed Super Fine Lawn Shirt: 3 Meter
2 Embroidered Border
Fabric: Lawn
Color: Aqua
DUPATTA
Digital Printed Crinkle Chiffon Dupatta: 2.5 Meter
Fabric: Crinkle Chiffon
Color: Aqua
Note:
Product color may slightly vary due to photographic lighting sources or your device settings.",https://nishatlinen.com/collections/women/products/42401769,"image_1_638_1.jpg, image_1_638_2.jpg, image_1_638_3.jpg"
3 Piece - White & Gold Paste Printed Embroidered Suit - 42401898,"Rs. 8,720.00 Rs. 5,668.00","Elevate your fashion identity with white & gold paste printed embroidered three-piece from the latest unstitched summer collection.
Product Detail:
Ethnic Style Shirt with Dupatta and Trousers
SHIRT
Gold & White Paste Printed Super Fine Lawn Shirt: 3 Meter
Embroidered Motifs
Fabric: Lawn
Color: Yellow
DUPATTA
Gold & White Paste Printed Lawn Dupatta: 2.5 Meter
Fabric: Lawn
Color: Yellow
TROUSERS
Dyed Cambric Trousers: 2.5 Meter
Fabric: Cambric
Color: ﻿Yellow
Note:
Product color may slightly vary due to photographic lighting sources or your device settings.",https://nishatlinen.com/collections/women/products/42401898,"image_1_639_1.jpg, image_1_639_2.jpg, image_1_639_3.jpg"
3 Piece - Printed Embroidered Suit - 42401197,"Rs. 7,690.00 Rs. 4,998.50","Establish your distinctive style with the printed embroidered three-piece from the latest unstitched summer collection.
Product Detail:
Traditional Ethnic Mix Printed Style Shirt with Dupatta and Trousers
SHIRT
Printed Super Fine Lawn Shirt: 3 Meter
Embroidered Neckline + Border
Fabric: Lawn
Color: Off White
DUPATTA
Digital Printed Crinkle Chiffon Dupatta: 2.5 Meter
Fabric: Crinkle Chiffon
Color: Off White
TROUSERS
Printed Cambric Trousers: 2.5 Meter
Fabric: ﻿Cambric
Color: ﻿Off White
Note:
Product color may slightly vary due to photographic lighting sources or your device settings.",https://nishatlinen.com/products/42401197,"image_1_640_1.jpg, image_1_640_2.jpg, image_1_640_3.jpg"
3 Piece - Printed Loose Fabric - 42403257 - Shirt / 3 / 3,Rs. 455.00 - Rs. 527.00,"Effortlessly radiate charm and sophistication in this printed three-piece from the latest freedom to buy summer collection.
Product Detail:
Abstract Printed Style Shirt with Dupatta and Trousers
SHIRT
Shirt: 3 Meter (RS 750/-Mtr)
Fabric: Lawn
Color: Black
DUPATTA
Dupatta: 2.5 Meter (RS 780/-Mtr)
Fabric: Voile
Color: Black
TROUSERS
Trousers: 2.5 Meter (RS 680/-Mtr)
Fabric: Cambric
Color: ﻿Black
Note:
Product color may slightly vary due to photographic lighting sources or your device settings.",https://nishatlinen.com/products/42403257,"image_1_641_1.jpg, image_1_641_2.jpg, image_1_641_3.jpg"
3 Piece - Printed Loose Fabric - 42403239 - Dupatta / 2.5 / 2.5,Rs. 455.00 - Rs. 527.00,"Embrace elegance with the delicate beauty of this printed three-piece from the latest freedom to buy summer collection.
Product Detail
Modern Style Abstract Floral Printed Shirt with Dupatta and Trousers
SHIRT
Shirt: 3 Meter (RS 750/-Mtr)
Fabric: Lawn
Color: White
DUPATTA
Dupatta: 2.5 Meter (RS 780/-Mtr)
Fabric: Voile
Color: Yellow
TROUSERS
Trousers: 2.5 Meter (RS 680/-Mtr)
Fabric: Cambric
Color: White
Note:
Product color may slightly vary due to photographic lighting sources or your device settings.",https://nishatlinen.com/products/42403239,"image_1_642_1.jpg, image_1_642_2.jpg, image_1_642_3.jpg"
1 Piece - Dyed Loose Fabric - 42402002-2 - Trouser / 2.5 / 2.5,Rs. 670.00 Rs. 436.00,"Strut in style with this dyed one-piece from the latest freedom to buy summer collection.
Product Detail:
Trousers
TROUSERS
Trousers: 2.5 Meter (RS 650/-Mtr)
Fabric: Cambric
Color: Sage Green
Note:
Product color may slightly vary due to photographic lighting sources or your device settings.",https://nishatlinen.com/collections/women/products/42402002-2,"image_1_643_1.jpg, image_1_643_2.jpg, image_1_643_3.jpg"
3 Piece - Printed Suit - 42402115,"Rs. 4,990.00 Rs. 3,992.00","Look stylish with our daily wear printed three-piece from the latest unstitched summer collection.
Product Detail:
Cross Stitch Printed Style Shirt with Dupatta and Trousers
SHIRT
Printed Lawn Shirt: 3 Meter
Fabric: Lawn
Color: Light Blue
DUPATTA
Printed Doriya Dupatta: 2.5 Meter
Fabric: Doriya
Color: Light Blue
TROUSERS
Solid Cambric Trousers: 2.5 Meter
Fabric: Cambric
Color: Light Blue
Note:
Product color may slightly vary due to photographic lighting sources or your device settings.",https://nishatlinen.com/products/42402115,"image_1_644_1.jpg, image_1_644_2.jpg, image_1_644_3.jpg"
2 Piece - Dyed Embroidered Suit - 42401264,"Rs. 5,640.00 Rs. 3,666.00","For a stunningly spectacular look, style this dyed embroidered two-piece from the latest unstitched summer collection. 
Product Detail:
Shirt with Trousers
SHIRT
Dyed Cambric Shirt: 3 Meter
Embroidered Front + Border
Fabric: Cambric
Color: Cream
TROUSERS
Dyed Cambric Trousers: 2.5 Meter
Fabric: Cambric
Color: Cream
Note:
Product color may slightly vary due to photographic lighting sources or your device settings.",https://nishatlinen.com/products/42401264,"image_1_645_1.jpg, image_1_645_2.jpg, image_1_645_3.jpg"
3 Piece - Jacquard Suit - 42402121,"Rs. 9,990.00 Rs. 7,992.00","Elevate your daily style with this jacquard three-piece from the latest unstitched summer collection.
Product Detail:
Chunri Style Shirt with Dupatta and Trousers
SHIRT
Jacquard Shirt: 3 Meter
1 Lace: 1.25 Meter
1 Lace: 2.5 Meter
Fabric: Jacquard
Color: Magenta
DUPATTA
Digital Printed Crinkle Chiffon Dupatta: 2.5 Meter
Fabric: Crinkle Chiffon
Color: Magenta
TROUSERS
Jacquard Trousers: 2.5 Meter
Fabric: Jacquard
Color: Magenta
Note:
Product color may slightly vary due to photographic lighting sources or your device settings.",https://nishatlinen.com/products/42402121,"image_1_646_1.jpg, image_1_646_2.jpg, image_1_646_3.jpg"
Embroidered Shirt - PS24-76 - XS,"Rs. 6,490.00 Rs. 3,894.00","Capture hearts and mesmerize souls with this embroidered shirt from the latest pret summer collection.  
Product Detail
Embroidered Shirt
Shirt
Round Neckline With Tassels Attachment, Embroidered Sleeves, Side Pockets & Panels Detail With Ladder Lace
Fabric: Off White
Color: Cambric
Note:
Product color may vary slightly due to photographic lighting sources or monitor settings.",https://nishatlinen.com/collections/women/products/ps24-76,"image_1_647_1.jpg, image_1_647_2.jpg, image_1_647_3.jpg"
2 Piece - Printed Suit - PS24-293 - XS,"Rs. 4,820.00 Rs. 2,892.00","Add a touch of magic and glamour to your wardrobe with this printed two-piece suit from the latest pret summer collection.
Product Detail
Printed Shirt With Trousers
Shirt
Collar Neckline With Buttons & Loops Detail, Length Variation, Back Forward Shirt
Fabric: Cambric
Color: Camel
Trousers
Straight Trousers
Fabric: Cambric
Color: Camel
Note:
Product color may vary slightly due to photographic lighting sources or monitor settings.",https://nishatlinen.com/collections/women/products/ps24-293,"image_1_648_1.jpg, image_1_648_2.jpg, image_1_648_3.jpg"
Embroidered Tunic - PS24-120 - L,"Rs. 4,300.00 Rs. 2,580.00","Get the most significant look by wearing this embroidered tunic from the latest pret summer collection.
Product Detail
Embroidered Tunic
Tunic
Round Neckline With Slit & Piping Detail, Embroidered Bodice With Gathers Detail
Fabric: Cambric
Color: Pink
Note:
Product color may vary slightly due to photographic lighting sources or monitor settings.",https://nishatlinen.com/collections/women/products/ps24-120,"image_1_649_1.jpg, image_1_649_2.jpg, image_1_649_3.jpg"
3 Piece - Digital Printed Loose Fabric - 42403327 - Shirt / 3 / 3,Rs. 880.00 Rs. 572.00,"Upgrade your style by wearing this digital printed three-piece from the latest freedom to buy summer collection.
Product Detail:
Textures With Embellished Details Style Shirt with Dupatta and Trousers 
SHIRT
Shirt: 3 Meter (RS 780/-Mtr)
Fabric: Lawn
Color: Black
DUPATTA
Dupatta: 2.5 Meter (RS 800/-Mtr)
Fabric: Voile
Color: Black
TROUSERS
Trousers: 2.5 Meter (RS 680/-Mtr)
Fabric: Cambric
Color: Black
Note:
Product color may slightly vary due to photographic lighting sources or your device settings.",https://nishatlinen.com/collections/women/products/42403327,"image_1_650_1.jpg, image_1_650_2.jpg, image_1_650_3.jpg"
3 Piece - Printed Loose Fabric - 42403034 - Shirt / 3 / 3,Rs. 670.00 Rs. 436.00,"Look radiant with this printed three-piece from the latest freedom to buy summer collection.
Product Detail:
Sticker Floral Printed Style Shirt with Dupatta and Trousers
SHIRT
Shirt: 3 Meter (RS 730/-Mtr)
Fabric: Lawn
Color: Deep Blue
DUPATTA
Dupatta: 2.5 Meter (RS 750/-Mtr)
Fabric: Voile
Color: Deep Blue
TROUSERS
Trousers: 2.5 Meter (RS 650/-Mtr)
Fabric: Cambric
Color: ﻿Deep Blue
Note:
Product color may slightly vary due to photographic lighting sources or your device settings.",https://nishatlinen.com/products/42403034,"image_1_651_1.jpg, image_1_651_2.jpg, image_1_651_3.jpg"
Printed Shirt - AS24-45 - XS / S,"Rs. 4,720.00 Rs. 2,832.00","Indulge in the magic of transformation with this printed shirt from the latest pret summer collection.
Product Detail
Printed Shirt
Shirt
Collar Neckline With V Slit, Loose Kimono Shirt
Fabric: Silk
Color: Beige
Note:
Product color may vary slightly due to photographic lighting sources or monitor settings.",https://nishatlinen.com/products/as24-45,"image_1_652_1.jpg, image_1_652_2.jpg, image_1_652_3.jpg"
Printed Dress - FE24-78 - XS,"Rs. 9,750.00 Rs. 5,850.00","Unveil the layers of your elegance with this printed dress from the latest pret summer collection.
Product Detail
Printed Dress
Dress
Round Neckline With Buttons Detail On Long Placket, Front Open Dress With Lace Detail
Fabric: Jacquard
Color: Charcoal
Note:
Product color may vary slightly due to photographic lighting sources or monitor settings.",https://nishatlinen.com/products/fe24-78,"image_1_653_1.jpg, image_1_653_2.jpg, image_1_653_3.jpg"
2 Piece - Digital Printed Suit - 42401109,"Rs. 4,820.00 Rs. 3,133.00","Experience the elegance of woven dreams with our digital printed two-piece from the latest unstitched summer collection.
Product Detail:
Watercolor Floral Patterns In Printed Form Shirt with Dupatta
SHIRT
Digital Printed Super Fine Lawn Shirt: 3 Meter
Fabric: Lawn
Color: Light Pink
DUPATTA
Digital Printed Zari Monar Dupatta: 2.5 Meter
Fabric: Zari Monar
Color: Multi
Note:
Product color may slightly vary due to photographic lighting sources or your device settings.",https://nishatlinen.com/products/42401109,"image_1_654_1.jpg, image_1_654_2.jpg, image_1_654_3.jpg"
Embroidered Trousers - PE24-279 - XS,"Rs. 2,770.00 Rs. 1,662.00","Upgrade your wardrobe with this embroidered trousers from the latest pret summer collection. 
Product Detail
Embroidered Trousers
Trousers
Loose Straight Trousers With Pleated Embroidered Hem
Fabric: Cambric
Color: Beige
Note:
Product color may vary slightly due to photographic lighting sources or monitor settings.",https://nishatlinen.com/products/pe24-279,"image_1_655_1.jpg, image_1_655_2.jpg, image_1_655_3.jpg"
1 Piece - Digital Printed Loose Fabric - 42403284 - Shirt / 3 / 3,Rs. 455.00 - Rs. 527.00,"Effortlessly embody grace and charm in this beautifully digital printed one-piece from the latest freedom to buy summer collection.
Product Detail:
Floral Printed Style Shirt
SHIRT
Shirt: 3 Meter (RS 850/-Mtr)
Fabric: Dobby Lawn
Color: Multi
Note:
Product color may slightly vary due to photographic lighting sources or your device settings.",https://nishatlinen.com/collections/women/products/42403284,"image_1_656_1.jpg, image_1_656_2.jpg, image_1_656_3.jpg"
1 Piece - Gold Printed Loose Fabric - 42403229 - Dupatta / 2.5 / 2.5,Rs. 830.00 Rs. 540.00,"Strut in style with this gold printed one-piece from the latest freedom to buy summer collection.
Product Detail:
Leafs Printed Style Dupatta
DUPATTA
Dupatta: 2.5 Meter (RS 800/-Mtr)
Fabric: Voile
Color: Green

Note:
Product color may slightly vary due to photographic lighting sources or your device settings.",https://nishatlinen.com/products/42403229,"image_1_657_1.jpg, image_1_657_2.jpg, image_1_657_3.jpg"
3 Piece - Printed Loose Fabric - 42403126 - Dupatta / 2.5 / 2.5,Rs. 830.00 Rs. 540.00,"Create an effortless style statement in this printed three-piece from the latest freedom to buy summer collection.
Product Detail:
Abstract Decorative Printed Style Shirt with Dupatta and Trousers
SHIRT
Shirt: 3 Meter (RS 730/-Mtr)
Fabric: Lawn
Color: Maroon
DUPATTA
Dupatta: 2.5 Meter (RS 750/-Mtr)
Fabric: Voile
Color: White
Note: Fabric used in shoot for gown is dupatta fabric
TROUSERS
Trousers: 2.5 Meter (RS 650/-Mtr)
Fabric: Cambric
Color: White
Note:
Product color may slightly vary due to photographic lighting sources or your device settings.",https://nishatlinen.com/collections/women/products/42403126,"image_1_658_1.jpg, image_1_658_2.jpg, image_1_658_3.jpg"
2 Piece - Basic Suit  - PS24-86 - XS,"Rs. 5,690.00 Rs. 3,414.00","Look and feel your best by wearing this basic two-piece suit from the latest pret summer collection. 
Product Detail
Basic Shirt With Trousers
Shirt
Round Neckline With Placket & Stylized Pleats, Embellished Sleeves
Fabric: Cambric
Color: Pink
Trousers
Straight Trousers
Fabric: Cambric
Color: Pink
Note:
Product color may vary slightly due to photographic lighting sources or monitor settings.",https://nishatlinen.com/products/ps24-86,"image_1_659_1.jpg, image_1_659_2.jpg, image_1_659_3.jpg"
2 Piece - Printed Suit - PE24-404 - XS,"Rs. 4,100.00 Rs. 2,460.00","Brighten your wardrobe with this printed two-piece suit from the latest pret summer collection.
Product Detail
Printed Shirt With Trousers
Shirt
Band Neckline With Placket & Pleats On Front, Round Hem Shirt
Fabric: Cambric
Color: Pink
Trousers
Printed Straight Trousers
Fabric: Cambric
Color: Pink
Note:
Product color may vary slightly due to photographic lighting sources or monitor settings.",https://nishatlinen.com/products/pe24-404,"image_1_660_1.jpg, image_1_660_2.jpg, image_1_660_3.jpg"
3 Piece - Jacquard Embroidered Suit - 42401929,"Rs. 8,720.00 Rs. 5,668.00","Built up your look enlivened in this jacquard embroidered three-piece from the latest unstitched summer collection.
Product Detail:
Ethnic Floral Style Shirt with Dupatta and Trousers
SHIRT
Jacquard Shirt: 3 Meter
Embroidered Neckline + Border
Fabric: Jacquard
Color: Blue
DUPATTA
Digital Printed Zari Lawn Dupatta: 2.5 Meter
Fabric: Zari Lawn
Color: Blue
TROUSERS
Solid Cambric Trousers: 2.5 Meter
Fabric: Cambric
Color: Blue
Note:
Product color may slightly vary due to photographic lighting sources or your device settings.",https://nishatlinen.com/collections/women/products/42401929,"image_1_661_1.jpg, image_1_661_2.jpg, image_1_661_3.jpg"
3 Piece - Printed Embroidered Suit - 42402035,"Rs. 7,690.00 Rs. 4,998.50","Uplift your style with our printed embroidered three-piece from the latest unstitched summer collection.
Product Detail:
Abstract Floral Motif Arrangement Prints Style Shirt with Dupatta and Trousers
SHIRT
Printed Super Fine Lawn Shirt: 3 Meter
Embroidered Neckline + Border
Fabric: Lawn
Color: White & Blue
DUPATTA
Digital Printed Crinkle Chiffon Dupatta: 2.5 Meter
Fabric: Crinkle Chiffon
Color: White & Blue
TROUSERS
Solid Cambric Trousers: 2.5 Meter
Fabric: Cambric
Color: White
Note:
Product color may slightly vary due to photographic lighting sources or your device settings.",https://nishatlinen.com/collections/women/products/42402035,"image_1_662_1.jpg, image_1_662_2.jpg, image_1_662_3.jpg"
3 Piece - Printed Suit - 42401878,"Rs. 5,640.00 Rs. 3,666.00","Make you look flawless on your special days by wearing printed three-piece from the latest unstitched summer collection.
Product Detail:
Mughal Floral Prints Style Shirt with Dupatta and Trousers
SHIRT
Printed Super Fine Lawn Shirt: 3 Meter
Fabric: Lawn
Color: Mink
DUPATTA
Digital Printed Muzlin Dupatta: 2.5 Meter
Fabric: Muzlin
Color: Mink
TROUSERS
Dyed Cambric Trousers: 2.5 Meter
Fabric: Cambric
Color: Mink
Note:
Product color may slightly vary due to photographic lighting sources or your device settings.",https://nishatlinen.com/collections/women/products/42401878,"image_1_663_1.jpg, image_1_663_2.jpg, image_1_663_3.jpg"
Basic Shirt - PE24-115 - S,"Rs. 3,280.00 Rs. 1,968.00","Enliven your style by wearing this basic shirt from the latest pret summer collection. 
Product Detail
Basic Shirt
Shirt
Band Neckline With Piping & Top Stitches Detail, Pintucks Detail On Sleeves
Fabric: Cambric
Color: Lavender
Note:
Product color may vary slightly due to photographic lighting sources or monitor settings.",https://nishatlinen.com/products/pe24-115,"image_1_664_1.jpg, image_1_664_2.jpg, image_1_664_3.jpg"
1 Piece - Digital Printed Loose Fabric - 42403344 - Shirt / 3 / 3,Rs. 880.00 Rs. 572.00,"Upgrade your evening outdoor look with our digital printed one-piece from the latest freedom to buy summer collection.
Product Detail:
Embellished Motifs In Printed Form With Color Blockings Prints  
SHIRT
Shirt: 3 Meter (RS 850/-Mtr)
Fabric: Dobby Lawn
Color: Green
Note:
Product color may slightly vary due to photographic lighting sources or your device settings.",https://nishatlinen.com/collections/women/products/42403344,"image_1_665_1.jpg, image_1_665_2.jpg, image_1_665_3.jpg"
1 Piece - Gold Printed Loose Fabric - 42403186 - Shirt / 3 / 3,Rs. 830.00 Rs. 540.00,"Achieve a tasteful appearance with this gold printed one-piece from the latest freedom to buy summer collection.
Product Detail:
Paisleys Printed Style Shirt 
SHIRT
Shirt: 3 Meter (RS 800/-Mtr)
Fabric: Lawn
Color: Ink Blue

Note:
Product color may slightly vary due to photographic lighting sources or your device settings.",https://nishatlinen.com/collections/women/products/42403186,"image_1_666_1.jpg, image_1_666_2.jpg, image_1_666_3.jpg"
3 Piece - Digital Printed Jacquard Embroidered Suit - 42402089,"Rs. 9,990.00 Rs. 6,493.50","Enrich your collection with this digital printed jacquard embroidered three-piece from the latest unstitched summer collection.
Product Detail:
Floral Bunches In Printed Style Shirt with Dupatta and Trousers
SHIRT
Digital Printed Fancy Jacquard Shirt: 2.1 Meter
Embroidered Motifs + 2 Borders
Fabric: Jacquard
Color: Mint 
DUPATTA
Yarn Dyed Dupatta: 2.5 Meter
Fabric: Yarn Dyed
Color: Light Pink
TROUSERS
Solid Cambric Trousers: 1.7 Meter
Fabric: Cambric
Color: Mint
Note:
Product color may slightly vary due to photographic lighting sources or your device settings.",https://nishatlinen.com/products/42402089,"image_1_667_1.jpg, image_1_667_2.jpg, image_1_667_3.jpg"
Printed Shirt - PE24-362 - XS,"Rs. 3,280.00 Rs. 1,968.00","Get instant timeless appeal and stay effortlessly chic with this printed shirt from the latest pret summer collection. 
Product Detail
Printed Shirt
Shirt
Round Neckline With Tie-Up Dorri & Tassels Detail, Printed Shirt
Fabric: Lawn 
Color: Off White
Note:
Product color may vary slightly due to photographic lighting sources or monitor settings.",https://nishatlinen.com/collections/women/products/pe24-362,"image_1_668_1.jpg, image_1_668_2.jpg, image_1_668_3.jpg"
1 Piece - Digital Printed Loose Fabric - 42403181 - Shirt / 3 / 3,Rs. 830.00 Rs. 540.00,"Experience the exquisite grace of this digital printed one-piece from the latest freedom to buy summer collection.
Product Detail:
Abstract Printed Style Shirt 
SHIRT
Shirt: 3 Meter (RS 750/-Mtr)
Fabric: Lawn
Color: Light Pink

Note:
Product color may slightly vary due to photographic lighting sources or your device settings.",https://nishatlinen.com/collections/women/products/42403181,"image_1_669_1.jpg, image_1_669_2.jpg, image_1_669_3.jpg"
3 Piece - Printed Suit - 42402053,"Rs. 6,490.00 Rs. 4,218.50","Find elegance in simplicity with this printed three-piece from the latest unstitched summer collection.
Product Detail:
Abstract Textures With Flowers Printed Style Shirt with Dupatta and Trousers
SHIRT
Printed Super Fine Lawn Shirt: 3 Meter
Fabric: Lawn
Color: Orange
DUPATTA
Digital Printed Crinkle Chiffon Dupatta: 2.5 Meter
Fabric: Crinkle Chiffon
Color: Orange
TROUSERS
Solid Cambric Trousers: 2.5 Meter
Fabric: Cambric
Color: Orange
Note:
Product color may slightly vary due to photographic lighting sources or your device settings.",https://nishatlinen.com/products/42402053,"image_1_670_1.jpg, image_1_670_2.jpg, image_1_670_3.jpg"
2 Piece - Embroidered Suit - PE24-08 - XS,"Rs. 7,180.00 Rs. 4,308.00","Look and feel your best by wearing this embroidered two-piece suit from the latest pret summer collection.
Product Detail
Embroidered Shirt With Trousers
Shirt
Round Neckline With Piping & Slit, Embroidered Neckline & Sleeves Openings
Fabric: Cambric
Color: Off White
Trousers
Embroidered Hem
Fabric: Cambric
Color: Off White
Note:
Product color may vary slightly due to photographic lighting sources or monitor settings.",https://nishatlinen.com/products/pe24-08,"image_1_671_1.jpg, image_1_671_2.jpg, image_1_671_3.jpg"
3 Piece - Printed Loose Fabric - 42403138 - Dupatta / 2.5 / 2.5,Rs. 830.00 Rs. 540.00,"Feel confident and beautiful every time with this printed three-piece from the latest freedom to buy summer collection.
Product Detail:
Stencil Patterns Printed Style Shirt with Dupatta and Trousers
SHIRT
Shirt: 3 Meter (RS 730/-Mtr)
Fabric: Lawn
Color: Black
Note: Fabric used in shoot for gown is shirt fabric
DUPATTA
Dupatta: 2.5 Meter (RS 750/-Mtr)
Fabric: Voile
Color: Black
TROUSERS
Trousers: 2.5 Meter (RS 650/-Mtr)
Fabric: Cambric
Color: Black
Note:
Product color may slightly vary due to photographic lighting sources or your device settings.",https://nishatlinen.com/products/42403138,"image_1_672_1.jpg, image_1_672_2.jpg, image_1_672_3.jpg"
2 Piece - Embroidered Suit - PE24-154 - XS,"Rs. 5,640.00 Rs. 3,384.00","Find the perfect look for you with this embroidered two-piece suit from the latest pret summer collection. 
Product Detail
Embroidered Shirt With Trousers
Shirt
Round Neckline With Slit & Piping, Embroidered Front Panel On Hem
Fabric: Cambric
Color: Yellow
Trousers
Straight Trousers
Fabric: Cambric
Color: Yellow
Note:
Product color may vary slightly due to photographic lighting sources or monitor settings.",https://nishatlinen.com/collections/women/products/pe24-154,"image_1_673_1.jpg, image_1_673_2.jpg, image_1_673_3.jpg"
3 Piece - Digital Printed Loose Fabric - 42403328 - Dupatta / 2.5 / 2.5,Rs. 880.00 Rs. 572.00,"Upgrade your style by wearing digital pinted three-piece from the latest freedom to buy summer collection.
Product Detail:
Textures With Embellished Details Shirt with Dupatta and Trousers 
SHIRT
Shirt: 3 Meter (RS 780/-Mtr)
Fabric: Lawn
Color: Black
DUPATTA
Dupatta: 2.5 Meter (RS 800/-Mtr)
Fabric: Voile
Color: Black
TROUSERS
Trousers: 2.5 Meter (RS 680/-Mtr)
Fabric: Cambric
Color: Black
Note:
Product color may slightly vary due to photographic lighting sources or your device settings.",https://nishatlinen.com/collections/women/products/42403328,"image_1_674_1.jpg, image_1_674_2.jpg, image_1_674_3.jpg"
3 Piece - Printed Embroidered Suit - 42401821,"Rs. 9,990.00 Rs. 6,493.50","Make your day magnificent by wearing this printed embroidered three-piece from the latest unstitched summer collection.
Product Detail:
Embroidered Dupatta With Textured Shirt and Trousers
SHIRT
Printed Super Fine Lawn Shirt: 3 Meter
Embroidered Front + Sleeves + Border
Fabric: Lawn
Color: Green
DUPATTA
Embroidered Organza Dupatta: 2.5 Meter
Fabric: Organza
Color: Green
TROUSERS
Solid Cambric Trousers: 2.5 Meter
Fabric: Cambric
Color: Green
Note:
Product color may slightly vary due to photographic lighting sources or your device settings.",https://nishatlinen.com/products/42401821,"image_1_675_1.jpg, image_1_675_2.jpg, image_1_675_3.jpg"
1 Piece - Silver Printed Loose Fabric - 42403359 - Dupatta / 2.5 / 2.5,Rs. 880.00 Rs. 572.00,"Elevate your daily style with this silver printed one-piece from the latest freedom to buy summer collection.
Product Detail:
Chunri Prints Style Dupatta
Dupatta
Dupatta: 2.5 Meter (RS 850/-Mtr)
Fabric: Voile
Color: Orange
Note:
Product color may slightly vary due to photographic lighting sources or your device settings.",https://nishatlinen.com/collections/women/products/42403359,"image_1_676_1.jpg, image_1_676_2.jpg, image_1_676_3.jpg"
3 Piece - Digital Printed Embroidered Suit - 42401965,"Rs. 9,740.00 Rs. 6,331.00","Delicate your look with this digital printed embroidered three-piece from the latest unstitched summer collection.
Product Detail:
Floral Chintz With Laces Style Shirt with Dupatta and Trousers
SHIRT
Digital Printed Chicken Kari Shirt: 3 Meter
Fabric: Chicken Kari
Color: Aqua
DUPATTA
Digital Printed Voile Dupatta: 2.5 Meter
Fabric: Voile
Color: Aqua
TROUSERS
Solid Cambric Trousers: 2.5 Meter
Fabric: Cambric
Color: Aqua
Note:
Product color may slightly vary due to photographic lighting sources or your device settings.",https://nishatlinen.com/products/42401965,"image_1_677_1.jpg, image_1_677_2.jpg, image_1_677_3.jpg"
Basic Trousers - PE24-378 - XS,"Rs. 1,740.00 Rs. 1,044.00","Get a stunning & fabulous blend of eye-catching looks with this basic trousers from the latest pret summer collection.
Product Detail
Basic Trousers
Trousers
Loose Straight Trousers With Pleats Detail At Hem
Fabric: Cambric
Color: Beige
Note:
Product color may vary slightly due to photographic lighting sources or monitor settings.",https://nishatlinen.com/collections/women/products/pe24-378,"image_1_678_1.jpg, image_1_678_2.jpg, image_1_678_3.jpg"
2 Piece - Embroidered Suit - PE24-45 - XS,"Rs. 8,200.00 Rs. 4,920.00","Look and feel your best by wearing this embroidered two-piece suit from the latest pret summer collection.
Product Detail
Embroidered Shirt With Dupatta
Shirt
Band Neckline With Piping & Slit, Embroidered Front & Sleeves
Fabric: Gold Stripe Jacquard
Color: Brown
Dupatta
Fabric: Cambric
Color: Brown
Note:
Product color may vary slightly due to photographic lighting sources or monitor settings.",https://nishatlinen.com/collections/women/products/pe24-45,"image_1_679_1.jpg, image_1_679_2.jpg, image_1_679_3.jpg"
3 Piece - Printed Embroidered Suit - 42402133,"Rs. 10,490.00 Rs. 8,392.00","Find your magic with this gorgeous printed embroidered three-piece from the latest unstitched summer collection.
Product Detail:
Toile Tree Vines Prints Style Shirt with Dupatta and Trousers
SHIRT
Printed Cambric Shirt: 3 Meter
Embroidered Front + Border
Fabric: Cambric
Color: Black
DUPATTA
Printed Fancy Brochia Dupatta: 2.5 Meter
Fabric: Fancy Brochia
Color: Black
TROUSERS
Solid Cambric Trousers: 2.5 Meter
Fabric: Cambric
Color: Black
Note:
Product color may slightly vary due to photographic lighting sources or your device settings.",https://nishatlinen.com/collections/women/products/42402133,"image_1_680_1.jpg, image_1_680_2.jpg, image_1_680_3.jpg"
2 Piece - Embroidered Suit - PS24-108 - XS,"Rs. 6,190.00 Rs. 3,714.00","Radiate positivity and vibrancy in this embroidered two-piece suit from the latest pret summer collection. 
Product Detail
Embroidered Shirt With Dupatta
Shirt
V Neckline With Front Box Pleat Detail, Embroidered Neckline, Straight Shirt
Fabric: Cambric
Color: Blue
Dupatta
Lace Detail On Edges
Fabric: Monar
Color: Blue
Note:
Product color may vary slightly due to photographic lighting sources or monitor settings.",https://nishatlinen.com/collections/women/products/ps24-108,"image_1_681_1.jpg, image_1_681_2.jpg, image_1_681_3.jpg"
2 Piece - Printed Suit - 42401755,"Rs. 3,070.00 Rs. 1,995.50","Upgrade your wardrobe with this printed two-piece from the latest unstitched summer collection.
Product Detail:
Roses Printed Style Shirt with Trousers
SHIRT
Printed Super Fine Lawn Shirt: 3 Meter
Fabric: Lawn
Color: Green
TROUSERS
Printed Cambric Trousers: 2.5 Meter
Fabric: Cambric
Color: Green
Note:
Product color may slightly vary due to photographic lighting sources or your device settings.",https://nishatlinen.com/products/42401755,"image_1_682_1.jpg, image_1_682_2.jpg, image_1_682_3.jpg"
2 Piece - Printed Suit - PE24-295 - XS,"Rs. 4,570.00 Rs. 2,742.00","Look and feel your best by wearing this printed two-piece suit from the latest pret summer collection.
Product Detail
Printed Shirt With Trousers
Shirt
Round Neckline With Piping Detail, Buttons Detail On Slit
Fabric: Cambric
Color: Light Grey
Trousers
Printed Loose Straight Trousers
Fabric: Cambric
Color: Light Grey
Note:
Product color may vary slightly due to photographic lighting sources or monitor settings.",https://nishatlinen.com/collections/women/products/pe24-295,"image_1_683_1.jpg, image_1_683_2.jpg, image_1_683_3.jpg"
3 Piece - Printed Loose Fabric - 42403012 - Dupatta / 2.5 / 2.5,Rs. 670.00 Rs. 436.00,"Elevate your style with our printed three-piece from the latest freedom to buy summer collection.
Product Detail:
Abstract Ethnic Printed Style Shirt with Dupatta and Trousers
SHIRT
Shirt: 3 Meter (RS 730/-Mtr)
Fabric: Lawn
Color: Black
DUPATTA
Dupatta: 2.5 Meter (RS 750/-Mtr)
Fabric: Voile
Color: Pink & Black
TROUSERS
Trousers: 2.5 Meter (RS 650/-Mtr)
Fabric: Cambric
Color: Black
Note:
Product color may slightly vary due to photographic lighting sources or your device settings.",https://nishatlinen.com/products/42403012,"image_1_684_1.jpg, image_1_684_2.jpg, image_1_684_3.jpg"
3 Piece - Embroidered Suit - 42401691,"Rs. 8,720.00 Rs. 5,668.00","Catch a versatile look by wearing this embroidered three-piece from the latest unstitched summer collection.
Product Detail:
Glass Painting Pattern Effect Style Shirt with Dupatta and Trousers
SHIRT
Dyed Cambric Shirt: 3 Meter
Embroidered Front + Border
Fabric: Cambric
Color: White
DUPATTA
Digital Printed Crinkle Chiffon Dupatta: 2.5 Meter
Fabric: Crinkle Chiffon
Color: Light Yellow
TROUSERS
Dyed Cambric Trousers: 2.5 Meter
Fabric: Cambric
Color: ﻿White
Note:
Product color may slightly vary due to photographic lighting sources or your device settings.",https://nishatlinen.com/products/42401691,"image_1_685_1.jpg, image_1_685_2.jpg, image_1_685_3.jpg"
2 Piece - Printed Embroidered Suit - PE24-405 - XS,"Rs. 4,820.00 Rs. 2,892.00","Radiate positivity and vibrancy in this printed embroidered two-piece suit from the latest pret summer collection.
Product Detail
Printed Embroidered Shirt With Trousers
Shirt
Band Neckline With Piping, Embroidered Sleeves, Straight Shirt
Fabric: Cambric
Color: Yellow
Trousers
Straight Trousers
Fabric: Cambric
Color: Yellow
Note:
Product color may vary slightly due to photographic lighting sources or monitor settings.",https://nishatlinen.com/products/pe24-405,"image_1_686_1.jpg, image_1_686_2.jpg, image_1_686_3.jpg"
2 Piece - Embroidered Suit - PE24-66 - XS,"Rs. 8,200.00 Rs. 4,920.00","Look and feel your best by wearing this embroidered two-piece suit from the latest pret summer collection.
Product Detail
Embroidered Shirt With Trousers
Shirt
Band Neckline With Slit, Embroidered Sleeves, Front & Hem, Gathers Detail On Shoulder
Fabric: Cambric
Color: Pink
Trousers
Loose Straight Trousers
Fabric: Cambric
Color: Pink
Note:
Product color may vary slightly due to photographic lighting sources or monitor settings.",https://nishatlinen.com/products/pe24-66,"image_1_687_1.jpg, image_1_687_2.jpg, image_1_687_3.jpg"
3 Piece - Printed Suit - 42402019,"Rs. 6,150.00 Rs. 3,997.50","Exemplify your style with this printed three-piece from the latest unstitched summer collection.
Product Detail:
Ethnic Printed Style Shirt with Dupatta & Trousers
SHIRT
Printed Super Fine Lawn Shirt: 3 Meter
Fabric: Lawn
Color: Black
DUPATTA
Digital Printed Crinkle Chiffon Dupatta: 2.5 Meter
Fabric: Crinkle Chiffon
Color: Black
TROUSERS
Solid Cambric Trousers: 2.5 Meter
Fabric: Cambric
Color: Black
Note:
Product color may slightly vary due to photographic lighting sources or your device settings.",https://nishatlinen.com/collections/women/products/42402019,"image_1_688_1.jpg, image_1_688_2.jpg, image_1_688_3.jpg"
2 Piece - Printed Suit With Laces - 42401611,"Rs. 5,130.00 Rs. 3,334.50","Upgrade your evening outdoor look with our printed two-piece from the latest unstitched summer collection.
Product Detail:
Vintage Printed Style Shirt with Dupatta
SHIRT
Printed Super Fine Lawn Shirt: 3 Meter
1 Lace: 1.25 Meter
1 Lace: 2.5 Meter
Fabric: Lawn
Color: Mint
DUPATTA
Digital Printed Banarsi Slub Dupatta: 2.5 Meter
Fabric: Banarsi Slub
Color: ﻿Mint
Note:
Product color may slightly vary due to photographic lighting sources or your device settings.",https://nishatlinen.com/products/42401611,"image_1_689_1.jpg, image_1_689_2.jpg, image_1_689_3.jpg"
2 piece - Digital Printed Embroidered Suit - 42401744,"Rs. 5,130.00 Rs. 3,334.50","Look absolutely stunning by wearing this digital printed embroidered two-piece from the latest unstitched summer collection.

Product Detail:
Modern Floral Mix Prints Style Shirt with Trousers
SHIRT
Digital Printed Cambric Shirt: 3 Meter
Embroidered Motifs
Fabric: Cambric
Color: Black
TROUSERS
Solid Cambric Trousers: 2.5 Meter
Fabric: Cambric
Color: Black
Note:
Product color may slightly vary due to photographic lighting sources or your device settings.",https://nishatlinen.com/products/42401744,"image_1_690_1.jpg, image_1_690_2.jpg, image_1_690_3.jpg"
Embroidered Shirt - PE24-59 - XS,"Rs. 6,150.00 Rs. 3,690.00","Look and feel your best by wearing this embroidered shirt from the latest pret summer collection.
Product Detail
Embroidered Shirt
Shirt
Round Neckline With Buttons Detail On Placket, Embroidered Sleeves & Front Hem
Fabric: Jacquard
Color: Peach
Note:
Product color may vary slightly due to photographic lighting sources or monitor settings.",https://nishatlinen.com/collections/women/products/pe24-59,"image_1_691_1.jpg, image_1_691_2.jpg, image_1_691_3.jpg"
3 Piece - Printed Embroidered Suit - 42402132,"Rs. 10,490.00 Rs. 8,392.00","Find your magic with this gorgeous printed embroidered three-piece from the latest unstitched summer collection.
Product Detail:
Mughal Prints Style Shirt with Dupatta and Trousers
SHIRT
Printed Slub Cambric Shirt: 3 Meter
Embroidered Front + Sleeves + Border
Fabric: Cambric
Color: Blue
DUPATTA
Printed Fancy Brochia Dupatta: 2.5 Meter
Fabric: Fancy Brochia
Color: Blue
TROUSERS
Solid Cambric Trousers: 2.5 Meter
Fabric: Cambric
Color: Blue
Note:
Product color may slightly vary due to photographic lighting sources or your device settings.",https://nishatlinen.com/products/42402132,"image_1_692_1.jpg, image_1_692_2.jpg, image_1_692_3.jpg"
3 Piece - Embroidered Suit - 42401451,"Rs. 8,200.00 Rs. 5,330.00","Embrace your individuality by wearing this embroidered three-piece from the latest unstitched summer collection.
Product Detail:
Cross Stitch Prints Style Shirt with Dupatta and Trousers
SHIRT
Dyed Super Fine Grid Lawn Shirt: 3 Meter
Embroidered Moifs + Border
Fabric: Grid Lawn
Color: Ice Blue
DUPATTA
Digital Printed Grid Lawn Dupatta: 2.5 Meter
Fabric: Grid Lawn
Color: Ice Blue
TROUSERS
Dyed Cambric Trousers: 2.5 Meter
Fabric: Cambric
Color: ﻿Ice Blue
Note:
Product color may slightly vary due to photographic lighting sources or your device settings.",https://nishatlinen.com/collections/women/products/42401451,"image_1_693_1.jpg, image_1_693_2.jpg, image_1_693_3.jpg"
2 Piece - Printed Suit - PS24-261 - XS / S,"Rs. 5,130.00 Rs. 3,078.00","Look and feel your best by wearing this printed two-piece suit from the latest pret summer collection.
Product Detail
Printed Shirt With Trousers
Shirt
Bell-Shaped Sleeves, Back Forward High & Low Shirt
Fabric: Cambric
Color: Black
Trousers
Loose Trousers
Fabric: Cambric
Color: Black
Note:
Product color may vary slightly due to photographic lighting sources or monitor settings.",https://nishatlinen.com/collections/women/products/ps24-261,"image_1_694_1.jpg, image_1_694_2.jpg, image_1_694_3.jpg"
3 Piece - Embroidered Suit - 42402182,"Rs. 10,490.00 Rs. 8,392.00","For a fashionable statement adorn this embroidered three-piece from the latest unstitched summer collection.
Product Detail:
Batik Style Shirt with Dupatta and Trousers
SHIRT
Solid Satin Shirt: 3 Meter
Embroidered Front + Border
Fabric: Satin
Color: Off White
DUPATTA
Printed Khadi Silk Dupatta: 2.23 Meter
Fabric: Khadi Silk
Color: Teal Red
TROUSERS
Solid Satin Trousers: 2.5 Meter
Fabric: Satin
Color: Off White
Note:
Product color may slightly vary due to photographic lighting sources or your device settings.",https://nishatlinen.com/collections/women/products/42402182,"image_1_695_1.jpg, image_1_695_2.jpg, image_1_695_3.jpg"
2 Piece - Printed Suit - PS24-300 - XS,"Rs. 4,820.00 Rs. 2,892.00","Get a brighter look by wearing this printed two-piece suit from the latest pret summer collection.
Product Detail
Printed Shirt With Trousers
Shirt
Indian Invisible Neckline, Pleats Detail At Front, Round Hem
Fabric: Cambric
Color: Pistachio
Trousers
Loose Trousers
Fabric: Cambric
Color: Pistachio
Note:
Product color may vary slightly due to photographic lighting sources or monitor settings.",https://nishatlinen.com/products/ps24-300,"image_1_696_1.jpg, image_1_696_2.jpg, image_1_696_3.jpg"
2 Piece - Embroidered Suit - PE24-128 - XS / S,"Rs. 6,660.00 Rs. 3,996.00","Radiate positivity and vibrancy in this embroidered two-piece suit from the latest pret summer collection.  
Product Detail
Embroidered Shirt With Trousers
Shirt
Round Neckline With Piping & Slit, Embroidered Front & Sleeves, Top Stitches Detail On Sleeves, Embroidered Shirt
Fabric: Cambric
Color: Pink
Trousers
Straight Trousers
Fabric: Cambric
Color: Pink
Note:
Product color may vary slightly due to photographic lighting sources or monitor settings.",https://nishatlinen.com/products/pe24-128,"image_1_697_1.jpg, image_1_697_2.jpg, image_1_697_3.jpg"
2 Piece - Embroidered Suit - 42402174,"Rs. 7,490.00 Rs. 5,992.00","Exude grace with this embroidered three-piece from the latest unstitched summer collection.
Product Detail:
Ethnic Printed Style Shirt with Dupatta and Trousers
SHIRT
Solid Satin Shirt: 3 Meter
Embroidered Front + Border
Fabric: Satin
Color: Black & Light Gold
DUPATTA
Printed Khadi Silk Dupatta: 2.23 Meter
Fabric: Khadi Silk
Color: Black & Light Gold
TROUSERS
Solid Satin Trousers: 2.5 Meter
Fabric: Satin
Color: ight Gold
Note:
Product color may slightly vary due to photographic lighting sources or your device settings.",https://nishatlinen.com/collections/women/products/42402174,"image_1_698_1.jpg, image_1_698_2.jpg, image_1_698_3.jpg"
3 Piece - Printed Suit - 42401855,"Rs. 6,150.00 Rs. 3,997.50","Build your core wardrobe with this printed three-piece from the latest unstitched summer collection.
Product Detail:
Ethnic Printed Style Shirt with Dupatta and Trousers
SHIRT
Printed Lawn Shirt: 3 Meter
Fabric: Lawn
Color: Brown
DUPATTA
Digital Printed Zari Lawn Dupatta: 2.5 Meter
Fabric: Zari Lawn
Color: Brown
TROUSERS
Dyed Cambric Trousers: 2.5 Meter
Fabric: Cambric
Color: Brown
Note:
Product color may slightly vary due to photographic lighting sources or your device settings.",https://nishatlinen.com/collections/women/products/42401855,"image_1_699_1.jpg, image_1_699_2.jpg, image_1_699_3.jpg"
3 Piece - Printed Embroidered Suit - 42402038,"Rs. 7,690.00 Rs. 4,998.50","Uplift your style with our printed embroidered three-piece from the latest unstitched summer collection.
Product Detail:
Watercolor Floral Style Shirt with Dupatta and Trousers
SHIRT
Printed Super Fine Lawn Shirt: 3 Meter
Embroidered Neckline + Border
Fabric: Lawn
Color: Light Pink
DUPATTA
Digital Printed Crinkle Chiffon Dupatta: 2.5 Meter
Fabric: Crinkle Chiffon
Color: Light Pink
TROUSERS
Solid Cambric Trousers: 2.5 Meter
Fabric: Cambric
Color: Light Pink
Note:
Product color may slightly vary due to photographic lighting sources or your device settings.",https://nishatlinen.com/products/42402038,"image_1_700_1.jpg, image_1_700_2.jpg, image_1_700_3.jpg"
3 Piece - Printed Embroidered Suit - 42401646,"Rs. 9,740.00 Rs. 6,331.00","Glorify yourself with this amazing printed embroidered three-piece from the latest unstitched summer collection.
Product Detail:
Suzani Patterns Prints Style Shirt with Dupatta and Trousers
SHIRT
Solid Cambric Shirt: 3 Meter
Embroidered Front + Motifs + Border
Fabric: Cambric
Color: Peach
DUPATTA
Digital Printed Brochia Dupatta: 2.5 Meter
Fabric: Brochia
Color: Peach
TROUSERS
Printed Cambric Trousers: 2.5 Meter
Fabric: Cambric
Color: Peach
Note:
Product color may slightly vary due to photographic lighting sources or your device settings.",https://nishatlinen.com/products/42401646,"image_1_701_1.jpg, image_1_701_2.jpg, image_1_701_3.jpg"
Embroidered Tunic - PS24-99 - XS,"Rs. 4,000.00 Rs. 2,400.00","Enhance your grace this season by wearing this embroidered tunic from the latest pret summer collection.
Product Detail
Embroidered Tunic
Tunic
Band Neckline With Placket & Buttons Detail, Embroidered Yoke & Sleeves, Button Down Tunic
Fabric: Cambric
Color: Sea Green
Note:
Product color may vary slightly due to photographic lighting sources or monitor settings.",https://nishatlinen.com/collections/women/products/ps24-99,"image_1_702_1.jpg, image_1_702_2.jpg, image_1_702_3.jpg"
2 Piece - Digital Printed Embroidered Suit - 42401099,"Rs. 4,610.00 Rs. 2,996.50","Unleash elegance in every thread, featuring digital printed embroidered two-piece from the latest unstitched summer collection.
Product Detail:
Abstract Watercolor Art Prints Style Shirt with Trousers
SHIRT
Digital Printed Super Fine Lawn Shirt: 3 Meter
2 Embroidered Motifs
Fabric: Lawn
Color: Blue
TROUSERS
Dyed Cambric Trousers: 2.5 Meter
Fabric: Cambric
Color: ﻿Blue
Note:
Product color may slightly vary due to photographic lighting sources or your device settings.",https://nishatlinen.com/collections/women/products/42401099,"image_1_703_1.jpg, image_1_703_2.jpg, image_1_703_3.jpg"
Embroidered Trousers - PE24-386 - XS,"Rs. 2,050.00 Rs. 1,230.00","Make a bold fashion statement with this embroidered trousers from the latest pret summer collection.
Product Detail
Embroidered Trousers
Trousers
Straight Trousers With Embroidered Hem
Fabric: Cambric
Color: White
Note:
Product color may vary slightly due to photographic lighting sources or monitor settings.",https://nishatlinen.com/collections/women/products/pe24-386,"image_1_704_1.jpg, image_1_704_2.jpg, image_1_704_3.jpg"
2 Piece - Jacquard Embroidered Suit - 42401749,"Rs. 7,180.00 Rs. 4,667.00","Make you look flawless on your special days by wearing this jacquard embroidered two-piece from the latest unstitched summer collection.
Product Detail:
Shirt with Trousers
SHIRT
Jacquard Shirt: 3 Meter
4 Embroidered Motifs
Fabric: Jacquard
Color: Blue
TROUSERS
Solid Cambric Trousers: 2.5 Meter
Fabric: Cambric
Color: Blue
Note:
Product color may slightly vary due to photographic lighting sources or your device settings.",https://nishatlinen.com/products/42401749,"image_1_705_1.jpg, image_1_705_2.jpg, image_1_705_3.jpg"
3 Piece - Printed Embroidered Suit - 42405028,"Rs. 9,230.00 Rs. 5,999.50","Make a marvelous appearance with this printed embroidered three-piece from the latest summer collection.
Product Detail:
Shirt with Dupatta and Trousers
SHIRT
Printed Super Fine Lawn Shirt: 3.2 Meter
Embroidered Neckline + Border
Fabric: Lawn
Color: Red
DUPATTA
Digital Printed Silk Dupatta: 2.6 Meter
Fabric: Silk
Color: Red
TROUSERS
Printed Cambric Trousers: 2.5 Meter
Fabric: Cambric
Color: ﻿Red
Note:
Product color may slightly vary due to photographic lighting sources or your device settings.",https://nishatlinen.com/collections/women/products/42405028,"image_1_706_1.jpg, image_1_706_2.jpg, image_1_706_3.jpg"
3 Piece - Printed Embroidered Suit - 42401642,"Rs. 9,740.00 Rs. 6,331.00","Build your core wardrobe with this printed embroidered three-piece from the latest unstitched summer collection.
Product Detail:
Ethnic Prints Style Shirt with Dupatta and Trousers
SHIRT
Solid Cambric Shirt: 3 Meter
Embroidered Front + Neckline + Sleeves + Motifs
Fabric: Cambric
Color: Brown
DUPATTA
Digital Printed Brochia Dupatta: 2.5 Meter
Fabric: Brochia
Color: Brown
TROUSERS
Printed Cambric Trousers: 2.5 Meter
Fabric: Cambric
Color: Brown
Note:
Product color may slightly vary due to photographic lighting sources or your device settings.",https://nishatlinen.com/collections/women/products/42401642,"image_1_707_1.jpg, image_1_707_2.jpg, image_1_707_3.jpg"
2 Piece - Printed Suit - 42401068,"Rs. 2,870.00 Rs. 1,865.50","For a stellar statement this season, adorn our printed two-piece from the latest unstitched summer collection.
Product Detail:
Lemons With Polkas Printed Style Shirt with Trousers
SHIRT
Printed Super Fine Lawn Shirt: 3 Meter
Fabric: Lawn
Color: Black
TROUSERS
Printed Cambric Trousers: 2.5 Meter
Fabric: Cambric
Color: ﻿Black
Note:
Product color may slightly vary due to photographic lighting sources or your device settings.",https://nishatlinen.com/collections/women/products/42401068,"image_1_708_1.jpg, image_1_708_2.jpg, image_1_708_3.jpg"
Embroidered Shirt - PE24-56 - XS,"Rs. 4,820.00 Rs. 2,892.00","Elevate your style by wearing this embroidered shirt from the latest pret summer collection. 
Product Detail
Embroidered Shirt
Shirt
Round Neckline With Back Slit, Embroidered Front & Sleeves
Fabric: Cambric
Color: Blue
Note:
Product color may vary slightly due to photographic lighting sources or monitor settings.",https://nishatlinen.com/products/pe24-56,"image_1_709_1.jpg, image_1_709_2.jpg, image_1_709_3.jpg"
3 Piece - Embroidered Suit - 42402001,"Rs. 9,740.00 Rs. 6,331.00","Effortlessly captivate with your magnetic charm in this attractive embroidered three-piece from the latest unstitched summer collection.
Product Detail:
Floral Style Shirt with Dupatta and Trousers
SHIRT
Solid Lawn Shirt: 3 Meter
Embroidered Front + Sleeves
Fabric: Lawn
Color: Orchid Pink
DUPATTA
Embroidered Swiss Voile Dupatta: 2.5 Meter
Fabric: Swiss Voile
Color: Orchid Pink
TROUSERS
Solid Cambric Trousers: 2.5 Meter
Fabric: Cambric
Color: Orchid Pink
Note:
Product color may slightly vary due to photographic lighting sources or your device settings.",https://nishatlinen.com/products/42402001-1,"image_1_710_1.jpg, image_1_710_2.jpg, image_1_710_3.jpg"
2 Piece - Printed Suit - 42401962,"Rs. 2,870.00 Rs. 1,865.50","Preserve your beautiful memories by wearing this printed two-piece from the latest unstitched summer collection.
Product Detail:
Geometric Printed Style Shirt with Trousers
SHIRT
Printed Super Fine Lawn Shirt: 3 Meter
Fabric: Lawn
Color: Black
TROUSERS
Solid Cambric Trousers: 2.5 Meter
Fabric: Cambric
Color: Black
Note:
Product color may slightly vary due to photographic lighting sources or your device settings.",https://nishatlinen.com/collections/women/products/42401962,"image_1_711_1.jpg, image_1_711_2.jpg, image_1_711_3.jpg"
2 Piece - Printed Embroidered Suit - 42401297,"Rs. 5,130.00 Rs. 3,334.50","Look perfect with this aesthetically appealing in this printed embroidered two-piece from the latest unstitched summer collection.
Product Detail:
Leaf Silhouettes Prints Style Shirt with Dupatta 
SHIRT
Printed Super Fine Lawn Shirt: 3 Meter
Embroidered Motifs + Border
Fabric: Lawn
Color: Pink
DUPATTA
Digital Printed Crinkle Chiffon Dupatta: 2.5 Meter
Fabric: Crinkle Chiffon
Color: Pink
Note:
Product color may slightly vary due to photographic lighting sources or your device settings.",https://nishatlinen.com/collections/women/products/42401297,"image_1_712_1.jpg, image_1_712_2.jpg, image_1_712_3.jpg"
2 Piece - Printed Suit - PE24-217 - XS,"Rs. 6,660.00 Rs. 3,996.00","Collect unique stuff for your wardrobe with this printed two-piece suit from the latest pret summer collection. 
Product Detail
Printed Shirt With Dupatta
Shirt
Round Neckline With Slit & Tassels Detail At Piping
Fabric: Lawn
Color: Black
Dupatta
Fabric: Silk
Color: Multi
Note:
Product color may vary slightly due to photographic lighting sources or monitor settings.",https://nishatlinen.com/products/pe24-217,"image_1_713_1.jpg, image_1_713_2.jpg, image_1_713_3.jpg"
Printed Shirt - AS24-41 - XS,"Rs. 4,010.00 Rs. 2,406.00","Look and feel your best by wearing this printed shirt from the latest pret summer collection.
Product Detail
Printed Shirt
Shirt
Collar Neckline With Slit
Fabric: Silk
Color: Black
Note:
Product color may vary slightly due to photographic lighting sources or monitor settings.",https://nishatlinen.com/products/as24-41,"image_1_714_1.jpg, image_1_714_2.jpg, image_1_714_3.jpg"
1 Piece - Digital Printed Loose Fabric - 42403283 - Shirt / 3 / 3,Rs. 455.00 - Rs. 527.00,"Add an elegant touch to your special occasions with this digital printed one-piece from the latest freedom to buy summer collection.
Product Detail:
Doodle Art Printed Style Shirt
SHIRT
Shirt: 3 Meter (RS 850/-Mtr)
Fabric: Dobby Lawn
Color: White
Note:
Product color may slightly vary due to photographic lighting sources or your device settings.",https://nishatlinen.com/collections/women/products/42403283,"image_1_715_1.jpg, image_1_715_2.jpg, image_1_715_3.jpg"
3 Piece - Digital & Paste Printed Embroidered Suit - 42401921,"Rs. 13,850.00 Rs. 9,002.50","Create a gleaming statement by wearing this digital & paste printed embroidered three-piece from the latest unstitched summer collection.
Product Detail:
Ethnic Style Shirt with Dupatta and Trousers
SHIRT
Schiffli Embroidered Printed Cambric Front & Back: 2 Meter
Schiffli Embroidered Printed Cambric Sleeves: 0.6 Meter
Fabric: Cambric
Color: Gold
DUPATTA
Digital Printed Chicken Kari Dupatta: 2.5 Meter
Fabric: Chicken Kari
Color: Gold
TROUSERS
White Paste Printed Cambric Trousers: 2.5 Meter
Fabric: Cambric
Color: Gold
Note:
Product color may slightly vary due to photographic lighting sources or your device settings.",https://nishatlinen.com/collections/women/products/42401921,"image_1_716_1.jpg, image_1_716_2.jpg, image_1_716_3.jpg"
3 Piece - Printed Suit - 42401219,"Rs. 7,690.00 Rs. 4,998.50","Refresh your vibe with this printed three-piece from the latest unstitched summer collection.
Product Detail:
Ethnic Printed Style Shirt with Dupatta and Trousers
SHIRT
Printed Super Fine Lawn Shirt: 3 Meter
Fabric: Lawn
Color: Black
DUPATTA
Yarn Dyed Dupatta: 2.5 Meter
Fabric: Yarn Dyed
Color: Black
TROUSERS
Printed Cambric Trousers: 2.5 Meter
Fabric: Cambric
Color: ﻿Black
Note:
Product color may slightly vary due to photographic lighting sources or your device settings.",https://nishatlinen.com/products/42401219,"image_1_717_1.jpg, image_1_717_2.jpg, image_1_717_3.jpg"
3 Piece - Embroidered Suit - 42402003,"Rs. 9,740.00 Rs. 6,331.00","Command attention with your magnetic charm while wearing this embroidered three-piece from the latest unstitched summer collection.
Product Detail:
Modern Prints Style Shirt with Dupatta and Trousers
SHIRT
Solid Lawn Shirt: 3 Meter
Embroidered Front + Sleeves
Fabric: Lawn
Color: Pastel Aqua
DUPATTA
Embroidered Swiss Voile Dupatta: 2.5 Meter
Fabric: Swiss Voile
Color: Pastel Aqua
TROUSERS
Solid Cambric Trousers: 2.5 Meter
Fabric: Cambric
Color: Pastel Aqua
Note:
Product color may slightly vary due to photographic lighting sources or your device settings.",https://nishatlinen.com/collections/women/products/42402003-1,"image_1_718_1.jpg, image_1_718_2.jpg, image_1_718_3.jpg"
3 Piece - Printed Suit - 42401815,"Rs. 6,660.00 Rs. 4,329.00","Get a versatile look with this printed three-piece from the latest unstitched summer collection.
Product Detail:
Geometric Forms In Texture Printed Style Shirt with Dupatta and Trousers
SHIRT
Printed Super Fine Lawn Shirt: 3 Meter
Fabric: Lawn
Color: Off White & Orange
DUPATTA
Digital Printed Crinkle Chiffon Dupatta: 2.5 Meter
Fabric: Crinkle Chiffon
Color: Off White & Orange
TROUSERS
Printed Cambric Trousers: 2.5 Meter
Fabric: Cambric
Color: Off White & Orange
Note:
Product color may slightly vary due to photographic lighting sources or your device settings.",https://nishatlinen.com/collections/women/products/42401815,"image_1_719_1.jpg, image_1_719_2.jpg, image_1_719_3.jpg"
Embroidered Shirt - PE24-126 - XS,"Rs. 6,660.00 Rs. 3,996.00","Ease your confusion for styling by wearing this embroidered shirt from the latest pret summer collection.

Product Detail
Embroidered Shirt
Shirt
Round Neckline With Piping & Slit, Embroidered Neckline, Sleeves & Side Panels
Fabric: Jacquard
Color: Coral
Note:
Product color may vary slightly due to photographic lighting sources or monitor settings.",https://nishatlinen.com/collections/women/products/pe24-126,"image_1_720_1.jpg, image_1_720_2.jpg, image_1_720_3.jpg"
Embroidered Dress - FS24-56 - XS,"Rs. 7,190.00 Rs. 4,314.00","Go for this flashier and more eye-catching embroidered dress from the latest pret summer collection.
Product Detail
Embroidered Dress
Dress
Round Neckline With Slit & Piping, Embroidered Neckline, Sleeves & Hem, Long Side Slits
Fabric: Yarn Dyed
Color: Plum
Note:
Product color may vary slightly due to photographic lighting sources or monitor settings.",https://nishatlinen.com/products/fs24-56,"image_1_721_1.jpg, image_1_721_2.jpg, image_1_721_3.jpg"
Embroidered Shirt - PE24-110 - XS,"Rs. 6,150.00 Rs. 3,690.00","Go ahead and update your wardrobe with this embroidered shirt from the latest pret summer collection. 
Product Detail
Embroidered Shirt
Shirt
Round Neckline With Piping & Slit, Embroidered Neckline
Fabric: Jacquard
Color: Beige
Note:
Product color may vary slightly due to photographic lighting sources or monitor settings.",https://nishatlinen.com/collections/women/products/pe24-110,"image_1_722_1.jpg, image_1_722_2.jpg, image_1_722_3.jpg"
3 Piece - Printed Loose Fabric - 42403268 - Dupatta / 2.5 / 2.5,Rs. 455.00 - Rs. 527.00,"Craft your style with exquisite printed three-piece from the latest freedom to buy summer collection.
Product Detail
Block Prints Style Shirt with Dupatta and Trousers
SHIRT
Shirt: 3 Meter (RS 750/-Mtr)
Fabric: Lawn
Color: Green
DUPATTA
Dupatta: 2.5 Meter (RS 780/-Mtr)
Fabric: Voile
Color: Green
TROUSERS
Trousers: 2.5 Meter (RS 680/-Mtr)
Fabric: Cambric
Color: ﻿Green
Note:
Product color may slightly vary due to photographic lighting sources or your device settings.",https://nishatlinen.com/collections/women/products/42403268,"image_1_723_1.jpg, image_1_723_2.jpg, image_1_723_3.jpg"
3 Piece - Digital Printed Jacquard Suit - 42401185,"Rs. 7,690.00 Rs. 4,998.50","Exude grace in our digital printed jacquard three-piece from the latest unstitched summer collection.
Product Detail:
Roses With Lace Borders Style Shirt with Dupatta and Trousers
SHIRT
Digital Printed Brochia Jacquard Shirt: 3 Meter
Fabric: Brochia Jacquard
Color: Peach
DUPATTA
Digital Printed Brochia Jacquard Dupatta: 2.5 Meter
Fabric: Brochia Jacquard
Color: Peach
TROUSERS
Dyed Cambric Trousers: 2.5 Meter
Fabric: Cambric
Color: Peach
Note:
Product color may slightly vary due to photographic lighting sources or your device settings.",https://nishatlinen.com/products/42401185,"image_1_724_1.jpg, image_1_724_2.jpg, image_1_724_3.jpg"
3 Piece - Printed Suit - 42402104,"Rs. 4,990.00 Rs. 3,992.00","Be special in this unique printed three-piece from the latest unstitched summer collection.
Product Detail:
Tie & Dye Printed Style Shirt with Dupatta and Trousers
SHIRT
Printed Lawn Shirt: 3 Meter
Fabric: Lawn
Color: Red
DUPATTA
Printed Doriya Dupatta: 2.5 Meter
Fabric: Doriya
Color: Red
TROUSERS
Solid Cambric Trousers: 2.5 Meter
Fabric: Cambric
Color: Red
Note:
Product color may slightly vary due to photographic lighting sources or your device settings.",https://nishatlinen.com/collections/women/products/42402104,"image_1_725_1.jpg, image_1_725_2.jpg, image_1_725_3.jpg"
2 Piece - Printed Suit - PE24-394 - XS,"Rs. 4,570.00 Rs. 2,742.00","Get glam and funky look by wearing this printed two-piece suit from the latest pret summer collection.
Product Detail
Printed Shirt With Trousers
Shirt
Overlapped Band Neckline, Regular Sleeves, Classic Shirt
Fabric: Cambric
Color: Pink
Trousers
Printed Straight Trousers
Fabric: Cambric
Color: Pink
Note:
Product color may vary slightly due to photographic lighting sources or monitor settings.",https://nishatlinen.com/collections/women/products/pe24-394,"image_1_726_1.jpg, image_1_726_2.jpg, image_1_726_3.jpg"
3 Piece - Printed Loose Fabric - 42403292 - Dupatta / 2.5 / 2.5,Rs. 880.00 Rs. 572.00,"Style your elegant look with this printed three-piece from the latest freedom to buy summer collection.
Product Detail:
Ralli Prints Style Shirt with Dupatta and Trousers 
SHIRT
Shirt: 3 Meter (RS 750/-Mtr)
Fabric: Lawn
Color: Brown
DUPATTA
Dupatta: 2.5 Meter (RS 780/-Mtr)
Fabric: Voile
Color: Brown
TROUSERS
Trousers: 2.5 Meter (RS 680/-Mtr)
Fabric: Cambric
Color: Off White
Note:
Product color may slightly vary due to photographic lighting sources or your device settings.",https://nishatlinen.com/products/42403292,"image_1_727_1.jpg, image_1_727_2.jpg, image_1_727_3.jpg"
3 Piece - Digital Printed Loose Fabric - 42403123 - Shirt / 3 / 3,Rs. 830.00 Rs. 540.00,"Revitalize your style with this digital printed three-piece from the latest freedom to buy summer collection.
Product Detail:
Mix Florals Printed Style Shirt with Dupatta and Trousers
SHIRT
Shirt: 3 Meter (RS 750/-Mtr)
Fabric: Lawn
Color: Off White
DUPATTA
Dupatta: 2.5 Meter (RS 780/-Mtr)
Fabric: Voile
Color: Multi
Note: Fabric used in shoot for jacket is dupatta fabric
TROUSERS
Trousers: 2.5 Meter (RS 650/-Mtr)
Fabric: Cambric
Color: Off White
Note:
Product color may slightly vary due to photographic lighting sources or your device settings.",https://nishatlinen.com/products/42403123,"image_1_728_1.jpg, image_1_728_2.jpg, image_1_728_3.jpg"
3 Piece - Embroidered Suit - 42402000,"Rs. 9,740.00 Rs. 6,331.00","Effortlessly captivate with your magnetic charm in this attractive embroidered three-piece from the latest unstitched summer collection.
Product Detail:
Floral Style Shirt with Dupatta and Trousers
SHIRT
Solid Swiss Lawn Shirt: 3 Meter
Embroidered Front + Sleeves + 4 Motifs
Fabric: Swiss Lawn
Color: Powder Peach
DUPATTA
Embroidered Swiss Voile Dupatta: 2.5 Meter
Fabric: Swiss Voile
Color: Powder Peach
TROUSERS
Solid Cambric Trousers: 2.5 Meter
Fabric: Cambric
Color: Powder Peach
Note:
Product color may slightly vary due to photographic lighting sources or your device settings.",https://nishatlinen.com/products/42402000,"image_1_729_1.jpg, image_1_729_2.jpg, image_1_729_3.jpg"
Printed Dress - AS24-53 - XS / S,"Rs. 4,720.00 Rs. 2,832.00","Add a sophisticated note to any style with this printed dress from the latest pret summer collection.  
Product Detail
Printed Dress
Dress
Band Neckline, Gathered Sleeves, Dorri & Tassels Detail At Waistline, Long Dress
Fabric: Lawn
Color: Off White
Note:
Product color may vary slightly due to photographic lighting sources or monitor settings.",https://nishatlinen.com/collections/women/products/as24-53,"image_1_730_1.jpg, image_1_730_2.jpg, image_1_730_3.jpg"
3 Piece - Printed Embroidered Suit - 42402136,"Rs. 10,490.00 Rs. 8,392.00","Uplift your look with this printed embroidered three-piece from the latest unstitched summer collection.
Product Detail:
Jaipur Patterns Style Shirt with Dupatta and Trousers
SHIRT
Printed Cambric Shirt: 3 Meter
Embroidered Front + Border
Fabric: Cambric
Color: Red
DUPATTA
Printed Fancy Brochia Dupatta: 2.5 Meter
Fabric: Fancy Brochia
Color: Red
TROUSERS
Solid Cambric Trousers: 2.5 Meter
Fabric: Cambric
Color: Red
Note:
Product color may slightly vary due to photographic lighting sources or your device settings.",https://nishatlinen.com/products/42402136,"image_1_731_1.jpg, image_1_731_2.jpg, image_1_731_3.jpg"
3 Piece - Embroidered Suit - 42401437,"Rs. 9,740.00 Rs. 6,331.00","Enhance your style with the sophisticated and innovative embroidered three-piece from the latest unstitched summer collection.
Product Detail:
Kashmiri Paisleys Prints Style Shirt with Dupatta and Trousers
SHIRT
Dyed Cambric Shirt: 3 Meter
Embroidered Front + Motifs + Border
Fabric: Cambric
Color: Light Peach
DUPATTA
Digital Printed Pure Chiffon Dupatta: 2.5 Meter
Fabric: Chiffon
Color: Light Peach
TROUSERS
Dyed Cambric Trousers: 2.5 Meter
Fabric: Cambric
Color: Light Peach
Note:
Product color may slightly vary due to photographic lighting sources or your device settings.",https://nishatlinen.com/products/42401437,"image_1_732_1.jpg, image_1_732_2.jpg, image_1_732_3.jpg"
3 Piece - Embroidered Suit - 42402003,"Rs. 9,740.00 Rs. 6,331.00","Command attention with your magnetic charm while wearing this embroidered three-piece from the latest unstitched summer collection.
Product Detail:
Modern Prints Style Shirt with Dupatta and Trousers
SHIRT
Solid Lawn Shirt: 3 Meter
Embroidered Front + Sleeves
Fabric: Lawn
Color: Pastel Aqua
DUPATTA
Embroidered Swiss Voile Dupatta: 2.5 Meter
Fabric: Swiss Voile
Color: Pastel Aqua
TROUSERS
Solid Cambric Trousers: 2.5 Meter
Fabric: Cambric
Color: Pastel Aqua
Note:
Product color may slightly vary due to photographic lighting sources or your device settings.",https://nishatlinen.com/products/42402003-1,"image_1_733_1.jpg, image_1_733_2.jpg, image_1_733_3.jpg"
3 Piece - Digital Printed Loose Fabric - 42403378 - Dupatta / 2.5 / 2.5,Rs. 455.00 - Rs. 533.00,"Captivate in majestic featuring digital printed three-piece from the latest freedom to buy summer collection.
Product Detail
Textures Printed Style Shirt with Dupatta and Trousers 
SHIRT
Shirt: 3 Meter (RS 800/-Mtr) 
Fabric: Lawn
Color: Teal
DUPATTA
Dupatta: 2.5 Meter (RS 820/-Mtr) 
Fabric: Voile
Color: Teal
TROUSERS
Trousers: 2.5 Meter (RS 700/-Mtr) 
Fabric: Cambric
Color: Teal
Note:
Product color may slightly vary due to photographic lighting sources or your device settings.",https://nishatlinen.com/products/42403378,"image_1_734_1.jpg, image_1_734_2.jpg, image_1_734_3.jpg"
Embroidered Trousers - PE24-265 - XS,"Rs. 2,560.00 Rs. 1,536.00","Upgrade your wardrobe with this embroidered trousers from the latest pret summer collection.
Product Detail
Embroidered Trousers
Trousers
Straight Trousers With Embroidered Hem
Fabric: Cambric
Color: Off White
Note:
Product color may vary slightly due to photographic lighting sources or monitor settings.",https://nishatlinen.com/collections/women/products/pe24-265,"image_1_735_1.jpg, image_1_735_2.jpg, image_1_735_3.jpg"
3 Piece - Printed Loose Fabric - 42403162 - Trouser / 2.5 / 2.5,Rs. 830.00 Rs. 540.00,"Radiate absolute glamour in the exquisitely with this printed three-piece from the latest freedom to buy summer collection.
Product Detail:
Novalty Printed Style Shirt with Dupatta and Trousers
SHIRT
Shirt: 3 Meter (RS 730/-Mtr)
Fabric: Lawn
Color: Indigo
DUPATTA
Dupatta: 2.5 Meter (RS 750/-Mtr)
Fabric: Voile
Color: Indigo
TROUSERS
Trousers: 2.5 Meter (RS 650/-Mtr)
Fabric: Cambric
Color: Indigo
Note:
Product color may slightly vary due to photographic lighting sources or your device settings.",https://nishatlinen.com/products/42403162,"image_1_736_1.jpg, image_1_736_2.jpg, image_1_736_3.jpg"
1 Piece - Gold Printed Loose Fabric - 42403358 - Dupatta / 2.5 / 2.5,Rs. 880.00 Rs. 572.00,"Elevate your daily style with this gold printed one-piece from the latest freedom to buy summer collection.
Product Detail:
Florals Prints Style Dupatta
Dupatta
Dupatta: 2.5 Meter (RS 850/-Mtr)
Fabric: Voile
Color: Powder Pink
Note:
Product color may slightly vary due to photographic lighting sources or your device settings.",https://nishatlinen.com/products/42403358,"image_1_737_1.jpg, image_1_737_2.jpg, image_1_737_3.jpg"
Embroidered Dress - FE24-12 - XS,"Rs. 14,360.00 Rs. 8,616.00","Feel captivating in this unique embroidered dress from the latest pret summer collection.
Product Detail
Embroidered Dress
Dress
V Neckline, Straight Sleeves
Fabric: Polyester & Lakhani Chiffon
Color: Mint
Note:
Product color may vary slightly due to photographic lighting sources or monitor settings.",https://nishatlinen.com/collections/women/products/fe24-12,"image_1_738_1.jpg, image_1_738_2.jpg, image_1_738_3.jpg"
3 Piece - Digital Printed Loose Fabric - 42403318 - Trouser / 2.5 / 2.5,Rs. 880.00 Rs. 572.00,"Explore the new version of fashion digital printed three-piece from the latest freedom to buy summer collection.
Product Detail:
Floral Illustrations Prints Style Shirt with Dupatta and Trousers 
SHIRT
Shirt: 3 Meter (RS 780/-Mtr)
Fabric: Lawn
Color: Black
DUPATTA
Dupatta: 2.5 Meter (RS 800/-Mtr)
Fabric: Voile
Color Black
TROUSERS
Trousers: 2.5 Meter (RS 680/-Mtr)
Fabric: Cambric
Color: Black
Note:
Product color may slightly vary due to photographic lighting sources or your device settings.",https://nishatlinen.com/products/42403318,"image_1_739_1.jpg, image_1_739_2.jpg, image_1_739_3.jpg"
1 Piece - Dyed Loose Fabric - 42402018-1 - Shirt / 3 / 3,Rs. 830.00 Rs. 540.00,"Look gorgeous effortlessly by wearing this dyed one-piece from the latest freedom to buy summer collection.
Product Detail:
Shirt 
SHIRT
Shirt: 3 Meter (RS 650/-Mtr)
Fabric: Cambric
Color: Mint

Note:
Product color may slightly vary due to photographic lighting sources or your device settings.",https://nishatlinen.com/collections/women/products/42402018-1,image_1_740_1.jpg
3 Piece - Printed Loose Fabric - 42403161 - Dupatta / 2.5 / 2.5,Rs. 830.00 Rs. 540.00,"Style your casual outfit for contemporary modern look with this printed three-piece from the latest freedom to buy summer collection.
Product Detail:
Floral Mix Printed Style Shirt with Dupatta and Trousers
SHIRT
Shirt: 3 Meter (RS 730/-Mtr)
Fabric: Lawn
Color: Grey
DUPATTA
Dupatta: 2.5 Meter (RS 750/-Mtr)
Fabric: Voile
Color: Grey
TROUSERS
Trousers: 2.5 Meter (RS 690/-Mtr)
Fabric: Cambric
Color: Grey
Note:
Product color may slightly vary due to photographic lighting sources or your device settings.",https://nishatlinen.com/products/42403161,"image_1_741_1.jpg, image_1_741_2.jpg, image_1_741_3.jpg"
2 Piece - Printed Suit With Laces - 42401611,"Rs. 5,130.00 Rs. 3,334.50","Upgrade your evening outdoor look with our printed two-piece from the latest unstitched summer collection.
Product Detail:
Vintage Printed Style Shirt with Dupatta
SHIRT
Printed Super Fine Lawn Shirt: 3 Meter
1 Lace: 1.25 Meter
1 Lace: 2.5 Meter
Fabric: Lawn
Color: Mint
DUPATTA
Digital Printed Banarsi Slub Dupatta: 2.5 Meter
Fabric: Banarsi Slub
Color: ﻿Mint
Note:
Product color may slightly vary due to photographic lighting sources or your device settings.",https://nishatlinen.com/collections/women/products/42401611,"image_1_742_1.jpg, image_1_742_2.jpg, image_1_742_3.jpg"
Basic Shirt - PS24-85 - XS,"Rs. 5,130.00 Rs. 3,078.00","Improve your style by buying this basic shirt from the latest pret summer collection.
Product Detail
Basic Shirt
Shirt
Round Neckline With V Slit, Lace Detail On Sleeves, Classic Shirt
Fabric: Jacquard
Color: Ivory
Note:
Product color may vary slightly due to photographic lighting sources or monitor settings.",https://nishatlinen.com/collections/women/products/ps24-85,"image_1_743_1.jpg, image_1_743_2.jpg, image_1_743_3.jpg"
1 Piece - Digital Printed Loose Fabric - 42403198 - Shirt / 3 / 3,Rs. 830.00 Rs. 540.00,"Look appealing in this digital printed one-piece from the latest freedom to buy summer collection.
Product Detail:
Geometric Printed Style Shirt 
SHIRT
Shirt: 3 Meter (RS 830/-Mtr)
Fabric: Dobby Lawn
Color: Orange

Note:
Product color may slightly vary due to photographic lighting sources or your device settings.",https://nishatlinen.com/products/42403198,"image_1_744_1.jpg, image_1_744_2.jpg, image_1_744_3.jpg"
3 Piece - Printed Suit - 42401662,"Rs. 5,640.00 Rs. 3,666.00","Look gorgeous effortlessly by wearing three-piece from the latest unstitched summer collection.
Product Detail:
Laces With Stripes Printed Style Shirt with Dupatta and Trousers
SHIRT
Printed Super Fine Lawn Shirt: 3 Meter
Fabric: Lawn
Color: Light Pink
DUPATTA
Digital Printed Muzlin Dupatta: 2.5 Meter
Fabric: Muzlin
Color: Multi
TROUSERS
Dyed Cambric Trousers: 2.5 Meter
Fabric: Cambric
Color: Light Pink
Note:
Product color may slightly vary due to photographic lighting sources or your device settings.",https://nishatlinen.com/products/42401662,"image_1_745_1.jpg, image_1_745_2.jpg, image_1_745_3.jpg"
3 Piece - Printed Embroidered Suit - 42401120,"Rs. 7,690.00 Rs. 4,998.50","you can enjoy the highest level of comfort while looking stunning with this printed embroidered three-piece from the latest unstitched summer collection.
Product Detail:
Animal Print With Floral Prints Style Shirt with Dupatta and Trousers
SHIRT
Printed Super Fine Lawn Shirt: 3 Meter
Embroidered Allover Front + Neckline
Fabric: Lawn
Color: Yellow
DUPATTA
Printed Voile Dupatta: 2.5 Meter
Fabric: Voile
Color: White
TROUSERS
Printed Cambric Trousers: 2.5 Meter
Fabric: Cambric
Color: Yellow
Note:
Product color may slightly vary due to photographic lighting sources or your device settings.",https://nishatlinen.com/collections/women/products/42401120,"image_1_746_1.jpg, image_1_746_2.jpg, image_1_746_3.jpg"
Embroidered Trousers - PS24-270 - XS,"Rs. 2,560.00 Rs. 1,536.00","Feel captivating in this unique in this embroidered trousers from the latest pret summer collection.
Product Detail
Embroidered Trousers
Trousers
Loose Straight Trousers With Embroidered Hem
Fabric: Cambric
Color: Black
Note:
Product color may vary slightly due to photographic lighting sources or monitor settings.",https://nishatlinen.com/products/ps24-270,"image_1_747_1.jpg, image_1_747_2.jpg, image_1_747_3.jpg"
2 Piece - Embroidered Suit - PE24-69 - XS,"Rs. 6,150.00 Rs. 3,690.00","Define your unique style with a touch of elegance in this embroidered two-piece suit from the latest pret summer collection. 
Product Detail
Embroidered Shirt With Trousers
Shirt
Band Neckline With Placket, Embroidered Front & Sleeves
Fabric: Cambric
Color: Pink
Trousers
Loose Straight Trousers
Fabric: Cambric
Color: Pink
Note:
Product color may vary slightly due to photographic lighting sources or monitor settings.",https://nishatlinen.com/collections/women/products/pe24-69,"image_1_748_1.jpg, image_1_748_2.jpg, image_1_748_3.jpg"
2 Piece - Printed Embroidered Suit - 42401766,"Rs. 5,130.00 Rs. 3,334.50","Lighten up your mood in this printed embroidered two-piece from the latest unstitched summer collection.
Product Detail:
Stencil Patterns With Textures Style Shirt with Dupatta
SHIRT
Printed Super Fine Lawn Shirt: 3 Meter
Embroidered Motifs + Border
Fabric: Lawn
Color: Light Brown
DUPATTA
Printed Crinkle Chiffon Dupatta: 2.5 Meter
Fabric: Crinkle Chiffon
Color: Multi
Note:
Product color may slightly vary due to photographic lighting sources or your device settings.",https://nishatlinen.com/products/42401766,"image_1_749_1.jpg, image_1_749_2.jpg, image_1_749_3.jpg"
3 Piece - White & Pink Paste Printed Embroidered Suit - 42401913,"Rs. 8,720.00 Rs. 5,668.00","Make your day pleasingly memorable with this digital printed embroidered three-piece from the latest unstitched summer collection.
Product Detail:
Ethnic Style Shirt with Dupatta and Trousers
SHIRT
White & Pink Paste Printed Super Fine Lawn Shirt: 3 Meter
3 Embroidered Motifs + 2 Borders
Fabric: Lawn
Color: Deep Blue
DUPATTA
White & Pink Paste Printed Voile Dupatta: 2.5 Meter
Fabric: Voile
Color: Deep Blue
TROUSERS
Dyed Cambric Trousers: 2.5 Meter
Fabric: Cambric
Color: Deep Blue
Note:
Product color may slightly vary due to photographic lighting sources or your device settings.",https://nishatlinen.com/collections/women/products/42401913,"image_1_750_1.jpg, image_1_750_2.jpg, image_1_750_3.jpg"
Embroidered Shirt - PE24-81 - XS,"Rs. 5,130.00 Rs. 3,078.00","Every thread tells a story of grace and poise with this embroidered shirt from the latest pret summer collection.
Product Detail
Embroidered Shirt
Shirt
V Neckline, Embroidered Sleeves & Yoke with Gathers Detail
Fabric: Cambric 
Color: Green
Note:
Product color may vary slightly due to photographic lighting sources or monitor settings.",https://nishatlinen.com/collections/women/products/pe24-81,"image_1_751_1.jpg, image_1_751_2.jpg, image_1_751_3.jpg"
2 Piece - Dyed Embroidered Suit - 42401954,"Rs. 5,640.00 Rs. 3,666.00","Add more substance to your personality by wearing this dyed embroidered two-piece from the latest unstitched summer collection.
Product Detail:
Style Shirt with Trousers
SHIRT
Solid Cambric Shirt: 3 Meter
Embroidered Front + Sleeves + Border
Fabric: Cambric
Color: Pastel Blue
TROUSERS
Solid Cambric Trousers: 2.5 Meter
Fabric: Cambric
Color: Pastel Blue
Note:
Product color may slightly vary due to photographic lighting sources or your device settings.",https://nishatlinen.com/collections/women/products/42401954,"image_1_752_1.jpg, image_1_752_2.jpg, image_1_752_3.jpg"
3 Piece - Digital Printed Jacquard Suit - 42401184,"Rs. 7,690.00 Rs. 4,998.50","Exude grace in our digital printed jacquard three-piece from the latest unstitched summer collection.
Product Detail:
Mughal Style Shirt with Dupatta and Trousers
SHIRT
Digital Printed Brochia Jacquard Shirt: 3 Meter
Fabric: Brochia Jacquard
Color: Light Skin
DUPATTA
Digital Printed Brochia Jacquard Dupatta: 2.5 Meter
Fabric: Brochia Jacquard
Color: ﻿Light Skin
TROUSERS
Dyed Cambric Trousers: 2.5 Meter
Fabric: Cambric
Color: Light Skin
Note:
Product color may slightly vary due to photographic lighting sources or your device settings.",https://nishatlinen.com/collections/women/products/42401184,"image_1_753_1.jpg, image_1_753_2.jpg, image_1_753_3.jpg"
Embroidered Shirt - PE24-75 - XS,"Rs. 4,510.00 Rs. 2,706.00","Embody the epitome of sophistication by wearing this embroidered shirt from the latest pret summer collection.
Product Detail
Embroidered Shirt 
Shirt
Round Neckline With Piping & Slit, Embroidered Front & Sleeves
Fabric: Cambric
Color: Mustard
Note:
Product color may vary slightly due to photographic lighting sources or monitor settings.",https://nishatlinen.com/products/pe24-75,"image_1_754_1.jpg, image_1_754_2.jpg, image_1_754_3.jpg"
2 Piece - Printed Suit - 42401579,"Rs. 3,590.00 Rs. 2,333.50","Make your day memorable with this graceful printed two-piece from the latest unstitched summer collection.
Product Detail:
Color Textures With Bold Lace Motifs Printed Style Shirt with Dupatta
SHIRT
Printed Super Fine Lawn Shirt: 3 Meter
Fabric: Lawn
Color: Pink
DUPATTA
Digital Printed Muzlin Dupatta: 2.5 Meter
Fabric: Muzlin
Color: ﻿Pink
Note:
Product color may slightly vary due to photographic lighting sources or your device settings.",https://nishatlinen.com/products/42401579,"image_1_755_1.jpg, image_1_755_2.jpg, image_1_755_3.jpg"
2 Piece - Basic Suit - PS24-43 - XS,"Rs. 6,660.00 Rs. 3,996.00","Experience a newfound confidence with this exquisite basic two-piece suit from the latest pret summer collection.
Product Detail
Basic Shirt With Trousers
Shirt
Round Neckline with Slit, Round Hem, Lace Detail at Sleeves, Pleats Detail at Back Panel
Fabric: Jacquard
Color: Peach
Trousers
Straight Trousers
Fabric: Cambric
Color: Peach
Note:
Product color may vary slightly due to photographic lighting sources or monitor settings.",https://nishatlinen.com/collections/women/products/ps24-43,"image_1_756_1.jpg, image_1_756_2.jpg, image_1_756_3.jpg"
Embroidered Shirt - PE24-122 - XS,"Rs. 4,300.00 Rs. 2,580.00","Create an inspiring look by wearing this embroidered shirt from the latest pret summer collection.
Product Detail
Embroidered Shirt
Shirt
Round Neckline With Piping, Slit & Adda Detail, Embroidered Neckline, Lace Detail On Sleeves Edges
Fabric: Cambric
Color: Maroon
Note:
Product color may vary slightly due to photographic lighting sources or monitor settings.",https://nishatlinen.com/collections/women/products/pe24-122,"image_1_757_1.jpg, image_1_757_2.jpg, image_1_757_3.jpg"
2 Piece - Basic Suit - PE24-36 - XS,"Rs. 7,690.00 Rs. 4,614.00","Look and feel your best by wearing this basic two-piece suit from the latest pret summer collection.
Product Detail
Basic Shirt With Trousers
Shirt
Band Neckline With Placket, Adda Work Detail On Sleeves 
Fabric: Jacquard
Color: Blue
Trousers
Loose Straight Trousers
Fabric: Cambric
Color: Blue
Note:
Product color may vary slightly due to photographic lighting sources or monitor settings.",https://nishatlinen.com/collections/women/products/pe24-36,"image_1_758_1.jpg, image_1_758_2.jpg, image_1_758_3.jpg"
2 Piece - Printed Suit - 42402144,"Rs. 3,290.00 Rs. 2,632.00","Brighten up your wardrobe with this printed two-piece from the latest unstitched summer collection.
Product Detail:
Block Printed Style Shirt with Trousers
SHIRT
Digital Printed Cambric Shirt: 3 Meter
Fabric: Cambric
Color: Skin
TROUSERS
Digital Printed Cambric Trousers: 2.5 Meter
Fabric: Cambric
Color: Skin
Note:
Product color may slightly vary due to photographic lighting sources or your device settings.",https://nishatlinen.com/collections/women/products/42402144,"image_1_759_1.jpg, image_1_759_2.jpg, image_1_759_3.jpg"
3 Piece - Yarn Dyed Embroidered Suit - 42402173,"Rs. 8,490.00 Rs. 6,792.00","Build your core wardrobe with this yarn dyed embroidered three-piece from the latest unstitched summer collection.
Product Detail:
Yarn Dyed Stripes With Polkas Style Shirt with Dupatta and Trousers
SHIRT
Jacquard Shirt: 3 Meter
2 Embroidered Motifs + Border
Fabric: Jacquard
Color: Black & White
DUPATTA
Yarn Dyed Dupatta: 2.5 Meter
Fabric: Yarn Dyed
Color: Black
TROUSERS
Solid Cambric Trousers: 2.5 Meter
Fabric: Solid Cambric
Color: White
Note:
Product color may slightly vary due to photographic lighting sources or your device settings.",https://nishatlinen.com/collections/women/products/42402173,"image_1_760_1.jpg, image_1_760_2.jpg, image_1_760_3.jpg"
2 Piece - Printed Suit - PE24-392 - XS,"Rs. 4,570.00 Rs. 2,742.00","Radiate positivity and vibrancy in this printed two-piece suit from the latest pret summer collection.
Product Detail
Printed Shirt With Trousers
Shirt
Band Neckline With V Slit, A- Line Flared Shirt
Fabric: Cambric
Color: Beige
Trousers
Loose Trousers
Fabric: Cambric
Color: Beige
Note:
Product color may vary slightly due to photographic lighting sources or monitor settings.",https://nishatlinen.com/collections/women/products/pe24-392,"image_1_761_1.jpg, image_1_761_2.jpg, image_1_761_3.jpg"
2 Piece - Embroidered Suit - PE24-43 - XS,"Rs. 8,200.00 Rs. 4,920.00","Look and feel your best by wearing this embroidered two-piece suit from the latest pret summer collection.
Product Detail
Embroidered Shirt With Dupatta
Shirt
Band Neckline With Slit, Lace Detail On Sleeves 
Fabric: Texture
Color: Peach
Dupatta
Adda Detail On Dupatta
Fabric: Silk
Color: Peach
Note:
Product color may vary slightly due to photographic lighting sources or monitor settings.",https://nishatlinen.com/collections/women/products/pe24-43,"image_1_762_1.jpg, image_1_762_2.jpg, image_1_762_3.jpg"
3 Piece - Printed Embroidered Suit - 42401645,"Rs. 9,740.00 Rs. 6,331.00","Build your core wardrobe with this printed embroidered three-piece from the latest unstitched summer collection.
Product Detail:
Cross Stitch Prints Style Shirt with Dupatta and Trousers
SHIRT
Solid Cambric Shirt: 3 Meter
Embroidered Front + Border
Fabric: Cambric
Color: Maroon
DUPATTA
Digital Printed Brochia Dupatta: 2.5 Meter
Fabric: Brochia
Color: Maroon
TROUSERS
Printed Cambric Trousers: 2.5 Meter
Fabric: Cambric
Color: Maroon
Note:
Product color may slightly vary due to photographic lighting sources or your device settings.",https://nishatlinen.com/products/42401645,"image_1_763_1.jpg, image_1_763_2.jpg, image_1_763_3.jpg"
3 Piece - Printed Embroidered Suit - 42401847,"Rs. 7,690.00 Rs. 4,998.50","Upgrade your evening outdoor look with our printed embroidered three-piece from the latest unstitched summer collection.
Product Detail:
Mughal Leafy Vines Style Shirt with Dupatta and Trousers
SHIRT
Printed Lawn Shirt: 3 Meter
Embroidered Neckline + Border
Fabric: Lawn
Color: Green
DUPATTA
Digital Printed Zari Lawn Dupatta: 2.5 Meter
Fabric: Zari Lawn
Color: Green
TROUSERS
Dyed Cambric Trousers: 2.5 Meter
Fabric: Cambric
Color: Green
Note:
Product color may slightly vary due to photographic lighting sources or your device settings.",https://nishatlinen.com/products/42401847,"image_1_764_1.jpg, image_1_764_2.jpg, image_1_764_3.jpg"
2 Piece - Printed Suit - PE24-392 - XS,"Rs. 4,570.00 Rs. 2,742.00","Radiate positivity and vibrancy in this printed two-piece suit from the latest pret summer collection.
Product Detail
Printed Shirt With Trousers
Shirt
Band Neckline With V Slit, A- Line Flared Shirt
Fabric: Cambric
Color: Beige
Trousers
Loose Trousers
Fabric: Cambric
Color: Beige
Note:
Product color may vary slightly due to photographic lighting sources or monitor settings.",https://nishatlinen.com/products/pe24-392,"image_1_765_1.jpg, image_1_765_2.jpg, image_1_765_3.jpg"
3 Piece - Printed Loose Fabric - 42403144 - Shirt / 3 / 3,Rs. 830.00 Rs. 540.00,"Wrap yourself in an aura of enchantment with this printed three-piece from the latest freedom to buy summer collection.
Product Detail:
Decorative Textile Patterns With Pots Printed Style Shirt with Dupatta and Trousers
SHIRT
Shirt: 3 Meter (RS 730/-Mtr)
Fabric: Lawn
Color: Beige
DUPATTA
Dupatta: 2.5 Meter (RS 750/-Mtr)
Fabric: Voile
Color: Blue
TROUSERS
Trousers: 2.5 Meter (RS 650/-Mtr)
Fabric: Cambric
Color: Beige
Note:
Product color may slightly vary due to photographic lighting sources or your device settings.",https://nishatlinen.com/collections/women/products/42403144,"image_1_766_1.jpg, image_1_766_2.jpg, image_1_766_3.jpg"
3 Piece - Printed Loose Fabric - 42403009 - Shirt / 3 / 3,Rs. 670.00 Rs. 436.00,"Curate a picturesque look in our featuring printed three-piece from the latest freedom to buy summer collection.
Product Detail:
Ethnic Printed Style Shirt with Dupatta and Trousers
SHIRT
Shirt: 3 Meter (RS 730/-Mtr)
Fabric: Lawn
Color: Blue
DUPATTA
Dupatta: 2.5 Meter (RS 750/-Mtr)
Fabric: Voile
Color: Blue
TROUSERS
Trousers: 2.5 Meter (RS 650/-Mtr)
Fabric: Cambric
Color: ﻿Blue
Note:
Product color may slightly vary due to photographic lighting sources or your device settings",https://nishatlinen.com/products/42403009,"image_1_767_1.jpg, image_1_767_2.jpg, image_1_767_3.jpg"
1 Piece - Digital Printed Loose Fabric - 42403214 - Shirt / 3 / 3,Rs. 830.00 Rs. 540.00,"Elegant details make this digital printed one-piece from the latest freedom to buy summer collection.
Product Detail:
Stars With Geometric Shapes Printed Style Shirt 
SHIRT
Shirt: 3 Meter (RS 800/-Mtr)
Fabric: Dobby Check
Color: Cream

Note:
Product color may slightly vary due to photographic lighting sources or your device settings.",https://nishatlinen.com/collections/women/products/42403214,"image_1_768_1.jpg, image_1_768_2.jpg, image_1_768_3.jpg"
3 Piece - Embroidered Suit - 42401996,"Rs. 9,740.00 Rs. 6,331.00","Radiate attractive charm by showcasing this beautifully embroidered three-piece from the latest unstitched summer collection.
Product Detail:
Floral Style Shirt with Dupatta and Trousers
SHIRT
Solid Lawn Shirt: 3 Meter
Embroidered Front + Sleeves
Fabric: Lawn
Color: Beige
DUPATTA
Embroidered Swiss Voile Dupatta: 2.5 Meter
Fabric: Swiss Voile
Color: Beige
TROUSERS
Solid Cambric Trousers: 2.5 Meter
Fabric: Cambric
Color: Beige
Note:
Product color may slightly vary due to photographic lighting sources or your device settings.",https://nishatlinen.com/collections/women/products/42401996,"image_1_769_1.jpg, image_1_769_2.jpg, image_1_769_3.jpg"
3 Piece - Printed Embroidered Suit - 42401803,"Rs. 7,180.00 Rs. 4,667.00","Become the ultimate trendsetter with our stylish printed embroidered three-piece from the latest unstitched summer collection.
Product Detail:
Floral With Leafy Vines Style Shirt with Dupatta and Trousers
SHIRT
Printed Super Fine Lawn Shirt: 3 Meter
2 Embroidered Motifs
Fabric: Lawn
Color: White
DUPATTA
Digital Printed Crinkle Chiffon Dupatta: 2.5 Meter
Fabric: Crinkle Chiffon
Color: White
TROUSERS
Solid Cambric Trousers: 2.5 Meter
Fabric: Cambric
Color: White
Note:
Product color may slightly vary due to photographic lighting sources or your device settings.",https://nishatlinen.com/products/42401803,"image_1_770_1.jpg, image_1_770_2.jpg, image_1_770_3.jpg"
2 Piece - Dyed Embroidered Suit - 42401061,"Rs. 5,640.00 Rs. 3,666.00","The softness that whispers sophistication, featuring dyed embroidered two-piece from the latest unstitched summer collection.
Product Detail:
Shirt with Trousers
SHIRT
Dyed Cambric Shirt: 3 Meter
Embroidered Front
Fabric: Cambric
Color: Brown
TROUSERS
Dyed Cambric Trousers: 2.5 Meter
Fabric: Cambric
Color: ﻿Brown
Note:
Product color may slightly vary due to photographic lighting sources or your device settings.",https://nishatlinen.com/products/42401061,"image_1_771_1.jpg, image_1_771_2.jpg, image_1_771_3.jpg"
2 piece - Digital Printed Embroidered Suit - 42401743,"Rs. 5,130.00 Rs. 3,334.50","Look gorgeous effortlessly by wearing this digital printed embroidered two-piece from the latest unstitched summer collection.
Product Detail:
Paper Textures Style Shirt with Trousers
SHIRT
Digital Printed Cambric Shirt: 3 Meter
Embroidered Neckline + Motifs
Fabric: Cambric
Color: Red
TROUSERS
Solid Cambric Trousers: 2.5 Meter
Fabric: Cambric
Color: Red
Note:
Product color may slightly vary due to photographic lighting sources or your device settings.",https://nishatlinen.com/products/42401743,"image_1_772_1.jpg, image_1_772_2.jpg, image_1_772_3.jpg"
3 Piece - Printed Loose Fabric - 42403125 - Dupatta / 2.5 / 2.5,Rs. 830.00 Rs. 540.00,"Add a layer of glamour to your summer outfit with this printed three-piece from the latest freedom to buy summer collection.
Product Detail:
Tie & Dye Textures With Daisies Printed Style Shirt with Dupatta and Trousers
SHIRT
Shirt: 3 Meter (RS 730/-Mtr)
Fabric: Lawn
Color: Red
Note: Fabric used in shoot for trousers is shirt fabric
DUPATTA
Dupatta: 2.5 Meter (RS 750/-Mtr)
Fabric: Voile
Color: Red
Note: Fabric used in shoot for shirt is dupatta fabric
TROUSERS
Trousers: 2.5 Meter (RS 650/-Mtr)
Fabric: Cambric
Color: White
Note:
Product color may slightly vary due to photographic lighting sources or your device settings.",https://nishatlinen.com/collections/women/products/42403125,"image_1_773_1.jpg, image_1_773_2.jpg, image_1_773_3.jpg"
3 Piece - Digital Printed Loose Fabric - 42403148 - Shirt / 3 / 3,Rs. 830.00 Rs. 540.00,"Exude elegance in this digital printed three-piece from the latest freedom to buy summer collection.
Product Detail:
Floral printed Style Shirt with Dupatta and Trousers
SHIRT
Shirt: 3 Meter (RS 750/-Mtr)
Fabric: Lawn
Color: Black
DUPATTA
Dupatta: 2.5 Meter (RS 780/-Mtr)
Fabric: Voile
Color: Black
TROUSERS
Trousers: 2.5 Meter (RS 650/-Mtr)
Fabric: Cambric
Color: Black
Note:
Product color may slightly vary due to photographic lighting sources or your device settings.",https://nishatlinen.com/products/42403148,"image_1_774_1.jpg, image_1_774_2.jpg, image_1_774_3.jpg"
3 Piece - Printed Loose Fabric - 42403042 - Shirt / 3 / 3,Rs. 670.00 Rs. 436.00,"Elevate your daily style with this three-piece from the latest freedom to buy summer collection.
Product Detail:
Suzani Patterns In Printed Form Shirt with Dupatta and Trousers
SHIRT
Shirt: 3 Meter (RS 730/-Mtr)
Fabric: Lawn
Color: Light Yellow
DUPATTA
Dupatta: 2.5 Meter (RS 750/-Mtr)
Fabric: Voile
Color: Light Yellow
TROUSERS
Trousers: 2.5 Meter (RS 690/-Mtr)
Fabric: Cambric
Color: ﻿Light Yellow
Note:
Product color may slightly vary due to photographic lighting sources or your device settings.",https://nishatlinen.com/products/42403042,"image_1_775_1.jpg, image_1_775_2.jpg, image_1_775_3.jpg"
2 Piece - Printed Embroidered Suit - 42401952,"Rs. 5,640.00 Rs. 3,666.00","Preserve your beautiful memories by wearing this printed embroidered two-piece from the latest unstitched summer collection.
Product Detail:
Floral Bunches & Textures Prints Style Shirt with Dupatta
SHIRT
Printed Super Fine Lawn  Shirt: 3 Meter
Embroidered Front + Border
Fabric: Lawn
Color: Brown
DUPATTA
Digital Printed Silk Dupatta: 2.5 Meter
Fabric: Silk
Color: Brown
Note:
Product color may slightly vary due to photographic lighting sources or your device settings.",https://nishatlinen.com/products/42401952,"image_1_776_1.jpg, image_1_776_2.jpg, image_1_776_3.jpg"
3 Piece - Printed Suit - 42402017,"Rs. 5,130.00 Rs. 3,334.50","Build your core wardrobe with this printed three-piece from the latest unstitched summer collection.
Product Detail:
Mughal Floral Printed Style Shirt with Dupatta and Trousers
SHIRT
Printed Super Fine Lawn Shirt: 3 Meter
Fabric: Lawn
Color: Skin
DUPATTA
Digital Printed Crinkle Chiffon Dupatta: 2.5 Meter
Fabric: Crinkle Chiffon
Color: Multi
TROUSERS
Solid Cambric Trousers: 2.5 Meter
Fabric: Cambric
Color: Skin
Note:
Product color may slightly vary due to photographic lighting sources or your device settings.",https://nishatlinen.com/products/42402017,"image_1_777_1.jpg, image_1_777_2.jpg, image_1_777_3.jpg"
2 piece - Digital Printed Embroidered Suit - 42401741,"Rs. 5,130.00 Rs. 3,334.50","Adorn yourself by wearing this digital printed embroidered two-piece from the latest unstitched summer collection.
Product Detail:
Embellished Style Shirt with Trousers
SHIRT
Digital Printed Cambric Shirt: 3 Meter
Embroidered Neckline
Fabric: Cambric
Color: Cream
TROUSERS
Solid Cambric Trousers: 2.5 Meter
Fabric: Cambric
Color: Cream
Note:
Product color may slightly vary due to photographic lighting sources or your device settings.",https://nishatlinen.com/collections/women/products/42401741,"image_1_778_1.jpg, image_1_778_2.jpg, image_1_778_3.jpg"
3 Piece - Printed Loose Fabric - 42403106 - Shirt / 3 / 3,Rs. 830.00 Rs. 540.00,"Illustrate your style with this printed three-piece from the latest freedom to buy summer collection.
Product Detail:
Sunflowers With Textures Printed Style Shirt with Dupatta and Trousers
SHIRT
Shirt: 3 Meter (RS 730/-Mtr)
Fabric: Lawn
Color: Black
DUPATTA
Dupatta: 2.5 Meter (RS 750/-Mtr)
Fabric: Voile
Color: White
Note: Fabric used in shoot for gown is dupatta fabric
TROUSERS
Trousers: 2.5 Meter (RS 690/-Mtr)
Fabric: Cambric
Color: Black
Note:
Product color may slightly vary due to photographic lighting sources or your device settings.",https://nishatlinen.com/collections/women/products/42403106,"image_1_779_1.jpg, image_1_779_2.jpg, image_1_779_3.jpg"
Embroidered Shirt - PE24-14 - XS,"Rs. 5,130.00 Rs. 3,078.00","Look and feel your best by wearing this embroidered shirt from the latest pret summer collection.
Product Detail
Embroidered Shirt
Shirt
Round Neckline With Placket, Embroidered Neckline & Sleeves
Fabric: Cambric
Color: Marigold
Note:
Product color may vary slightly due to photographic lighting sources or monitor settings.",https://nishatlinen.com/collections/women/products/pe24-14,"image_1_780_1.jpg, image_1_780_2.jpg, image_1_780_3.jpg"
1 Piece - Printed Loose Fabric - 42403191 - Shirt / 3 / 3,Rs. 830.00 Rs. 540.00,"Elevate your daily style with this printed one-piece from the latest freedom to buy summer collection.
Product Detail:
Geometric Printed Style Shirt
SHIRT
Shirt: 3 Meter (RS 800/-Mtr)
Fabric: Lawn
Color: Black

Note:
Product color may slightly vary due to photographic lighting sources or your device settings.",https://nishatlinen.com/products/42403191,"image_1_781_1.jpg, image_1_781_2.jpg, image_1_781_3.jpg"
2 Piece - Digital Printed Embroidered Suit - 42402077,"Rs. 5,990.00 Rs. 3,893.50","Elevate your daily style with this digital printed embroidered two-piece from the latest unstitched summer collection.
Product Detail:
Dotted Style Geometric Patterns Shirt with Trousers
SHIRT
Solid Cambric Shirt: 3 Meter
Embroidered Front + Motifs
Fabric: Cambric
Color: Maroon
TROUSERS
Digital Printed Cambric Trousers: 2.5 Meter
Fabric: Cambric
Color: Maroon
Note:
Product color may slightly vary due to photographic lighting sources or your device settings.",https://nishatlinen.com/collections/women/products/42402077,"image_1_782_1.jpg, image_1_782_2.jpg, image_1_782_3.jpg"
2 Piece - Embroidered Suit - PE24-140 - XS,"Rs. 8,200.00 Rs. 4,920.00","Radiate positivity and vibrancy in this embroidered two-piece suit from the latest pret summer collection.
Product Detail
Embroidered Kurta With Dupatta
Kurta
Round Neckline With Fancy Buttons Detail On Placket, Embroidered Panels & Sleeves, Paneled Kurta
Fabric: Cambric
Color: Blue
Dupatta
Fabric: Sequence
Color: Blue
Note:
Product color may vary slightly due to photographic lighting sources or monitor settings.",https://nishatlinen.com/products/pe24-140,"image_1_783_1.jpg, image_1_783_2.jpg, image_1_783_3.jpg"
1 Piece - Digital Printed Loose Fabric - 42403340 - Shirt / 3 / 3,Rs. 880.00 Rs. 572.00,"Add a pop of color with this digital printed one-piece from the latest freedom to buy summer collection.
Product Detail:
Paisleys Printed Style Shirt 
SHIRT
Shirt: 3 Meter (RS 780/-Mtr)
Fabric: Lawn
Color: Multi
Note:
Product color may slightly vary due to photographic lighting sources or your device settings.",https://nishatlinen.com/products/42403340,"image_1_784_1.jpg, image_1_784_2.jpg, image_1_784_3.jpg"
Embroidered Shirt - PS24-67 - XS,"Rs. 3,790.00 Rs. 2,274.00","Make your look impeccable with this contemporary embroidered shirt from the latest pret summer collection.
Product Detail
Embroidered Shirt
Shirt
Round Neckline with Slit & Piping, Top Stitching Detail on Sleeves, Embroidered Neckline
Fabric: Cambric
Color: Blue
Note:
Product color may vary slightly due to photographic lighting sources or monitor settings.",https://nishatlinen.com/products/ps24-67,"image_1_785_1.jpg, image_1_785_2.jpg, image_1_785_3.jpg"
3 Piece - Printed Loose Fabric - 42403040 - Dupatta / 2.5 / 2.5,Rs. 670.00 Rs. 436.00,"Adorn grace with this printed three-piece from the latest freedom to buy summer collection.
Product Detail:
Leaf Patterns with Textured Base Printed Style Shirt with Dupatta and Trousers
SHIRT
Shirt: 3 Meter (RS 730/-Mtr)
Fabric: Lawn
Color: Magenta
DUPATTA
Dupatta: 2.5 Meter (RS 750/-Mtr)
Fabric: Voile
Color: Magenta
Note: Gown used in Shoot is Dupatta
TROUSERS
Trousers: 2.5 Meter (RS 650/-Mtr)
Fabric: Cambric
Color: ﻿Magenta
Note:
Product color may slightly vary due to photographic lighting sources or your device settings.",https://nishatlinen.com/products/42403040,"image_1_786_1.jpg, image_1_786_2.jpg, image_1_786_3.jpg"
1 Piece - Gold & Silver Printed Loose Fabric - 42403336 - Shirt / 3 / 3,Rs. 880.00 Rs. 572.00,"Look regal with this gold & silver printed one-piece from the latest freedom to buy summer collection.
Product Detail:
Block Prints Style Shirt 
SHIRT
Shirt: 3 Meter (RS 800/-Mtr) 
Fabric: Lawn
Color: Pink
Note:
Product color may slightly vary due to photographic lighting sources or your device settings.",https://nishatlinen.com/products/42403336,"image_1_787_1.jpg, image_1_787_2.jpg, image_1_787_3.jpg"
3 Piece - Printed Loose Fabric - 42403143 - Dupatta / 2.5 / 2.5,Rs. 830.00 Rs. 540.00,"Capture the essence of timeless elegance with this printed three-piece from the latest freedom to buy summer collection.
Product Detail:
Abstract Ethnic Printed Style Shirt with Dupatta and Trousers
SHIRT
Shirt: 3 Meter (RS 730/-Mtr)
Fabric: Lawn
Color: Blue
DUPATTA
Dupatta: 2.5 Meter (RS 750/-Mtr)
Fabric: Voile
Color: Blue
TROUSERS
Trousers: 2.5 Meter (RS 650/-Mtr)
Fabric: Cambric
Color: Beige
Note:
Product color may slightly vary due to photographic lighting sources or your device settings.",https://nishatlinen.com/products/42403143,"image_1_788_1.jpg, image_1_788_2.jpg, image_1_788_3.jpg"
1 Piece - Printed Loose Fabric - 42403052 - Shirt / 3 / 3,Rs. 670.00 Rs. 436.00,"Get ready for garden parties by styling this printed one-piece from the latest freedom to buy summer collection.
Product Detail:
Ethnic Line Pattern In Printed Form Shirt
SHIRT
Shirt: 3 Meter (RS 730/-Mtr)
Fabric: Lawn
Color: White
Note:
Product color may slightly vary due to photographic lighting sources or your device settings.",https://nishatlinen.com/collections/women/products/42403052,"image_1_789_1.jpg, image_1_789_2.jpg, image_1_789_3.jpg"
2-Piece - Basic Suit  - PS24-92 - XS,"Rs. 6,190.00 Rs. 3,714.00","Look and feel your best by wearing this basic two-piece suit from the latest pret summer collection.
Product Detail
Basic Shirt With Trousers
Shirt
Hight V Neckline With Embellishment On Piping, Pearls Detail On Stylized Sleeves Edges
Fabric: Cambric
Color: Light Green
Trousers
Loose Straight Trousers
Fabric: Cambric
Color: Light Green
Note:
Product color may vary slightly due to photographic lighting sources or monitor settings.",https://nishatlinen.com/products/ps24-92,"image_1_790_1.jpg, image_1_790_2.jpg, image_1_790_3.jpg"
3 Piece - Printed Embroidered Suit - 42401366,"Rs. 8,200.00 Rs. 5,330.00","Indulge in the magic of transformation with this printed embroidered three-piece from the latest unstitched summer collection.
Product Detail:
Ethnic Block Printed Style Shirt with Dupatta and Trousers
SHIRT
Printed Cambric Shirt: 3 Meter
Embroidered Neckline + Border
Fabric: Cambric
Color: Blue
DUPATTA
Block Printed Khadi Silk Dupatta: 2.5 Meter
Fabric: Khadi Silk
Color: Blue
TROUSERS
Dyed Cambric Trousers: 3 Meter
Fabric: Cambric
Color: Blue
Note:
Product color may slightly vary due to photographic lighting sources or your device settings.",https://nishatlinen.com/products/42401366,"image_1_791_1.jpg, image_1_791_2.jpg, image_1_791_3.jpg"
3 Piece - Printed Loose Fabric - 42403263 - Shirt / 3 / 3,Rs. 455.00 - Rs. 527.00,"Effortlessly capture attention with the printed three-piece from the latest freedom to buy summer collection.
Product Detail:
Floral Printed Style Shirt with Dupatta and Trousers
SHIRT
Shirt: 3 Meter (RS 750/-Mtr)
Fabric: Lawn
Color: Pink
DUPATTA
Dupatta: 2.5 Meter (RS 780/-Mtr)
Fabric: Voile
Color: Pink
TROUSERS
Trousers: 2.5 Meter (RS 680/-Mtr)
Fabric: Cambric
Color: ﻿Pink
Note:
Product color may slightly vary due to photographic lighting sources or your device settings.",https://nishatlinen.com/collections/women/products/42403263,"image_1_792_1.jpg, image_1_792_2.jpg, image_1_792_3.jpg"
3 Piece - Printed Suit - 42402050,"Rs. 6,490.00 Rs. 4,218.50","Elevate your everyday style in our printed three-piece from the latest unstitched summer collection.
Product Detail:
Floral With Textures Printed Style Shirt with Dupatta and Trousers
SHIRT
Printed Super Fine Lawn Shirt: 3 Meter
Fabric: Lawn
Color: Pink
DUPATTA
Digital Printed Crinkle Chiffon Dupatta: 2.5 Meter
Fabric: Crinkle Chiffon
Color: Pink
TROUSERS
Solid Cambric Trousers: 2.5 Meter
Fabric: Cambric
Color: Pink
Note:
Product color may slightly vary due to photographic lighting sources or your device settings.",https://nishatlinen.com/collections/women/products/42402050,"image_1_793_1.jpg, image_1_793_2.jpg, image_1_793_3.jpg"
Embroidered Trousers - PE24-373 - XS,"Rs. 2,350.00 Rs. 1,410.00","Look and feel your best by wearing this embroidered trousers from the latest pret summer collection. 
Product Detail
Embroidered Trousers
Trousers
Straight Trousers With Embroidered Hem
Fabric: Cambric
Color: Black
Note:
Product color may vary slightly due to photographic lighting sources or monitor settings.",https://nishatlinen.com/collections/women/products/pe24-373,"image_1_794_1.jpg, image_1_794_2.jpg, image_1_794_3.jpg"
3 Piece - Digital Printed Loose Fabric - 42403319 - Dupatta / 2.5 / 2.5,Rs. 880.00 Rs. 572.00,"Explore the new version of fashion digital printed three-piece from the latest freedom to buy summer collection.
Product Detail:
Roses Prints Style Shirt with Dupatta and Trousers 
SHIRT
Shirt: 3 Meter (RS 780/-Mtr)
Fabric: Lawn
Color: Blue
DUPATTA
Dupatta: 2.5 Meter (RS 800/-Mtr)
Fabric: Voile
Color: Blue
TROUSERS
Trousers: 2.5 Meter (RS 680/-Mtr)
Fabric: Cambric
Color: Blue
Note:
Product color may slightly vary due to photographic lighting sources or your device settings.",https://nishatlinen.com/collections/women/products/42403319,"image_1_795_1.jpg, image_1_795_2.jpg, image_1_795_3.jpg"
2 Piece - Printed Suit - 42401774,"Rs. 4,610.00 Rs. 2,996.50","Glorify yourself with this amazing printed two-piece from the latest unstitched summer collection.
Product Detail:
Floral Printed Style Shirt with Dupatta
SHIRT
Printed Super Fine Lawn Shirt: 3 Meter
Fabric: Lawn
Color: Off White
DUPATTA
Digital Printed Crinkle Chiffon Dupatta: 2.5 Meter
Fabric: Crinkle Chiffon
Color: Pink
Note:
Product color may slightly vary due to photographic lighting sources or your device settings.",https://nishatlinen.com/collections/women/products/42401774,"image_1_796_1.jpg, image_1_796_2.jpg, image_1_796_3.jpg"
Embroidered Shirt - PE24-57 - XS,"Rs. 5,130.00 Rs. 3,078.00","Unveil your inner goddess with this embroidered shirt from the latest pret summer collection.
Product Detail
Embroidered Shirt
Shirt
Round Neckline With Piping & Slit, Embroidered Neckline & Sleeves
Fabric: Cambric
Color: Pink
Note:
Product color may vary slightly due to photographic lighting sources or monitor settings.",https://nishatlinen.com/products/pe24-57,"image_1_797_1.jpg, image_1_797_2.jpg, image_1_797_3.jpg"
3 Piece - Printed Loose Fabric - 42403133 - Dupatta / 2.5 / 2.5,Rs. 830.00 Rs. 540.00,"Add a flair of style to your look with this printed three-piece from the latest freedom to buy summer collection.
Product Detail:
Geometric Printed Style Shirt with Dupatta and Trousers
SHIRT
Shirt: 3 Meter (RS 730/-Mtr)
Fabric: Lawn
Color: Black & Red
DUPATTA
Dupatta: 2.5 Meter (RS 750/-Mtr)
Fabric: Voile
Color: Black & Red
TROUSERS
Trousers: 2.5 Meter (RS 650/-Mtr)
Fabric: Cambric
Color: Red
Note:
Product color may slightly vary due to photographic lighting sources or your device settings.",https://nishatlinen.com/collections/women/products/42403133,"image_1_798_1.jpg, image_1_798_2.jpg, image_1_798_3.jpg"
Embroidered Trousers - PS24-157 - XS,"Rs. 2,770.00 Rs. 1,662.00","Enhance your attire with this embroidered trousers from the latest pret summer collection.
Product Detail
Embroidered Trousers
Trousers
Loose Straight Trousers With Embroidered Hem
Fabric: Cambric
Color: Off White
Note:
Product color may vary slightly due to photographic lighting sources or monitor settings.",https://nishatlinen.com/products/ps24-157,"image_1_799_1.jpg, image_1_799_2.jpg, image_1_799_3.jpg"
3 Piece - Printed Embroidered Suit - 42401331,"Rs. 11,790.00 Rs. 7,663.50","Embrace the whispers of timeless elegance with this digital printed embroidered three-piece from the latest unstitched summer collection.
Product Detail:
Floral Print With Chiffle Embroidered Style Shirt with Dupatta and Trousers
SHIRT
Printed Embroidered Swiss Lawn Front 
Printed Swiss Lawn Back & Sleeves
Embroidered Organza Sleeves Patch: 1 Meter 
Fabric: Swiss Lawn
Color: Sky Blue
DUPATTA
Printed Swiss Voile Dupatta: 2.5 Meter
Fabric: Swiss Voile
Color: Sky Blue
TROUSERS
Dyed Cambric Trousers: 2.5 Meter
Fabric: Cambric
Color: Sky Blue
Note:
Product color may slightly vary due to photographic lighting sources or your device settings.",https://nishatlinen.com/collections/women/products/42401331,"image_1_800_1.jpg, image_1_800_2.jpg, image_1_800_3.jpg"
Embroidered Trousers - PS24-167 - XS,"Rs. 2,770.00 Rs. 1,662.00","Enhance your attire with this embroidered trousers from the latest pret summer collection. 
Product Detail
Embroidered Trousers 
Trousers
Loose Straight Trousers With Embroidered Hem
Fabric: Cambric
Color: White
Note:
Product color may vary slightly due to photographic lighting sources or monitor settings.",https://nishatlinen.com/collections/women/products/ps24-167,"image_1_801_1.jpg, image_1_801_2.jpg, image_1_801_3.jpg"
3 Piece - Embroidered Suit - 42402180,"Rs. 10,490.00 Rs. 8,392.00","Upgrade your wardrobe with this embroidered three-piece from the latest unstitched summer collection.
Product Detail:
Geometric Abstract Style Shirt with Dupatta and Trousers
SHIRT
Solid Satin Shirt: 3 Meter
Embroidered Front + Border
Fabric: Satin
Color: Magenta
DUPATTA
Printed Khadi Silk Dupatta: 2.23 Meter
Fabric: Khadi Silk
Color: Magenta & Off White
TROUSERS
Solid Satin Trousers: 2.5 Meter
Fabric: Satin
Color: Magenta
Note:
Product color may slightly vary due to photographic lighting sources or your device settings.",https://nishatlinen.com/collections/women/products/42402180,"image_1_802_1.jpg, image_1_802_2.jpg, image_1_802_3.jpg"
3 Piece - Embroidered Suit - 42401691,"Rs. 8,720.00 Rs. 5,668.00","Catch a versatile look by wearing this embroidered three-piece from the latest unstitched summer collection.
Product Detail:
Glass Painting Pattern Effect Style Shirt with Dupatta and Trousers
SHIRT
Dyed Cambric Shirt: 3 Meter
Embroidered Front + Border
Fabric: Cambric
Color: White
DUPATTA
Digital Printed Crinkle Chiffon Dupatta: 2.5 Meter
Fabric: Crinkle Chiffon
Color: Light Yellow
TROUSERS
Dyed Cambric Trousers: 2.5 Meter
Fabric: Cambric
Color: ﻿White
Note:
Product color may slightly vary due to photographic lighting sources or your device settings.",https://nishatlinen.com/collections/women/products/42401691,"image_1_803_1.jpg, image_1_803_2.jpg, image_1_803_3.jpg"
3 Piece - Yarn Dyed Embroidered Suit - 42401974,"Rs. 13,330.00 Rs. 8,664.50","Get an essential graceful look in this yarn dyed embroidered three-piece from the latest unstitched summer collection.
Product Detail:
Banarsi Style Shirt with Dupatta and Trousers
SHIRT
Yarn Dyed Banarsi Shirt: 3 Meter
Embroidered Front + Neckline + Sleeves + Motifs + Border
Fabric: Banarsi
Color: Pink
DUPATTA
Banarsi Jacquard Dupatta: 2.5 Meter
Fabric: Jacquard
Color: Pink
TROUSERS
Yarn Dyed Banarsi Trousers: 2.5 Meter
Fabric: Banarsi
Color: Pink
Note:
Product color may slightly vary due to photographic lighting sources or your device settings.",https://nishatlinen.com/products/42401974,"image_1_804_1.jpg, image_1_804_2.jpg, image_1_804_3.jpg"
Printed Shirt - PE24-361 - XS,"Rs. 4,100.00 Rs. 2,460.00","Ease your confusion for styling by wearing this printed shirt from the latest pret summer collection.
Product Detail
Printed Shirt
Shirt
Round Neckline With Back Slit, Front Yoke With Gathers Detail, Flared Shirt
Fabric: Lawn
Color: Green
Note:
Product color may vary slightly due to photographic lighting sources or monitor settings.",https://nishatlinen.com/products/pe24-361,"image_1_805_1.jpg, image_1_805_2.jpg, image_1_805_3.jpg"
3 Piece - Digital Printed Loose Fabric - 42403152 - Dupatta / 2.5 / 2.5,Rs. 750.00 Rs. 488.00,"Mesmerize in this trendy digital printed three-piece from the latest freedom to buy summer collection.
Product Detail:
Floral Mix With Embellished Borders Printed Style Shirt with Dupatta and Trousers
SHIRT
Shirt: 3 Meter (RS 750/-Mtr)
Fabric: Lawn
Color: Purple
DUPATTA
Dupatta: 2.5 Meter (RS 780/-Mtr)
Fabric: Voile
Color: Purple
TROUSERS
Trousers: 2.5 Meter (RS 650/-Mtr)
Fabric: Cambric
Color: Purple
Note:
Product color may slightly vary due to photographic lighting sources or your device settings.",https://nishatlinen.com/products/42403152,"image_1_806_1.jpg, image_1_806_2.jpg, image_1_806_3.jpg"
2 Piece - Printed Suit - PE24-420 - XS,"Rs. 4,570.00 Rs. 2,742.00","Glance yourself in this attractively printed two-piece suit from the latest pret summer collection.  
Product Detail
Printed Shirt With Trousers
Shirt
Round Band Neckline, Round Hem, High & Low Classic Shirt 
Fabric: Cambric
Color: Orange
Trousers
Printed Straight Trousers
Fabric: Cambric
Color: Orange
Note:
Product color may vary slightly due to photographic lighting sources or monitor settings.",https://nishatlinen.com/products/pe24-420,"image_1_807_1.jpg, image_1_807_2.jpg, image_1_807_3.jpg"
3 Piece - Printed Suit - 42402044,"Rs. 6,490.00 Rs. 4,218.50","Indulge in elegance with our printed three-piece from the latest unstitched summer collection.
Product Detail:
Floral With Lace Patterns Printed Style Shirt with Dupatta and Trousers
SHIRT
Printed Super Fine Lawn Shirt: 3 Meter
Fabric: Lawn
Color: Light Blue
DUPATTA
Digital Printed Crinkle Chiffon Dupatta: 2.5 Meter
Fabric: Crinkle Chiffon
Color: Light Blue
TROUSERS
Solid Cambric Trousers: 2.5 Meter
Fabric: Cambric
Color: Light Blue
Note:
Product color may slightly vary due to photographic lighting sources or your device settings.",https://nishatlinen.com/products/42402044,"image_1_808_1.jpg, image_1_808_2.jpg, image_1_808_3.jpg"
2 Piece - Basic Suit - PE24-156 - XS,"Rs. 6,660.00 Rs. 3,996.00","Find the perfect look for you with this basic two-piece suit from the latest pret summer collection. 
Product Detail
Basic Shirt With Dupatta
Shirt
Top Stitches & Lace Detail On Sleeves, A-Line Panel Shirt
Fabric: Cambric
Color: Black
Dupatta
Fabric: Jacquard
Color: Black
Note:
Product color may vary slightly due to photographic lighting sources or monitor settings.",https://nishatlinen.com/collections/women/products/pe24-156,"image_1_809_1.jpg, image_1_809_2.jpg, image_1_809_3.jpg"
1 Piece - Digital Printed Loose Fabric - 42403101 - Shirt / 3 / 3,"Rs. 1,120.00 Rs. 728.00","Blossom into a summer romance with the allure of our digital printed one-piece from the latest freedom to buy summer collection.
Product Detail:
Floral Mix Printed Style Shirt
SHIRT
Shirt: 3 Meter (RS 1090/-Mtr)
Fabric: Fancy Strip
Color: Peach Yellow
Note:
Product color may slightly vary due to photographic lighting sources or your device settings.",https://nishatlinen.com/products/42403101,"image_1_810_1.jpg, image_1_810_2.jpg, image_1_810_3.jpg"
3 Piece - Jacquard Suit - 42402120,"Rs. 9,990.00 Rs. 7,992.00","Elevate your daily style with this jacquard three-piece from the latest unstitched summer collection.
Product Detail:
Chunri Style Shirt with Dupatta and Trousers
SHIRT
Jacquard Shirt: 3 Meter
1 Lace: 1.25 Meter
1 Lace: 2.5 Meter
Fabric: Jacquard
Color: Red
DUPATTA
Digital Printed Crinkle Chiffon Dupatta: 2.5 Meter
Fabric: Crinkle Chiffon
Color: Red
TROUSERS
Jacquard Trousers: 2.5 Meter
Fabric: Jacquard
Color: Red
Note:
Product color may slightly vary due to photographic lighting sources or your device settings.",https://nishatlinen.com/collections/women/products/42402120,"image_1_811_1.jpg, image_1_811_2.jpg, image_1_811_3.jpg"
3 Piece - Printed Loose Fabric - 42403168 - Shirt / 3 / 3,Rs. 750.00 Rs. 488.00,"Experience the embodiment of ethereal beauty with this printed three-piece from the latest freedom to buy summer collection.
Product Detail:
Floral Bunches With Striped Floral Vine Shirt Printed Style with Dupatta and Trousers
SHIRT
Shirt: 3 Meter (RS 730/-Mtr)
Fabric: Lawn
Color: Light Yellow
DUPATTA
Dupatta: 2.5 Meter (RS 750/-Mtr)
Fabric: Voile
Color: Light Yellow
TROUSERS
Trousers: 2.5 Meter (RS 650/-Mtr)
Fabric: Cambric
Color: Light Yellow
Note:
Product color may slightly vary due to photographic lighting sources or your device settings.",https://nishatlinen.com/products/42403168,"image_1_812_1.jpg, image_1_812_2.jpg, image_1_812_3.jpg"
Embroidered Dress - FE24-70 - XS,"Rs. 8,730.00 Rs. 5,238.00","Command attention with effortless style by wearing this embroidered dress from the latest pret summer collection. 
Product Detail
Embroidered Dress
Dress
Round Neckline, Side Pockets Detail, Embroidered Sleeves With Organza & Lace On Openings, U-Shape Hem With Side Slits
Fabric: Texture
Color: Pink
Note:
Product color may vary slightly due to photographic lighting sources or monitor settings.",https://nishatlinen.com/products/fe24-70,"image_1_813_1.jpg, image_1_813_2.jpg, image_1_813_3.jpg"
2 Piece - Printed Embroidered Suit - 42401575,"Rs. 5,130.00 Rs. 3,334.50","Become the ultimate trendsetter with our printed embroidered two-piece from the latest unstitched summer collection.
Product Detail:
Embellished Embroidery Motifs Prints Style Shirt with Dupatta
SHIRT
Printed Super Fine Lawn Shirt: 3 Meter
Embroidered Border
Fabric: Lawn
Color: Dark Magenta
DUPATTA
Digital Printed Muzlin Dupatta: 2.5 Meter
Fabric: Muzlin
Color: ﻿Dark Magenta
Note:
Product color may slightly vary due to photographic lighting sources or your device settings.",https://nishatlinen.com/products/42401575,"image_1_814_1.jpg, image_1_814_2.jpg, image_1_814_3.jpg"
3 Piece - White & Silver Paste Printed Embroidered Suit - 42401908,"Rs. 8,720.00 Rs. 5,668.00","Make your day pleasingly memorable with this digital printed embroidered three-piece from the latest unstitched summer collection.
Product Detail:
Ethnic Style Shirt with Dupatta and Trousers
SHIRT
White & Silver Paste Printed Super Fine Lawn Shirt: 3 Meter
Embroidered Neckline + Motifs
Fabric: Lawn
Color: Carrot
DUPATTA
White & Silver Paste Printed Voile Dupatta: 2.5 Meter
Fabric: Voile
Color: Carrot
TROUSERS
Dyed Cambric Trousers: 2.5 Meter
Fabric: Cambric
Color: Coral
Note:
Product color may slightly vary due to photographic lighting sources or your device settings.",https://nishatlinen.com/products/42401908,"image_1_815_1.jpg, image_1_815_2.jpg, image_1_815_3.jpg"
Embroidered Shirt - PS24-01 - XS,"Rs. 5,340.00 Rs. 3,204.00","Celebrate your uniqueness with this embroidered shirt from the latest pret pre summer collection.
Product Detail
Embroidered Shirt
Shirt
V Neckline, Embroidered Front Panel, Top Stitching Detail At Sleeves Edges
Fabric: Jacquard
Color: Light Blue
Note:
Product color may vary slightly due to photographic lighting sources or monitor settings.",https://nishatlinen.com/collections/women/products/ps24-01,"image_1_816_1.jpg, image_1_816_2.jpg, image_1_816_3.jpg"
3 Piece - Printed Loose Fabric - 42403023 - Shirt / 3 / 3,Rs. 670.00 Rs. 436.00,"Adorn your authenticity in the printed three-piece from the latest freedom to buy summer collection.
Product Detail
Abstract Floral Printed Style Shirt with Dupatta and Trousers
SHIRT
Shirt: 3 Meter (RS 730/-Mtr)
Fabric: Lawn
Color: Light Pastel Yellow
DUPATTA
Dupatta: 2.5 Meter (RS 750/-Mtr)
Fabric: Voile
Color: Light Pastel Yellow
TROUSERS
Trousers: 2.5 Meter (RS 650/-Mtr)
Fabric: Cambric
Color: Light Pastel Yellow
Note:
Product color may slightly vary due to photographic lighting sources or your device settings.",https://nishatlinen.com/products/42403023,"image_1_817_1.jpg, image_1_817_2.jpg, image_1_817_3.jpg"
1 Piece - Paste Printed Loose Fabric - 42403088 - Trouser / 2.5 / 2.5,Rs. 670.00 Rs. 436.00,"Redefine your style with paste printed one-piece from the latest freedom to buy summer collection.
Product Detail:
Geometric Prints Style Trousers
TROUSERS
Trousers: 2.5 Meter (RS 690/-Mtr)
Fabric: Cambric
Color: ﻿Black
Note:
Product color may slightly vary due to photographic lighting sources or your device settings.",https://nishatlinen.com/products/42403088,"image_1_818_1.jpg, image_1_818_2.jpg, image_1_818_3.jpg"
1 Piece - Dyed Loose Fabric - 42402017-1 - Shirt / 3 / 3,Rs. 750.00 Rs. 488.00,"Effortlessly capture hearts with the delicate dyed one-piece from the latest freedom to buy summer collection.
Product Detail:
Shirt 
SHIRT
Shirt: 3 Meter (RS 650/-Mtr)
Fabric: Cambric
Color: Green

Note:
Product color may slightly vary due to photographic lighting sources or your device settings.",https://nishatlinen.com/products/42402017-1,image_1_819_1.jpg
3 Piece - Embroidered Suit - 42401447,"Rs. 8,200.00 Rs. 5,330.00","For a stunningly spectacular look, try this digital printed embroidered three-piece from the latest unstitched summer collection.
Product Detail:
Geometric Style Shirt with Dupatta and Trousers
SHIRT
Dyed Super Fine Grid Lawn Shirt: 3 Meter
Embroidered Neckline + Motifs + Border
Fabric: Grid Lawn
Color: Skin & Red
DUPATTA
Digital Printed Grid Lawn Dupatta: 2.5 Meter
Fabric: Grid Lawn
Color: Skin & Red
TROUSERS
Dyed Cambric Trousers: 2.5 Meter
Fabric: Cambric
Color: Skin
Note:
Product color may slightly vary due to photographic lighting sources or your device settings.",https://nishatlinen.com/products/42401447,"image_1_820_1.jpg, image_1_820_2.jpg, image_1_820_3.jpg"
2 Piece - Printed Suit With Laces - 42401601,"Rs. 5,130.00 Rs. 3,334.50","Make your day magnificent by wearing this printed two-piece from the latest unstitched summer collection.
Product Detail:
Laces Printed Style Shirt with Dupatta
SHIRT
Printed Super Fine Lawn Shirt: 3 Meter
1 Lace: 1.25 Meter
1 Lace: 2.5 Meter
Fabric: Lawn
Color: Yellow
DUPATTA
Digital Printed Banarsi Slub Dupatta: 2.5 Meter
Fabric: Banarsi Slub
Color: ﻿Yellow
Note:
Product color may slightly vary due to photographic lighting sources or your device settings.",https://nishatlinen.com/products/42401601,"image_1_821_1.jpg, image_1_821_2.jpg, image_1_821_3.jpg"
2 Piece - Printed Suit - 42401727,"Rs. 3,070.00 Rs. 1,995.50","Exude grace with this printed two-piece from the latest unstitched summer collection.
Product Detail:
Dori Motifs In Printed From Shirt with Dupatta
SHIRT
Printed Super Fine Lawn Shirt: 3 Meter
Fabric: Lawn
Color: Beige
DUPATTA
Printed Voile Dupatta: 2.5 Meter
Fabric: Voile
Color: Beige & Black
Note:
Product color may slightly vary due to photographic lighting sources or your device settings.",https://nishatlinen.com/products/42401727,"image_1_822_1.jpg, image_1_822_2.jpg, image_1_822_3.jpg"
3 Piece - Printed Suit - 42402114,"Rs. 4,990.00 Rs. 3,992.00","Look stylish with our daily wear printed three-piece from the latest unstitched summer collection.
Product Detail:
Cross Stitch Printed Style Style Shirt with Dupatta and Trousers
SHIRT
Printed Lawn Shirt: 3 Meter
Fabric: Lawn
Color: Skin
DUPATTA
Printed Doriya Dupatta: 2.5 Meter
Fabric: Doriya
Color: Skin
TROUSERS
Solid Cambric Trousers: 2.5 Meter
Fabric: Cambric
Color: Skin
Note:
Product color may slightly vary due to photographic lighting sources or your device settings.",https://nishatlinen.com/products/42402114,"image_1_823_1.jpg, image_1_823_2.jpg, image_1_823_3.jpg"
1 Piece - Digital Printed Loose Fabric - 42403345 - Shirt / 3 / 3,Rs. 880.00 Rs. 572.00,"Look mesmerizing with this colorful digital printed one-piece from the latest freedom to buy summer collection.
Product Detail:
Bead Work Florals Printed Style Shirt 
SHIRT
Shirt: 3 Meter (RS 850/-Mtr)
Fabric: Dobby Lawn
Color: Mustard
Note:
Product color may slightly vary due to photographic lighting sources or your device settings.",https://nishatlinen.com/collections/women/products/42403345,"image_1_824_1.jpg, image_1_824_2.jpg, image_1_824_3.jpg"
1 Piece - Digital Printed Loose Fabric - 42403349 - Shirt / 3 / 3,Rs. 880.00 Rs. 572.00,"Get ready for garden parties by styling this digital printed one-piece from the latest freedom to buy summer collection.
Product Detail:
Cross Stitch Printed Style Shirt 
SHIRT
Shirt: 3 Meter (RS 850/-Mtr)
Fabric: Dobby Lawn
Color: Multi
Note:
Product color may slightly vary due to photographic lighting sources or your device settings.",https://nishatlinen.com/collections/women/products/42403349,"image_1_825_1.jpg, image_1_825_2.jpg, image_1_825_3.jpg"
3 Piece - Printed Loose Fabric - 42403365 - Dupatta / 2.5 / 2.5,Rs. 455.00 - Rs. 533.00,"Unveil your summer story with the timeless elegance of our printed three-piece from the latest freedom to buy summer collection.
Product Detail
Modern Printed Style Shirt with Dupatta and Trousers 
SHIRT
Shirt: 3 Meter (RS 780/-Mtr) 
Fabric: Lawn
Color: Yellow
DUPATTA
Dupatta: 2.5 Meter (RS 800/-Mtr) 
Fabric: Voile
Color: Yellow
TROUSERS
Trousers: 2.5 Meter (RS 700/-Mtr) 
Fabric: Cambric
Color: White
Note:
Product color may slightly vary due to photographic lighting sources or your device settings.",https://nishatlinen.com/collections/women/products/42403365,"image_1_826_1.jpg, image_1_826_2.jpg, image_1_826_3.jpg"
3 Piece - Printed Suit - 42401411,"Rs. 6,150.00 Rs. 3,997.50","Step into the spotlight of elegance by wearing this printed three-piece from the latest unstitched summer collection.
Product Detail:
Geometric Style Shirt with Dupatta and Trousers
SHIRT
Printed Super Fine Lawn: 3 Meter
Fabric: Lawn
Color: Charcoal Grey
DUPATTA
Digital Printed Banarsi Slub Dupatta: 2.5 Meter
Fabric: Banarsi Slub
Color: Charcoal Grey
TROUSERS
Printed Cambric Trousers: 2.5 Meter
Fabric: Cambric
Color: Charcoal Grey
Note:
Product color may slightly vary due to photographic lighting sources or your device settings.",https://nishatlinen.com/collections/women/products/42401411,"image_1_827_1.jpg, image_1_827_2.jpg, image_1_827_3.jpg"
Slip - PW24-96 - XS,"Rs. 1,250.00 Rs. 1,000.00","Add comfort and a soft and smooth feel to your daily wear with this slip from the latest winter collection.   
Product Detail
Basic Slip
Slip
V Neckline Slip
Fabric: Voile
Color: Black
Note:
Product color may slightly vary due to photographic lighting sources or your monitor settings.",https://nishatlinen.com/collections/women/products/pw24-96,image_1_828_1.jpg
3 Piece - Printed Embroidered Suit - 42402037,"Rs. 7,690.00 Rs. 4,998.50","Elevate your everyday style in our printed embroidered three-piece from the latest unstitched summer collection.
Product Detail:
Chunri Style Vines Shirt with Dupatta and Trousers
SHIRT
Printed Super Fine Lawn Shirt: 3 Meter
Embroidered Motifs + Border
Fabric: Lawn
Color: Orange
DUPATTA
Digital Printed Crinkle Chiffon Dupatta: 2.5 Meter
Fabric: Crinkle Chiffon
Color: Orange
TROUSERS
Solid Cambric Trousers: 2.5 Meter
Fabric: Cambric
Color: Orange
Note:
Product color may slightly vary due to photographic lighting sources or your device settings.",https://nishatlinen.com/collections/women/products/42402037,"image_1_829_1.jpg, image_1_829_2.jpg, image_1_829_3.jpg"
3 Piece - Printed Suit - 42401218,"Rs. 7,690.00 Rs. 4,998.50","Refresh your vibe with this printed three-piece from the latest unstitched summer collection.
Product Detail:
Foliage Printed Style Shirt with Dupatta and Trousers
SHIRT
Printed Super Fine Lawn Shirt: 3 Meter
Fabric: Lawn
Color: Peach
DUPATTA
Yarn Dyed Dupatta: 2.5 Meter
Fabric: Yarn Dyed
Color: Peach
TROUSERS
Printed Cambric Trousers: 2.5 Meter
Fabric: Cambric
Color: ﻿Peach
Note:
Product color may slightly vary due to photographic lighting sources or your device settings.",https://nishatlinen.com/collections/women/products/42401218,"image_1_830_1.jpg, image_1_830_2.jpg, image_1_830_3.jpg"
3 Piece - Printed Embroidered Suit - 42401119,"Rs. 7,690.00 Rs. 4,998.50","you can enjoy the highest level of comfort while looking stunning with this printed embroidered three-piece from the latest unstitched summer collection.
Product Detail:
Suzani Prints Style Shirt with Dupatta and Trousers
SHIRT
White Paste Printed Super Fine Lawn Shirt: 3 Meter
Embroidered Allover Front + Border
Fabric: Lawn
Color: White
DUPATTA
Digital Printed Voile Dupatta: 2.5 Meter
Fabric: Voile
Color: White
TROUSERS
Dyed Cambric Trousers: 2.5 Meter
Fabric: Dyed Cambric
Color: ﻿White
Note:
Product color may slightly vary due to photographic lighting sources or your device settings.",https://nishatlinen.com/collections/women/products/42401119,"image_1_831_1.jpg, image_1_831_2.jpg, image_1_831_3.jpg"
3 Piece - Digital Printed Embroidered Suit - 42401966,"Rs. 9,740.00 Rs. 6,331.00","Look gorgeous effortlessly by wearing this digital printed embroidered three-piece from the latest unstitched summer collection.
Product Detail:
Floral With Laces Print Style Shirt with Dupatta and Trousers
SHIRT
Digital Printed Chicken Kari Shirt: 3 Meter
Fabric: Chicken Kari
Color: Gold
DUPATTA
Digital Printed Voile Dupatta: 2.5 Meter
Fabric: Voile
Color: Gold
TROUSERS
Solid Cambric Trousers: 2.5 Meter
Fabric: Cambric
Color: Gold
Note:
Product color may slightly vary due to photographic lighting sources or your device settings.",https://nishatlinen.com/collections/women/products/42401966,"image_1_832_1.jpg, image_1_832_2.jpg, image_1_832_3.jpg"
2 Piece - Printed Suit With Laces - 42401604,"Rs. 5,130.00 Rs. 3,334.50","Refresh your vibe with this printed two-piece from the latest unstitched summer collection.
Product Detail:
Laces With Tropical Plants Printed Style Shirt with Dupatta
SHIRT
Printed Super Fine Lawn Shirt: 3 Meter
1 Lace: 1.25 Meter
1 Lace: 2.5 Meter
Fabric: Lawn
Color: Pastel Teal
DUPATTA
Digital Printed Banarsi Slub Dupatta: 2.5 Meter
Fabric: Banarsi Slub
Color: ﻿Pastel Teal
Note:
Product color may slightly vary due to photographic lighting sources or your device settings.",https://nishatlinen.com/collections/women/products/42401604,"image_1_833_1.jpg, image_1_833_2.jpg, image_1_833_3.jpg"
3 Piece - Printed Suit - 42402023,"Rs. 5,130.00 Rs. 3,334.50","Make your catchy with this wonderful printed three-piece from the latest unstitched summer collection.
Product Detail:
Floral Printed Style Shirt with Dupatta and Trousers
SHIRT
Printed Super Fine Lawn Shirt: 3 Meter
Fabric: Lawn
Color: Beige
DUPATTA
Digital Printed Crinkle Chiffon Dupatta: 2.5 Meter
Fabric: Crinkle Chiffon
Color: Beige
TROUSERS
Solid Cambric Trousers: 2.5 Meter
Fabric: Cambric
Color: Beige
Note:
Product color may slightly vary due to photographic lighting sources or your device settings.",https://nishatlinen.com/products/42402023,"image_1_834_1.jpg, image_1_834_2.jpg, image_1_834_3.jpg"
Embroidered Tunic - PS24-79 - S,"Rs. 4,300.00 Rs. 2,580.00","Embrace the allure of timeless elegance with this embroidered tunic from the latest pret summer collection.
Product Detail
Embroidered Tunic
Tunic
Embroidered Neckline & Sleeves, Short Sleeves, Embroidered Neckline & Sleeves, Round Hem
Fabric: Cambric
Color: Peach
Note:
Product color may vary slightly due to photographic lighting sources or monitor settings.",https://nishatlinen.com/products/ps24-79,"image_1_835_1.jpg, image_1_835_2.jpg, image_1_835_3.jpg"
1 Piece - Silver Printed Loose Fabric - 42403334 - Shirt / 3 / 3,Rs. 880.00 Rs. 572.00,"Refresh your wardrobe with this stunning silver printed one-piece from the latest freedom to buy summer collection.
Product Detail:
Chunri Printed Style Shirt 
SHIRT
Shirt: 3 Meter (RS 800/-Mtr)
Fabric: Lawn
Color: Green
Note:
Product color may slightly vary due to photographic lighting sources or your device settings.",https://nishatlinen.com/collections/women/products/42403334,"image_1_836_1.jpg, image_1_836_2.jpg, image_1_836_3.jpg"
2 Piece - Digital Printed Embroidered Suit - 42401097,"Rs. 4,610.00 Rs. 2,996.50","Indulge in the gentle allure of woven dreams with this digital printed embroidered two-piece from the latest unstitched summer collection.
Product Detail:
Floral Prints Style Shirt with Trousers
SHIRT
Digital Printed Super Fine Lawn Shirt: 3 Meter
Embroidered Border
Fabric: Lawn
Color: Black
TROUSERS
Dyed Cambric Trousers: 2.5 Meter
Fabric: Cambric
Color: Off White
Note:
Product color may slightly vary due to photographic lighting sources or your device settings.",https://nishatlinen.com/products/42401097,"image_1_837_1.jpg, image_1_837_2.jpg, image_1_837_3.jpg"
3 Piece - Printed Loose Fabric - 42403108 - Dupatta / 2.5 / 2.5,Rs. 830.00 Rs. 540.00,"Express a more joyful version of yourself with this printed three-piece from the latest freedom to buy summer collection.
Product Detail:
Modern Floral Printed Style Shirt with Dupatta and Trousers
SHIRT
Shirt: 3 Meter (RS 730/-Mtr)
Fabric: Lawn
Color: Black
DUPATTA
Dupatta: 2.5 Meter (RS 750/-Mtr)
Fabric: Voile
Color: Black & Off White
Note: Fabric used in shoot for gown is dupatta fabric
TROUSERS
Trousers: 2.5 Meter (RS 650/-Mtr)
Fabric: Cambric
Color: Black
Note:
Product color may slightly vary due to photographic lighting sources or your device settings.",https://nishatlinen.com/collections/women/products/42403108,"image_1_838_1.jpg, image_1_838_2.jpg, image_1_838_3.jpg"
3 Piece - Printed Suit - PS24-256 - XS,"Rs. 8,200.00 Rs. 4,920.00","Unlock the secret language of style with this printed three-piece suit from the latest pret summer collection.
Product Detail
Printed Shirt With Dupatta & Trousers
Shirt
V Neckline, Yoke Detail, Mix & Match Printed Shirt
Fabric: Lawn
Color: Blue
Dupatta
Printed Dupatta
Fabric: Voile
Color: Blue
Trousers
Printed Trousers
Fabric: Cambric
Color: Blue
Note:
Product color may vary slightly due to photographic lighting sources or monitor settings.",https://nishatlinen.com/collections/women/products/ps24-256,"image_1_839_1.jpg, image_1_839_2.jpg, image_1_839_3.jpg"
3 Piece - Embroidered Suit - 42401651,"Rs. 9,740.00 Rs. 6,331.00","Make your day magnificent by wearing this embroidered three-piece from the latest unstitched summer collection.
Product Detail:
Floral Style Shirt with Dupatta and Trousers
SHIRT
Dyed Cambric Shirt: 3 Meter
Embroidered Front + Motifs
Fabric: Cambric
Color: Grey
DUPATTA
Digital Printed Organza Chiffon Dupatta: 2.5 Meter
Fabric: Organza Chiffon
Color: White & Grey
TROUSERS
Dyed Cambric Trousers: 2.5 Meter
Fabric: Cambric
Color: Grey
Note:
Product color may slightly vary due to photographic lighting sources or your device settings.",https://nishatlinen.com/collections/women/products/42401651,"image_1_840_1.jpg, image_1_840_2.jpg, image_1_840_3.jpg"
3 Piece - Printed Embroidered Suit - 42401562,"Rs. 8,720.00 Rs. 5,668.00","Create effortlessly elegant & stylish look by wearing this digital printed embroidered three-piece from the latest unstitched summer collection.
Product Detail:
Embellished Patterns With Textures Style Shirt with Dupatta and Trousers
SHIRT
Digital Printed Zari Lawn Shirt: 3 Meter
Embroidered Neckline + Border
Fabric: Lawn
Color: Pink
DUPATTA
Digital Printed Zari Lawn Dupatta: 2.5 Meter
Fabric: Lawn
Color: Pink
TROUSERS
Dyed Cambric Trousers: 2.5 Meter
Fabric: Cambric
Color: Pink
Note:
Product color may slightly vary due to photographic lighting sources or your device settings.",https://nishatlinen.com/products/42401562,"image_1_841_1.jpg, image_1_841_2.jpg, image_1_841_3.jpg"
3 Piece - Jacquard Suit - 42402128,"Rs. 9,990.00 Rs. 7,992.00","Get ready to refresh your look with our jacquard three-piece from the latest unstitched summer collection.
Product Detail:
Abstract Style Shirt with Dupatta and Trousers
SHIRT
Jacquard Shirt: 3 Meter
Fabric: Jacquard
Color: Pale Peach
DUPATTA
Digital Printed Crinkle Chiffon Dupatta: 2.5 Meter
Fabric: Crinkle Chiffon
Color: Pale Peach
TROUSERS
Jacquard Trousers: 2.5 Meter
Fabric: Jacquard
Color: Pale Peach
Note:
Product color may slightly vary due to photographic lighting sources or your device settings.",https://nishatlinen.com/products/42402128,"image_1_842_1.jpg, image_1_842_2.jpg, image_1_842_3.jpg"
3 Piece - Printed Embroidered Suit - 42405008,"Rs. 8,720.00 Rs. 5,668.00","Make your day magnificent by wearing this printed embroidered three-piece from the latest summer collection.
Product Detail:
Shirt with Dupatta and Trousers
SHIRT
Dyed Cambric Shirt: 3.2 Meter
Embroidered Front + Sleeves Border
Fabric: Cambric 
Color: Charcoal
DUPATTA
Digital Printed Voile Dupatta: 2.6 Meter
Fabric: Voile
Color: Ivory & Charcoal
TROUSERS
Dyed Cambric Trousers: 2.5 Meter
Fabric: Cambric
Color: Charcoal
Note:
Product color may slightly vary due to photographic lighting sources or your device settings.",https://nishatlinen.com/products/42405008,"image_1_843_1.jpg, image_1_843_2.jpg, image_1_843_3.jpg"
1 Piece - Digital Printed Loose Fabric - 42403286 - Shirt / 3 / 3,Rs. 880.00 Rs. 572.00,"Look mesmerizing with this colorful digital printed one piece from the latest freedom to buy summer collection.
Product Detail:
Shirt
SHIRT
Shirt: 3 Meter (RS 850/-Mtr) 
Fabric: Lawn
Color: Multi
Note:
Product color may slightly vary due to photographic lighting sources or your device settings.",https://nishatlinen.com/products/42403286-1,"image_1_844_1.jpg, image_1_844_2.jpg, image_1_844_3.jpg"
Printed Shirt - PE24-271 - XS,"Rs. 3,590.00 Rs. 2,154.00","Look and feel your best by wearing this printed shirt from the latest pret summer collection.
Product Detail
Printed Shirt
Shirt
Notched Collar Neckline, Lace Detail on Sleeves
Fabric: Lawn
Color: Pink
Note:
Product color may vary slightly due to photographic lighting sources or monitor settings.",https://nishatlinen.com/products/pe24-271,"image_1_845_1.jpg, image_1_845_2.jpg, image_1_845_3.jpg"
Printed Tunic - AS24-70 - XS,"Rs. 4,100.00 Rs. 2,460.00","Add sophistication to your wardrobe with this printed tunic from the latest pret summer collection.  

Product Detail
Printed Tunic
Tunic
Collar Neckline, Cut & Sew Inverted Box Pleated Detail, A-Line Short Tunic
Fabric: Silk
Color: Beige
Note:
Product color may vary slightly due to photographic lighting sources or monitor settings.",https://nishatlinen.com/products/as24-70,"image_1_846_1.jpg, image_1_846_2.jpg, image_1_846_3.jpg"
3 Piece - Printed Embroidered Suit - 42405027,"Rs. 8,720.00 Rs. 5,668.00","Look mesmerizing with this printed embroidered three-piece from the latest summer collection.
Product Detail:
Shirt with Dupatta and Trousers
SHIRT
Dyed Cambric Shirt: 3.2 Meter
Embroidered Front +  Neckline + Sleeves + 2 Borders
Fabric: Cambric
Color: Orange
DUPATTA
Digital Printed Medium Silk Dupatta: 2.6 Meter
Fabric: Silk
Color: Orange
TROUSERS
Dyed Cambric Trousers: 2.5 Meter
Fabric: Cambric
Color: Orange
Note:
Product color may slightly vary due to photographic lighting sources or your device settings.",https://nishatlinen.com/products/42405027,"image_1_847_1.jpg, image_1_847_2.jpg, image_1_847_3.jpg"
3 Piece - Gold Printed Embroidered Suit - 42401373,"Rs. 9,740.00 Rs. 6,331.00","Look adorable in this bright gold printed embroidered three-piece from the latest unstitched summer collection.
Product Detail:
Banarsi Style Shirt with Dupatta and Trousers
SHIRT
Gold Paste Printed Sateen Shirt: 3 Meter
Embroidered Neckline + Motifs + Border
Fabric: Sateen
Color: Carrot Red
DUPATTA
Fancy Banarsi Dupatta: 2.5 Meter
Fabric: Banarsi
Color: Carrot Red
TROUSERS
Dyed Sateen Trousers: 2.5 Meter
Fabric: Sateen
Color: Carrot Red
Note:
Product color may slightly vary due to photographic lighting sources or your device settings.",https://nishatlinen.com/products/42401373,"image_1_848_1.jpg, image_1_848_2.jpg, image_1_848_3.jpg"
3 Piece - Gold Printed Loose Fabric - 42403309 - Dupatta / 2.5 / 2.5,Rs. 880.00 Rs. 572.00,"Uplift your look with this gold printed three-piece from the latest freedom to buy summer collection.
Product Detail:
Embellished Motifs Prints Style Shirt with Dupatta and Trousers 
SHIRT
Shirt: 3 Meter (RS 800/-Mtr)
Fabric: Lawn
Color: Black
DUPATTA
Dupatta: 2.5 Meter (RS 850/-Mtr)
Fabric: Voile
Color: Black
TROUSERS
Trousers: 2.5 Meter (RS 680/-Mtr)
Fabric: Cambric
Color: Black
Note:
Product color may slightly vary due to photographic lighting sources or your device settings.",https://nishatlinen.com/collections/women/products/42403309,"image_1_849_1.jpg, image_1_849_2.jpg, image_1_849_3.jpg"
2 Piece - Basic Suit - PE24-35 - XS,"Rs. 7,690.00 Rs. 4,614.00","Look and feel your best by wearing this basic two-piece suit from the latest pret summer collection.
Product Detail
Basic Shirt With Dupatta
Shirt
Band Neckline With Placket, Adda Detail On Sleeves & Yoke
Fabric: Cambric
Color: Purple
Dupatta
Fabric: Silk
Color: Purple
Note:
Product color may vary slightly due to photographic lighting sources or monitor settings.",https://nishatlinen.com/collections/women/products/pe24-35,"image_1_850_1.jpg, image_1_850_2.jpg, image_1_850_3.jpg"
Basic Shirt - PS24-80 - XS,"Rs. 4,190.00 Rs. 2,514.00","Look and feel your best by wearing this basic shirt from the latest pret summer collection. 
Product Detail
Basic Shirt
Shirt
Collar Neckline With Slit, Buttoned Cuff Sleeves
Fabric: Cambric
Color: Brown
Note:
Product color may vary slightly due to photographic lighting sources or monitor settings.",https://nishatlinen.com/collections/women/products/ps24-80,"image_1_851_1.jpg, image_1_851_2.jpg, image_1_851_3.jpg"
Embroidered Shirt - PE24-59 - XS,"Rs. 6,150.00 Rs. 3,690.00","Look and feel your best by wearing this embroidered shirt from the latest pret summer collection.
Product Detail
Embroidered Shirt
Shirt
Round Neckline With Buttons Detail On Placket, Embroidered Sleeves & Front Hem
Fabric: Jacquard
Color: Peach
Note:
Product color may vary slightly due to photographic lighting sources or monitor settings.",https://nishatlinen.com/products/pe24-59,"image_1_852_1.jpg, image_1_852_2.jpg, image_1_852_3.jpg"
Basic Shirt - PS24-100 - XS,"Rs. 3,590.00 Rs. 2,154.00","Look and feel your best by wearing this basic shirt from the latest pret summer collection. 
Product Detail
Basic Shirt
Shirt
Band Neckline With Placket & Buttons Detail, Cuffed Sleeves, Button Down Boxy Cut Shirt
Fabric: Cambric
Color: Green
Note:
Product color may vary slightly due to photographic lighting sources or monitor settings.",https://nishatlinen.com/products/ps24-100,"image_1_853_1.jpg, image_1_853_2.jpg, image_1_853_3.jpg"
3 Piece - Printed Embroidered Suit - 42401845,"Rs. 7,690.00 Rs. 4,998.50","Get ready for garden parties by styling printed embroidered three-piece from the latest unstitched summer collection.
Product Detail:
Suzani In Modern Style Shirt with Dupatta and Trousers
SHIRT
Printed Lawn Shirt: 3 Meter
4 Embroidered Motifs
Fabric: Lawn
Color: Red
DUPATTA
Digital Printed Zari Lawn Dupatta: 2.5 Meter
Fabric: Zari Lawn
Color: Red
TROUSERS
Dyed Cambric Trousers: 2.5 Meter
Fabric: Cambric
Color: Red
Note:
Product color may slightly vary due to photographic lighting sources or your device settings.",https://nishatlinen.com/collections/women/products/42401845,"image_1_854_1.jpg, image_1_854_2.jpg, image_1_854_3.jpg"
1 Piece - Dyed Loose Fabric - 42402013-1 - Shirt / 3 / 3,"Rs. 1,120.00 Rs. 728.00","Enter into a summer wonderland with this dyed one-piece from the latest freedom to buy summer collection.
Product Detail:
Shirt
SHIRT
Shirt: 3 Meter (RS 650/-Mtr)
Fabric: Cambric
Color: Light Tea Pink
Note:
Product color may slightly vary due to photographic lighting sources or your device settings.",https://nishatlinen.com/collections/women/products/42402013-1,"image_1_855_1.jpg, image_1_855_2.jpg, image_1_855_3.jpg"
2 Piece - Dyed Embroidered Suit - 42402142,"Rs. 4,290.00 Rs. 3,432.00","Elevate your look with this dyed embroidered two-piece from the latest unstitched summer collection.
Product Detail:
Phulkari Style Shirt with Trousers
SHIRT
Solid Cambric Shirt: 3 Meter
Embroidered Front + Motifs
Fabric: Cambric
Color: Black
TROUSERS
Solid Cambric Trousers: 2.5 Meter
Fabric: Cambric
Color: Black
Note:
Product color may slightly vary due to photographic lighting sources or your device settings.",https://nishatlinen.com/collections/women/products/42402142,"image_1_856_1.jpg, image_1_856_2.jpg, image_1_856_3.jpg"
1 Piece - Digital Printed Loose Fabric - 42403174 - Shirt / 3 / 3,Rs. 830.00 Rs. 540.00,"Enhance your appearance and make a bold statement with this digital printed one-piece from the latest freedom to buy summer collection.
Product Detail:
Floral Printed Style Shirt 
SHIRT
Shirt: 3 Meter (RS 750/-Mtr)
Fabric: Lawn
Color: Deep Blue

Note:
Product color may slightly vary due to photographic lighting sources or your device settings.",https://nishatlinen.com/products/42403174,"image_1_857_1.jpg, image_1_857_2.jpg, image_1_857_3.jpg"
2 Piece - Printed Suit With Laces - 42401597,"Rs. 5,130.00 Rs. 3,334.50","Adorn grace with this printed two-piece from the latest unstitched summer collection.
Product Detail:
Floral With Laces Printed Style Shirt with Dupatta
SHIRT
Printed Super Fine Lawn Shirt: 3 Meter
1 Lace: 1.25 Meter
1 Lace: 2.5 Meter
Fabric: Lawn
Color: Orange
DUPATTA
Digital Printed Banarsi Slub Dupatta: 2.5 Meter
Fabric: Banarsi Slub
Color: ﻿Orange
Note:
Product color may slightly vary due to photographic lighting sources or your device settings.",https://nishatlinen.com/products/42401597,"image_1_858_1.jpg, image_1_858_2.jpg, image_1_858_3.jpg"
2 Piece - Printed Suit - 42402184,"Rs. 2,990.00 Rs. 1,943.50","Be confident in this printed two-piece from the latest unstitched summer collection.
Product Detail:
Phulkari Patterns In Printed Form Shirt with Trousers
SHIRT
Printed Cambric Shirt: 3 Meter
Fabric: Cambric
Color: Green & Red
TROUSERS
Printed Cambric Trousers: 2.5 Meter
Fabric: Cambric
Color: Red
Note:
Product color may slightly vary due to photographic lighting sources or your device settings.",https://nishatlinen.com/collections/women/products/42402184,"image_1_859_1.jpg, image_1_859_2.jpg, image_1_859_3.jpg"
2 Piece - Digital Printed Embroidered Suit - 42401105,"Rs. 4,610.00 Rs. 2,996.50","Wrap yourself in a cloud of comfort, adorned with digital printed embroidered two-piece from the latest unstitched summer collection.
Product Detail:
Ethnic Prints Style Shirt with Trousers
SHIRT
Digital Printed Super Fine Lawn Shirt: 3 Meter
Embroidered Neckline
Fabric: Lawn
Color: Navy
TROUSERS
Dyed Cambric Trousers: 2.5 Meter
Fabric: Cambric
Color: ﻿Navy
Note:
Product color may slightly vary due to photographic lighting sources or your device settings.",https://nishatlinen.com/products/42401105,"image_1_860_1.jpg, image_1_860_2.jpg, image_1_860_3.jpg"
3 Piece - Printed Loose Fabric - 42403028 - Shirt / 3 / 3,"Rs. 1,120.00 Rs. 728.00","Your style, your story with our printed three-piece from the latest freedom to buy summer collection.
Product Detail:
Embellished Style Patterns Shirt with Dupatta and Trousers
SHIRT
Shirt: 3 Meter (RS 730/-Mtr)
Fabric: Lawn
Color: Greyish Blue
DUPATTA
Dupatta: 2.5 Meter (RS 750/-Mtr)
Fabric: Voile
Color: Pink
TROUSERS
Trousers: 2.5 Meter (RS 690/-Mtr)
Fabric: Cambric
Color: ﻿Greyish Blue
Note:
Product color may slightly vary due to photographic lighting sources or your device settings.",https://nishatlinen.com/collections/women/products/42403028,"image_1_861_1.jpg, image_1_861_2.jpg, image_1_861_3.jpg"
1 Piece - Gold Printed Loose Fabric - 42403355 - Dupatta / 2.5 / 2.5,Rs. 880.00 Rs. 572.00,"For an extraordinary look with gold printed one-piece from the latest freedom to buy summer collection.
Product Detail:
Banarsi With Ikkat Borders Prints Style Dupatta
Dupatta
Dupatta: 2.5 Meter (RS 850/-Mtr)
Fabric: Voile
Color: Pink & Mustard
Note:
Product color may slightly vary due to photographic lighting sources or your device settings.",https://nishatlinen.com/products/42403355,"image_1_862_1.jpg, image_1_862_2.jpg, image_1_862_3.jpg"
2 Piece - Printed Suit With Laces - 42401599,"Rs. 5,130.00 Rs. 3,334.50","Strut in style with this printed two-piece from the latest unstitched summer collection.
Product Detail:
Ethnic Printed Style Shirt with Dupatta
SHIRT
Printed Super Fine Lawn Shirt: 3 Meter
1 Lace: 1.25 Meter
1 Lace: 2.5 Meter
Fabric: Lawn
Color: Light Blue
DUPATTA
Digital Printed Banarsi Slub Dupatta: 2.5 Meter
Fabric: Banarsi Slub
Color: ﻿Light Blue
Note:
Product color may slightly vary due to photographic lighting sources or your device settings.",https://nishatlinen.com/collections/women/products/42401599,"image_1_863_1.jpg, image_1_863_2.jpg, image_1_863_3.jpg"
3 Piece - Printed Suit - 42402118,"Rs. 4,990.00 Rs. 3,992.00","Add color to your day events with this printed three-piece from the latest unstitched summer collection.
Product Detail:
Ethnic Printed Style Shirt with Dupatta and Trousers
SHIRT
Printed Lawn Shirt: 3 Meter
Fabric: Lawn
Color: Black
DUPATTA
Printed Doriya Dupatta: 2.5 Meter
Fabric: Doriya
Color: Mustard
TROUSERS
Solid Cambric Trousers: 2.5 Meter
Fabric: Cambric
Color: Black
Note:
Product color may slightly vary due to photographic lighting sources or your device settings.",https://nishatlinen.com/products/42402118,"image_1_864_1.jpg, image_1_864_2.jpg, image_1_864_3.jpg"
3 Piece - Embroidered Suit - 42402058,"Rs. 8,690.00 Rs. 5,648.50","Make your catchy with this wonderful embroidered three-piece from the latest unstitched summer collection.
Product Detail:
Kashmiri Patterns In Printed Form Style Shirt with Dupatta and Trousers
SHIRT
Solid Slub Cambric Shirt: 3 Meter
Embroidered Front Panel + Border
Fabric: Cambric
Color: Green
DUPATTA
Digital Printed Slub Dupatta: 2.5 Meter
Fabric: Slub
Color: Green
TROUSERS
Solid Cambric Trousers: 2.5 Meter
Fabric: Cambric
Color: Green
Note:
Product color may slightly vary due to photographic lighting sources or your device settings.",https://nishatlinen.com/products/42402058,"image_1_865_1.jpg, image_1_865_2.jpg, image_1_865_3.jpg"
2 Piece - Embroidered Loose Fabric - 42402001 - Shirt Front + Sleeves / 2 / 2,Rs. 436.00 - Rs. 663.00,"Strut in style with this embroidered two-piece from the latest freedom to buy summer collection.
Product Detail:
Shirt & Trousers
Measurements: 
Shirt Front + Sleeves Fabric: 2 Meter (RS 1290/-Mtr)
Border: 2 Meter (RS 890/-Mtr)
Shirt Back & Trousers Fabric: 3.75 Meter (RS 650/-Mtr)
Fabric: Cambric
Color: Navy Blue
Note:
Product color may slightly vary due to photographic lighting sources or your device settings.",https://nishatlinen.com/collections/women/products/42402001,"image_1_866_1.jpg, image_1_866_2.jpg, image_1_866_3.jpg"
3 Piece - Printed Embroidered Suit - 42401198,"Rs. 7,690.00 Rs. 4,998.50","Establish your distinctive style with the printed embroidered three-piece from the latest unstitched summer collection.
Product Detail:
Modern Prints Style Shirt with Dupatta and Trousers
SHIRT
Printed Super Fine Lawn Shirt: 3 Meter
Embroidered Motifs + 2 Borders
Fabric: Lawn
Color: Magenta
DUPATTA
Digital Printed Crinkle Chiffon Dupatta: 2.5 Meter
Fabric: Crinkle Chiffon
Color: Magenta
TROUSERS
Printed Cambric Trousers: 2.5 Meter
Fabric: ﻿Cambric
Color: ﻿Magenta
Note:
Product color may slightly vary due to photographic lighting sources or your device settings.",https://nishatlinen.com/collections/women/products/42401198,"image_1_867_1.jpg, image_1_867_2.jpg, image_1_867_3.jpg"
2 Piece - Printed Embroidered Suit - 42401717,"Rs. 5,640.00 Rs. 3,666.00","Style Up with this new designer dress printed embroidered two-piece from the latest unstitched summer collection.
Product Detail:
Embroidery Style Decorative Motifs Style Shirt with Dupatta
SHIRT
Printed Super Fine Lawn Shirt: 3 Meter
Embroidered Neckline + Border
Fabric: Lawn
Color: Black
DUPATTA
Digital Printed Zari Chiffon Dupatta: 2.5 Meter
Fabric: Chiffon
Color: Black
Note:
Product color may slightly vary due to photographic lighting sources or your device settings.",https://nishatlinen.com/collections/women/products/42401717,"image_1_868_1.jpg, image_1_868_2.jpg, image_1_868_3.jpg"
3 Piece - Printed Suit - 42401883,"Rs. 5,640.00 Rs. 3,666.00","Get special attention is given by wearing this printed three-piece from the latest unstitched summer collection.
Product Detail:
Chunri Printed Style Shirt with Dupatta and Trousers
SHIRT
Printed Super Fine Lawn Shirt: 3 Meter
Fabric: Lawn
Color: Blue
DUPATTA
Digital Printed Muzlin Dupatta: 2.5 Meter
Fabric: Muzlin
Color: Blue
TROUSERS
Dyed Cambric Trousers: 2.5 Meter
Fabric: Cambric
Color: Blue
Note:
Product color may slightly vary due to photographic lighting sources or your device settings.",https://nishatlinen.com/collections/women/products/42401883,"image_1_869_1.jpg, image_1_869_2.jpg, image_1_869_3.jpg"
3 Piece - Printed Loose Fabric - 42403030 - Shirt / 3 / 3,Rs. 670.00 Rs. 436.00,"Strut in style with this printed three-piece from the latest freedom to buy summer collection.
Product Detail:
Modern Printed Style Shirt with Dupatta and Trousers
SHIRT
Shirt: 3 Meter (RS 730/-Mtr)
Fabric: Lawn
Color: Black
DUPATTA
Dupatta: 2.5 Meter (RS 750/-Mtr)
Fabric: Voile
Color: Black
Note: Fabric used in shoot for gown is dupatta fabric
TROUSERS
Trousers: 2.5 Meter (RS 690/-Mtr)
Fabric: Cambric
Color: ﻿Black
Note:
Product color may slightly vary due to photographic lighting sources or your device settings.",https://nishatlinen.com/collections/women/products/42403030,"image_1_870_1.jpg, image_1_870_2.jpg, image_1_870_3.jpg"
2 Piece - Jacquard Embroidered Suit - 42401751,"Rs. 7,180.00 Rs. 4,667.00","Be prepared to look dreamy with jacquard embroidered two-piece from the latest unstitched summer collection.
Product Detail:
Shirt with Trousers
SHIRT
Jacquard Shirt: 3 Meter
Embroidered Neckline + Border
Fabric: Jacquard
Color: Black
TROUSERS
Solid Cambric Trousers: 2.5 Meter
Fabric: Cambric
Color: Black
Note:
Product color may slightly vary due to photographic lighting sources or your device settings.",https://nishatlinen.com/collections/women/products/42401751,"image_1_871_1.jpg, image_1_871_2.jpg, image_1_871_3.jpg"
3 Piece - Embroidered Suit - 42401801,"Rs. 10,770.00 Rs. 7,000.50","Express yourself with an embroidered three-piece from the latest unstitched summer collection.
Product Detail:
Banarsi Style Shirt with Dupatta and Trousers
SHIRT
Solid Satin Shirt: 3 Meter
Embroidered Front + Neckline + Sleeves + Border
Fabric: Satin
Color: Red
DUPATTA
Fancy Banarsi Dupatta: 2.5 Meter
Fabric: Banarsi
Color: Red
TROUSERS
Solid Satin Trousers: 2.5 Meter
Fabric: Satin
Color: Red
Note:
Product color may slightly vary due to photographic lighting sources or your device settings.",https://nishatlinen.com/collections/women/products/42401801,"image_1_872_1.jpg, image_1_872_2.jpg, image_1_872_3.jpg"
3 Piece - Printed Loose Fabric - 42403017 - Shirt / 3 / 3,Rs. 670.00 Rs. 436.00,"Indulge in sophistication as you drape yourself in this captivating printed three-piece from the latest freedom to buy summer collection.
Product Detail:
Mughal Printed Style Shirt with Dupatta and Trousers
SHIRT
Shirt: 3 Meter (RS 730/-Mtr)
Fabric: Lawn
Color: Blue
DUPATTA
Dupatta: 2.5 Meter (RS 750/-Mtr)
Fabric: Voile
Color: Blue
TROUSERS
Trousers: 2.5 Meter (RS 650/-Mtr)
Fabric: Cambric
Color: Blue
Note:
Product color may slightly vary due to photographic lighting sources or your device settings.",https://nishatlinen.com/products/42403017,"image_1_873_1.jpg, image_1_873_2.jpg, image_1_873_3.jpg"
3 Piece - Digital Printed Jacquard Embroidered Suit - 42402091,"Rs. 9,990.00 Rs. 6,493.50","Adorn grace with this digital printed jacquard embroidered three-piece from the latest unstitched summer collection.
Product Detail:
Tie & Dye Motifs In Printed Style Shirt with Dupatta and Trousers
SHIRT
Digital Printed Jacquard Shirt: 2.1 Meter
Embroidered Motifs + Border
Fabric: Jacquard 
Color: Purple
DUPATTA
Yarn Dyed Leno Kara Dupatta: 2.5 Meter
Fabric: Yarn Dyed
Color: Purple
TROUSERS
Solid Cambric Trousers: 1.7 Meter
Fabric: Cambric
Color: Purple
Note:
Product color may slightly vary due to photographic lighting sources or your device settings.",https://nishatlinen.com/products/42402091,"image_1_874_1.jpg, image_1_874_2.jpg, image_1_874_3.jpg"
3 Piece - Gold Paste Printed Embroidered Suit - 42401902,"Rs. 8,720.00 Rs. 5,668.00","Make a delicate statement with our gold paste printed embroidered three-piece from the latest unstitched summer collection.
Product Detail:
Mughal Prints Style Shirt with Dupatta and Trousers
SHIRT
Gold Paste Printed Super Fine Lawn Shirt: 3 Meter
Embroidered Neckline + Border
Fabric: Lawn
Color: Pink
DUPATTA
Gold Paste Printed Lawn Dupatta: 2.5 Meter
Fabric: Lawn
Color: Pink
TROUSERS
Dyed Cambric Trousers: 2.5 Meter
Fabric: Cambric
Color: ﻿Pink
Note:
Product color may slightly vary due to photographic lighting sources or your device settings.",https://nishatlinen.com/products/42401902,"image_1_875_1.jpg, image_1_875_2.jpg, image_1_875_3.jpg"
Printed Tunic - AS24-71 - XS,"Rs. 3,290.00 Rs. 1,974.00","Enhance your style with this printed tunic from the latest pret summer collection. 
Product Detail
Printed Tunic
Tunic
Band Neckline With Pearls Buttons Detail On Placket, Stylized Overlapping Cuff, Pleats Detail On Sleeves Edges, Short Tunic
Fabric: Lawn
Color: Green
Note:
Product color may vary slightly due to photographic lighting sources or monitor settings.",https://nishatlinen.com/products/as24-71,"image_1_876_1.jpg, image_1_876_2.jpg, image_1_876_3.jpg"
3 Piece - Printed Loose Fabric - 42403004 - Shirt / 3 / 3,Rs. 670.00 Rs. 436.00,"Embrace the season with our printed three-piece from the latest freedom to buy summer collection.
Product Detail:
Modern Floral Silhouettes Printed Style Shirt with Dupatta and Trousers
SHIRT
Shirt: 3 Meter (RS 730/-Mtr)
Fabric: Lawn
Color: Blue & Cream
DUPATTA
Dupatta: 2.5 Meter (RS 750/-Mtr)
Fabric: Voile
Color: Blue
Note: Fabric used in shoot for gown is dupatta fabric
TROUSERS
Trousers: 2.5 Meter (RS 650/-Mtr)
Fabric: Cambric
Color: Cream
Note:
Product color may slightly vary due to photographic lighting sources or your device settings.",https://nishatlinen.com/products/42403004,"image_1_877_1.jpg, image_1_877_2.jpg, image_1_877_3.jpg"
Printed Embroidered Shirt - PE24-289 - XS,"Rs. 4,300.00 Rs. 2,580.00","Look and feel your best by wearing this printed embroidered shirt from the latest pret summer collection.
Product Detail
Printed Embroidered Shirt
Shirt
Round Neckline With Piping & Slit, Embroidered Neckline & Sleeves
Fabric: Lawn
Color: Pink
Note:
Product color may vary slightly due to photographic lighting sources or monitor settings.",https://nishatlinen.com/collections/women/products/pe24-289,"image_1_878_1.jpg, image_1_878_2.jpg, image_1_878_3.jpg"
1 Piece - Printed Loose Fabric - 42403053 - Shirt / 3 / 3,Rs. 670.00 Rs. 436.00,"Revitalize your style with this printed one-piece from the latest freedom to buy summer collection.
Product Detail:
Cross Stitch Patterns In Printed Form Shirt
SHIRT
Shirt: 3 Meter (RS 730/-Mtr)
Fabric: Lawn
Color: Off White
Note:
Product color may slightly vary due to photographic lighting sources or your device settings.",https://nishatlinen.com/products/42403053,"image_1_879_1.jpg, image_1_879_2.jpg, image_1_879_3.jpg"
2 Piece - Embroidered Suit - PS24-39 - XS,"Rs. 7,180.00 Rs. 4,308.00","Embrace glamour & shine like a star with this embroidered two-piece suit from the latest pret summer collection.
Product Detail
Embroidered Shirt With Trousers
Shirt
V Neckline, Embroidered Front & Sleeves
Fabric: Cambric
Color: Pink
Trousers
Straight Trousers
Fabric: Cambric
Color: Pink
Note:
Product color may vary slightly due to photographic lighting sources or monitor settings.",https://nishatlinen.com/collections/women/products/ps24-39,"image_1_880_1.jpg, image_1_880_2.jpg, image_1_880_3.jpg"
3 Piece - Digital Printed Embroidered Suit - 42401970,"Rs. 9,740.00 Rs. 6,331.00","Enhance your charm at day and night outings by wearing this digital printed embroidered three-piece from the latest unstitched summer collection.
Product Detail:
Ethnic Motifs With Laces Style Shirt with Dupatta and Trousers
SHIRT
Digital Printed Chicken Kari Shirt: 3 Meter
Fabric: Chicken Kari
Color: Beige
DUPATTA
Digital Printed Voile Dupatta: 2.5 Meter
Fabric: Voile
Color: Beige
TROUSERS
Solid Cambric Trousers: 2.5 Meter
Fabric: Cambric
Color: Beige
Note:
Product color may slightly vary due to photographic lighting sources or your device settings.",https://nishatlinen.com/products/42401970,"image_1_881_1.jpg, image_1_881_2.jpg, image_1_881_3.jpg"
2 Piece - Printed Suit - 42401589,"Rs. 3,070.00 Rs. 1,995.50","Become the ultimate trendsetter with our printed two-piece from the latest unstitched summer collection.
Product Detail:
Mughal Flower Motifs In Printed Form Style Shirt with Dupatta
SHIRT
Printed Super Fine Lawn Shirt: 3 Meter
Fabric: Lawn
Color: Pink
DUPATTA
Printed Voile Dupatta: 2.5 Meter
Fabric: Voile
Color: ﻿Pink
Note:
Product color may slightly vary due to photographic lighting sources or your device settings.",https://nishatlinen.com/products/42401589,"image_1_882_1.jpg, image_1_882_2.jpg, image_1_882_3.jpg"
Embroidered Shirt - PS24-116 - XS,"Rs. 4,890.00 Rs. 2,934.00","Elevate your look with this embroidered shirt from the latest pret summer collection.
Product Detail
Embroidered Shirt
Shirt
Band Neckline With Buttons Detail On Placket, Embroidered Front & Sleeves, Straight Shirt
Fabric: Cambric
Color: Blue
Note:
Product color may vary slightly due to photographic lighting sources or monitor settings.",https://nishatlinen.com/products/ps24-116,"image_1_883_1.jpg, image_1_883_2.jpg, image_1_883_3.jpg"
Embroidered Trousers - PS24-262 - XS,"Rs. 2,560.00 Rs. 1,536.00","Make your day memorable by wearing this embroidered trousers from the latest pret summer collection.
Product Detail
Embroidered Trousers
Trousers
Loose Straight Pants With Embroidered Hem
Fabric: Cambric
Color: Off White
Note:
Product color may vary slightly due to photographic lighting sources or monitor settings.",https://nishatlinen.com/collections/women/products/ps24-262,"image_1_884_1.jpg, image_1_884_2.jpg, image_1_884_3.jpg"
3 Piece - Embroidered Suit - 42401427,"Rs. 9,740.00 Rs. 6,331.00","Get the ultimate queen look by wearing this embroidered three-piece from the latest unstitched summer collection. 
Product Detail:
Bold Florals With Textures Style Shirt with Dupatta and Trousers
SHIRT
Dyed Cambric Shirt: 3 Meter
Embroidered Front + Motifs + Border
Fabric: Cambric
Color: Blue
DUPATTA
Digital Printed Pure Chiffon Dupatta: 2.5 Meter
Fabric: Chiffon
Color: Blue
TROUSERS
Dyed Cambric Trousers: 2.5 Meter
Fabric: Cambric
Color: Blue
Note:
Product color may slightly vary due to photographic lighting sources or your device settings.",https://nishatlinen.com/collections/women/products/42401427,"image_1_885_1.jpg, image_1_885_2.jpg, image_1_885_3.jpg"
2 piece - Digital Printed Embroidered Suit - 42401741,"Rs. 5,130.00 Rs. 3,334.50","Adorn yourself by wearing this digital printed embroidered two-piece from the latest unstitched summer collection.
Product Detail:
Embellished Style Shirt with Trousers
SHIRT
Digital Printed Cambric Shirt: 3 Meter
Embroidered Neckline
Fabric: Cambric
Color: Cream
TROUSERS
Solid Cambric Trousers: 2.5 Meter
Fabric: Cambric
Color: Cream
Note:
Product color may slightly vary due to photographic lighting sources or your device settings.",https://nishatlinen.com/products/42401741,"image_1_886_1.jpg, image_1_886_2.jpg, image_1_886_3.jpg"
3 piece - Dyed Embroidered Suit - 42401332,"Rs. 12,820.00 Rs. 8,333.00","Look fabulous by wearing this dyed embroidered three-piece from the latest unstitched summer collection.
Product Detail:
Shirt with Dupatta and Trousers
SHIRT
Dyed Embroidered Swiss Lawn Center Panel
Dyed Embroidered Swiss Lawn Right + Left Panel
Dyed Embroidered Swiss Lawn Back
Embroidered Organza Sleeves Patch: 1 Meter
Fabric: Swiss Lawn
Color: White
DUPATTA
Printed Swiss Voile Dupatta
Fabric: Swiss Voile
Color: Sky Blue
TROUSERS
Dyed Cambric Trousers: 2.5 Meter
Fabric: Cambric
Color: White
Note:
Product color may slightly vary due to photographic lighting sources or your device settings.",https://nishatlinen.com/products/42401332,"image_1_887_1.jpg, image_1_887_2.jpg, image_1_887_3.jpg"
3 Piece - Printed Suit - 42401817,"Rs. 6,660.00 Rs. 4,329.00","Become the ultimate trendsetter with our printed three-piece from the latest unstitched summer collection.
Product Detail:
Abstract Floral Mix Printed Style Shirt with Dupatta and Trousers
SHIRT
Printed Super Fine Lawn Shirt: 3 Meter
Fabric: Lawn
Color: Purple
DUPATTA
Digital Printed Crinkle Chiffon Dupatta: 2.5 Meter
Fabric: Crinkle Chiffon
Color: Purple
TROUSERS
Printed Cambric Trousers: 2.5 Meter
Fabric: Cambric
Color: Purple
Note:
Product color may slightly vary due to photographic lighting sources or your device settings.",https://nishatlinen.com/products/42401817,"image_1_888_1.jpg, image_1_888_2.jpg, image_1_888_3.jpg"
1 Piece - Digital Printed Loose Fabric - 42403211 - Shirt / 3 / 3,Rs. 830.00 Rs. 540.00,"Unleash your inner enchantress with our digital printed one-piece from the latest freedom to buy summer collection.
Product Detail:
Watercolor Flowers Printed Style Shirt 
SHIRT
Shirt: 3 Meter (RS 830/-Mtr)
Fabric: Dobby Check
Color: Pink

Note:
Product color may slightly vary due to photographic lighting sources or your device settings.",https://nishatlinen.com/collections/women/products/42403211,"image_1_889_1.jpg, image_1_889_2.jpg, image_1_889_3.jpg"
2 Piece - Printed Suit - PS24-311 - XS,"Rs. 4,510.00 Rs. 2,706.00","Make your look lavish by wearing this printed two-piece suit from the latest pret summer collection.
Product Detail
Printed Shirt With Trousers
Shirt
Round Neckline With Slit, Box Pleats Detail At Front, Classic Shirt
Fabric: Cambric
Color: Navy
Trousers
Straight Trousers
Fabric: Cambric
Color: Navy
Note:
Product color may vary slightly due to photographic lighting sources or monitor settings.",https://nishatlinen.com/collections/women/products/ps24-311,"image_1_890_1.jpg, image_1_890_2.jpg, image_1_890_3.jpg"
3 Piece - Printed Loose Fabric - 42403295 - Dupatta / 2.5 / 2.5,Rs. 880.00 Rs. 572.00,"Give your best in artistic style printed three-piece from the latest freedom to buy summer collection.
Product Detail:
Modern Foliage Printed Style Shirt with Dupatta and Trousers 
SHIRT
Shirt: 3 Meter (RS 750/-Mtr)
Fabric: Lawn
Color: Teal
DUPATTA
Dupatta: 2.5 Meter (RS 780/-Mtr)
Fabric: Voile
Color: Teal
TROUSERS
Trousers: 2.5 Meter (RS 680/-Mtr)
Fabric: Cambric
Color: Teal
Note:
Product color may slightly vary due to photographic lighting sources or your device settings.",https://nishatlinen.com/collections/women/products/42403295,"image_1_891_1.jpg, image_1_891_2.jpg, image_1_891_3.jpg"
1 Piece - Paste Printed Loose Fabric - 42403090 - Trouser / 2.5 / 2.5,Rs. 670.00 Rs. 436.00,"Step up your fashion style with our paste printed one-piece from the latest freedom to buy summer collection.
Product Detail:
Mandalas Prints Style Trousers
TROUSERS
Trousers: 2.5 Meter (RS 690/-Mtr)
Fabric: Cambric
Color: ﻿White
Note:
Product color may slightly vary due to photographic lighting sources or your device settings.",https://nishatlinen.com/products/42403090,"image_1_892_1.jpg, image_1_892_2.jpg, image_1_892_3.jpg"
2 Piece - Printed Suit - PS24-310 - XS,"Rs. 5,130.00 Rs. 3,078.00","Get a timeless, sophisticated look by wearing this printed two-piece suit from the latest pret summer collection.
Product Detail
Printed Shirt With Trousers
Shirt
Band Neckline, High & Low Hem, Button Down Shirt
Fabric: Cambric
Color: Coral
Trousers
Straight Trousers
Fabric: Cambric
Color: Coral
Note:
Product color may vary slightly due to photographic lighting sources or monitor settings.",https://nishatlinen.com/products/ps24-310,"image_1_893_1.jpg, image_1_893_2.jpg, image_1_893_3.jpg"
3 Piece - Gold Printed Suit - 42401387,"Rs. 6,660.00 Rs. 4,329.00","Look effortlessly chic and on-trend with this gold printed three-piece from the latest unstitched summer collection.
Product Detail:
Mughal Printed Style Shirt with Dupatta and Trousers
SHIRT
Gold Printed Super Fine Lawn Shirt: 3 Meter
Fabric: Lawn
Color: Brown
DUPATTA
Digital Printed Maysuri Dupatta: 2.5 Meter
Fabric: Maysuri
Color: Brown
TROUSERS
Dyed Cambric Trousers: 2.5 Meter
Fabric: Cambric
Color: Brown
Note:
Product color may slightly vary due to photographic lighting sources or your device settings.",https://nishatlinen.com/products/42401387,"image_1_894_1.jpg, image_1_894_2.jpg, image_1_894_3.jpg"
3 Piece - Digital Printed Embroidered Suit - 42401785,"Rs. 8,200.00 Rs. 5,330.00","Bright up your life to remember this brilliantly digital printed embroidered three-piece from the latest unstitched summer collection.
Product Detail:
Ethnic With Textured Base Style Shirt with Dupatta and Trousers
SHIRT
Digital Printed Super Fine Lawn Shirt: 3 Meter
4 Embroidered Motifs
Fabric: Lawn
Color: Green
DUPATTA
Digital Printed Silk Dupatta: 2.5 Meter
Fabric: Silk
Color: Green
TROUSERS
Solid Cambric Trousers: 2.5 Meter
Fabric: Cambric
Color: Off White
Note:
Product color may slightly vary due to photographic lighting sources or your device settings.",https://nishatlinen.com/collections/women/products/42401785,"image_1_895_1.jpg, image_1_895_2.jpg, image_1_895_3.jpg"
2 Piece - Printed Embroidered Suit - 42401575,"Rs. 5,130.00 Rs. 3,334.50","Become the ultimate trendsetter with our printed embroidered two-piece from the latest unstitched summer collection.
Product Detail:
Embellished Embroidery Motifs Prints Style Shirt with Dupatta
SHIRT
Printed Super Fine Lawn Shirt: 3 Meter
Embroidered Border
Fabric: Lawn
Color: Dark Magenta
DUPATTA
Digital Printed Muzlin Dupatta: 2.5 Meter
Fabric: Muzlin
Color: ﻿Dark Magenta
Note:
Product color may slightly vary due to photographic lighting sources or your device settings.",https://nishatlinen.com/collections/women/products/42401575,"image_1_896_1.jpg, image_1_896_2.jpg, image_1_896_3.jpg"
3 Piece - Embroidered Suit - 42401430,"Rs. 9,740.00 Rs. 6,331.00","Look gorgeous effortlessly by wearing this embroidered three-piece from the latest unstitched summer collection.
Product Detail:
Flower Bunches With Laces Style Shirt with Dupatta and Trousers
SHIRT
Dyed Cambric Shirt: 3 Meter
Embroidered Front
Fabric: Cambric
Color: Off White
DUPATTA
Digital Printed Pure Chiffon Dupatta: 2.5 Meter
Fabric: Chiffon
Color: Off White
TROUSERS
Dyed Embroidered Cambric Trousers: 2.5 Meter
Fabric: Cambric
Color: Off White
Note:
Product color may slightly vary due to photographic lighting sources or your device settings.",https://nishatlinen.com/products/42401430,"image_1_897_1.jpg, image_1_897_2.jpg, image_1_897_3.jpg"
2 Piece - Printed Embroidered Suit - 42401625,"Rs. 5,130.00 Rs. 3,334.50","Make your day memorable with this graceful printed embroidered two-piece from the latest unstitched summer collection.
Product Detail:
Painted Florals Shirt with Dupatta
SHIRT
Printed Super Fine Lawn Shirt: 3 Meter
Embroidered Border
Fabric: Lawn
Color: White & Blue
DUPATTA
Digital Printed Crinkle Chiffon Dupatta: 2.5 Meter
Fabric: Crinkle Chiffon
Color: ﻿White & Blue
Note:
Product color may slightly vary due to photographic lighting sources or your device settings.",https://nishatlinen.com/collections/women/products/42401625,"image_1_898_1.jpg, image_1_898_2.jpg, image_1_898_3.jpg"
2 Piece - Printed Suit With Laces - 42401610,"Rs. 5,130.00 Rs. 3,334.50","Strut in style with this printed two-piece from the latest unstitched summer collection.
Product Detail:
Embellished Dori Patterns In Printed Form Shirt with Dupatta
SHIRT
Printed Super Fine Lawn Shirt: 3 Meter
1 Lace: 1.25 Meter
1 Lace: 2.5 Meter
Fabric: Lawn
Color: Black & Brown
DUPATTA
Digital Printed Banarsi Slub Dupatta: 2.5 Meter
Fabric: Banarsi Slub
Color: ﻿Black & Brown
Note:
Product color may slightly vary due to photographic lighting sources or your device settings.",https://nishatlinen.com/collections/women/products/42401610,"image_1_899_1.jpg, image_1_899_2.jpg, image_1_899_3.jpg"
3 Piece - Printed Embroidered Suit - 42402133,"Rs. 10,490.00 Rs. 8,392.00","Find your magic with this gorgeous printed embroidered three-piece from the latest unstitched summer collection.
Product Detail:
Toile Tree Vines Prints Style Shirt with Dupatta and Trousers
SHIRT
Printed Cambric Shirt: 3 Meter
Embroidered Front + Border
Fabric: Cambric
Color: Black
DUPATTA
Printed Fancy Brochia Dupatta: 2.5 Meter
Fabric: Fancy Brochia
Color: Black
TROUSERS
Solid Cambric Trousers: 2.5 Meter
Fabric: Cambric
Color: Black
Note:
Product color may slightly vary due to photographic lighting sources or your device settings.",https://nishatlinen.com/products/42402133,"image_1_900_1.jpg, image_1_900_2.jpg, image_1_900_3.jpg"
2 Piece - Printed Embroidered Suit - 42401571,"Rs. 5,130.00 Rs. 3,334.50","Get ready for garden parties by styling this printed embroidered two-piece from the latest unstitched summer collection.
Product Detail:
Floral Silhouettes Prints Style Shirt with Dupatta
SHIRT
Printed Super Fine Lawn Shirt: 3 Meter
Embroidered Motifs
Fabric: Lawn
Color: White
DUPATTA
Digital Printed Muzlin Dupatta: 2.5 Meter
Fabric: Muzlin
Color: Red
Note:
Product color may slightly vary due to photographic lighting sources or your device settings.",https://nishatlinen.com/products/42401571,"image_1_901_1.jpg, image_1_901_2.jpg, image_1_901_3.jpg"
3 Piece - Printed Suit - 42402099,"Rs. 4,990.00 Rs. 3,992.00","Bright up your day with this printed three-piece from the latest unstitched summer collection.
Product Detail:
Abstract Floral Patterns In Printed Form Shirt with Dupatta and Trousers
SHIRT
Printed Lawn Shirt: 3 Meter
Fabric: Lawn
Color: Green
DUPATTA
Printed Doriya Dupatta: 2.5 Meter
Fabric: Doriya
Color: Off White
TROUSERS
Solid Cambric Trousers: 2.5 Meter
Fabric: Cambric
Color: Green
Note:
Product color may slightly vary due to photographic lighting sources or your device settings.",https://nishatlinen.com/products/42402099,"image_1_902_1.jpg, image_1_902_2.jpg, image_1_902_3.jpg"
3 Piece - Digital Printed Loose Fabric - 42403169 - Shirt / 3 / 3,Rs. 830.00 Rs. 540.00,"Uplift your look with digital printed three-piece from the latest freedom to buy summer collection.
Product Detail:
Traditional Ethnic Printed Style Shirt with Dupatta and Trousers
SHIRT
Shirt: 3 Meter (RS 750/-Mtr)
Fabric: Lawn
Color: White
DUPATTA
Dupatta: 2.5 Meter (RS 780/-Mtr)
Fabric: Voile
Color: White
TROUSERS
Trousers: 2.5 Meter (RS 650/-Mtr)
Fabric: Cambric
Color: White
Note:
Product color may slightly vary due to photographic lighting sources or your device settings.",https://nishatlinen.com/collections/women/products/42403169,"image_1_903_1.jpg, image_1_903_2.jpg, image_1_903_3.jpg"
2 Piece - Printed Embroidered Suit - 42401949,"Rs. 5,640.00 Rs. 3,666.00","Radiate with special attention by dressing in this captivating ensemble printed embroidered two-piece from the latest unstitched summer collection.
Product Detail:
Paisleys With Tropical Leaves Prints Style Shirt and Dupatta
SHIRT
Printed Super Fine Lawn Shirt: 3 Meter
Embroidered Front + Border
Fabric: Lawn
Color: Pink & Light Grey
DUPATTA
Digital Printed Silk Dupatta: 2.5 Meter
Fabric: Silk
Color: Pink & Light Grey
Note:
Product color may slightly vary due to photographic lighting sources or your device settings.",https://nishatlinen.com/collections/women/products/42401949,"image_1_904_1.jpg, image_1_904_2.jpg, image_1_904_3.jpg"
2 Piece - Printed Embroidered Suit - 42401768,"Rs. 5,130.00 Rs. 3,334.50","Built up your look enlivened in this printed embroidered two-piece from the latest unstitched summer collection.
Product Detail:
Floral Mix Print Style Shirt with Dupatta
SHIRT
Digital Printed Super Fine Lawn Shirt: 3 Meter
Embroidered Neckline + Border
Fabric: Lawn
Color: White
DUPATTA
Digital Printed Crinkle Chiffon Dupatta: 2.5 Meter
Fabric: Crinkle Chiffon
Color: Multi
Note:
Product color may slightly vary due to photographic lighting sources or your device settings.",https://nishatlinen.com/products/42401768,"image_1_905_1.jpg, image_1_905_2.jpg, image_1_905_3.jpg"
2 Piece - Printed Suit - PE24-404 - XS,"Rs. 4,100.00 Rs. 2,460.00","Brighten your wardrobe with this printed two-piece suit from the latest pret summer collection.
Product Detail
Printed Shirt With Trousers
Shirt
Band Neckline With Placket & Pleats On Front, Round Hem Shirt
Fabric: Cambric
Color: Pink
Trousers
Printed Straight Trousers
Fabric: Cambric
Color: Pink
Note:
Product color may vary slightly due to photographic lighting sources or monitor settings.",https://nishatlinen.com/collections/women/products/pe24-404,"image_1_906_1.jpg, image_1_906_2.jpg, image_1_906_3.jpg"
Embroidered Shirt - PE24-73 - XS,"Rs. 4,300.00 Rs. 2,580.00","Step into a world of ethereal beauty with this embroidered shirt from the latest pret summer collection.
Product Detail
Embroidered Shirt
Shirt
Round Neckline With Tie-Up Dorri & Tassels Detail, Lace Detail At Sleeves Edges, Embroidered Front & Sleeves
Fabric: Cambric
Color: Lilac
Note:
Product color may vary slightly due to photographic lighting sources or monitor settings.",https://nishatlinen.com/products/pe24-73,"image_1_907_1.jpg, image_1_907_2.jpg, image_1_907_3.jpg"
3 Piece - Printed Embroidered Suit - 42402041,"Rs. 7,690.00 Rs. 4,998.50","Curate the perfect wardrobe with our printed embroidered three-piece from the latest unstitched summer collection.
Product Detail:
Tie & Dye Textures Style Shirt with Dupatta and Trousers
SHIRT
Printed Super Fine Lawn Shirt: 3 Meter
Embroidered Neckline + Border
Fabric: Lawn
Color: Maroon
DUPATTA
Digital Printed Crinkle Chiffon Dupatta: 2.5 Meter
Fabric: Crinkle Chiffon
Color: Maroon
TROUSERS
Solid Cambric Trousers: 2.5 Meter
Fabric: Cambric
Color: Maroon
Note:
Product color may slightly vary due to photographic lighting sources or your device settings.",https://nishatlinen.com/collections/women/products/42402041,"image_1_908_1.jpg, image_1_908_2.jpg, image_1_908_3.jpg"
3 Piece - Jacquard Embroidered Suit - 42402087,"Rs. 9,990.00 Rs. 6,493.50","Preserve your beautiful memories by wearing this jacquard embridered three-piece from the latest unstitched summer collection.
Product Detail:
Abstract Floral Printed Style Shirt with Dupatta and Trousers
SHIRT
Jacquard Shirt: 2.1 Meter
Embroidered Front + Neckline + Border
Fabric: Jacquard
Color: Mauve
DUPATTA
Yarn Dyed Leno Kara Dupatta: 2.5 Meter
Fabric: Yarn Dyed
Color: Pink
TROUSERS
Solid Cambric Trousers: 2.5 Meter
Fabric: Cambric
Color: Mauve
Note:
Product color may slightly vary due to photographic lighting sources or your device settings.",https://nishatlinen.com/products/42402087,"image_1_909_1.jpg, image_1_909_2.jpg, image_1_909_3.jpg"
3 Piece - Printed Suit - 42402052,"Rs. 6,490.00 Rs. 4,218.50","Brighten up your wardrobe with this printed three-piece from the latest unstitched summer collection.
Product Detail:
Textures Printed Style Shirt with Dupatta and Trousers
SHIRT
Printed Super Fine Lawn Shirt: 3 Meter
Fabric: Lawn
Color: Sky Magenta
DUPATTA
Digital Printed Crinkle Chiffon Dupatta: 2.5 Meter
Fabric: Crinkle Chiffon
Color: Sky Magenta
TROUSERS
Solid Cambric Trousers: 2.5 Meter
Fabric: Cambric
Color: Sky Magenta
Note:
Product color may slightly vary due to photographic lighting sources or your device settings.",https://nishatlinen.com/products/42402052,"image_1_910_1.jpg, image_1_910_2.jpg, image_1_910_3.jpg"
3 Piece - Printed Suit - 42402007,"Rs. 4,100.00 Rs. 2,665.00","Make a grand entry in your event with printed three-piece from the latest unstitched summer collection.
Product Detail:
Dotted Style Abstract Patterns In Printed Form Shirt with Dupatta & Trousers
SHIRT
Printed Lawn Shirt: 3 Meter
Fabric: Lawn
Color: Black
DUPATTA
Printed Voile Dupatta: 2.5 Meter
Fabric: Voile
Color: Black 
TROUSERS
Solid Cambric Trousers: 2.5 Meter
Fabric: Cambric 
Color: Black
Note:
Product color may slightly vary due to photographic lighting sources or your device settings.",https://nishatlinen.com/collections/women/products/42402007-1,"image_1_911_1.jpg, image_1_911_2.jpg, image_1_911_3.jpg"
1 Piece - Dyed Loose Fabric - 42402002-2 - Trouser / 2.5 / 2.5,Rs. 670.00 Rs. 436.00,"Strut in style with this dyed one-piece from the latest freedom to buy summer collection.
Product Detail:
Trousers
TROUSERS
Trousers: 2.5 Meter (RS 650/-Mtr)
Fabric: Cambric
Color: Sage Green
Note:
Product color may slightly vary due to photographic lighting sources or your device settings.",https://nishatlinen.com/products/42402002-2,"image_1_912_1.jpg, image_1_912_2.jpg, image_1_912_3.jpg"
1 Piece - Digital Printed Loose Fabric - 42403062 - Shirt / 3 / 3,Rs. 830.00 Rs. 540.00,"Look gorgeous effortlessly by wearing this digital printed one-piece from the latest freedom to buy summer collection.
Product Detail:
Floral Printed Style Shirt 
SHIRT
Shirt: 3 Meter (RS 1090/-Mtr)
Fabric: Lurix Stripe
Color: Off White

Note:
Product color may slightly vary due to photographic lighting sources or your device settings.",https://nishatlinen.com/products/42403062,"image_1_913_1.jpg, image_1_913_2.jpg, image_1_913_3.jpg"
2 Piece - Embroidered Loose Fabric - 42402010 - Shirt / 2 / 2,"Rs. 436.00 - Rs. 1,261.00","Strut in style with this embroidered two-piece from the latest freedom to buy summer collection.
Product Detail:
Shirt & Trousers 
Measurements: 
Shirt: 2 Meter (RS 1490/-Mtr)
Trousers + Back Plain: 3.75 Meter (RS 650/-Mtr)
Fabric: Cambric
Color: Peach
Note:
Product color may slightly vary due to photographic lighting sources or your device settings.",https://nishatlinen.com/products/42402010,"image_1_914_1.jpg, image_1_914_2.jpg, image_1_914_3.jpg"
1 Piece - Digital Printed Loose Fabric - 42403341 - Shirt / 3 / 3,Rs. 880.00 Rs. 572.00,"Make your catchy with this wonderful digital printed one-piece from the latest freedom to buy summer collection.
Product Detail:
Ikkat Textures In Printed Form Shirt 
SHIRT
Shirt: 3 Meter (RS 780/-Mtr)
Fabric: Lawn
Color: Black & Blue
Note:
Product color may slightly vary due to photographic lighting sources or your device settings.",https://nishatlinen.com/products/42403341,"image_1_915_1.jpg, image_1_915_2.jpg, image_1_915_3.jpg"
2 Piece - Dyed Embroidered Suit - 42401728,"Rs. 5,640.00 Rs. 3,666.00","Get sober look by wearing this dyed embroidered two-piece from the latest unstitched summer collection.
Product Detail:
Shirt with Trousers
SHIRT
Solid Cambric Shirt: 3 Meter
Embroidered Front + Border
Fabric: Cambric
Color: Green
TROUSERS
Solid Cambric Trousers: 2.5 Meter
Fabric: Cambric
Color: Green
Note:
Product color may slightly vary due to photographic lighting sources or your device settings.",https://nishatlinen.com/collections/women/products/42401728,"image_1_916_1.jpg, image_1_916_2.jpg, image_1_916_3.jpg"
3 Piece - Digital Printed Embroidered Suit - 42401791,"Rs. 8,200.00 Rs. 5,330.00","Delicate your look with this digital printed embroidered three-piece from the latest unstitched summer collection.
Product Detail:
Floral With Stripes Style Shirt with Dupatta and Trousers
SHIRT
Digital Printed Super Fine Lawn Shirt: 3 Meter
2 Embroidered Motifs + Border
Fabric: Lawn
Color: Black
DUPATTA
Digital Printed Silk Dupatta: 2.5 Meter
Fabric: Silk
Color: Black & White
TROUSERS
Solid Cambric Trousers: 2.5 Meter
Fabric: Cambric
Color: Black
Note:
Product color may slightly vary due to photographic lighting sources or your device settings.",https://nishatlinen.com/collections/women/products/42401791,"image_1_917_1.jpg, image_1_917_2.jpg, image_1_917_3.jpg"
3 Piece - Printed Suit - 42401214,"Rs. 7,690.00 Rs. 4,998.50","Experience the sublime beauty of nature with this printed three-piece from the latest unstitched summer collection.
Product Detail:
Decorative Printed Style Shirt with Dupatta and Trousers
SHIRT
Printed Super Fine Lawn Shirt: 3 Meter
Fabric: Lawn
Color: Blue
DUPATTA
Yarn Dyed Dupatta: 2.5 Meter
Fabric: Yarn Dyed
Color: Blue
TROUSERS
Printed Cambric Trousers: 2.5 Meter
Fabric: Cambric
Color: ﻿Blue
Note:
Product color may slightly vary due to photographic lighting sources or your device settings.",https://nishatlinen.com/collections/women/products/42401214,"image_1_918_1.jpg, image_1_918_2.jpg, image_1_918_3.jpg"
2 Piece - Dyed Embroidered Suit - 42401958,"Rs. 5,640.00 Rs. 3,666.00","Get the ultimate queen look by wearing this dyed embroidered two-piece from the latest unstitched summer collection.
Product Detail:
Style Shirt with Trousers
SHIRT
Solid Cambric Shirt: 3 Meter
Embroidered Front + Sleeves + Border
Fabric: Cambric
Color: Light Pink
TROUSERS
Solid Cambric Trousers: 2.5 Meter
Fabric: Cambric
Color: Light Pink
Note:
Product color may slightly vary due to photographic lighting sources or your device settings.",https://nishatlinen.com/collections/women/products/42401958,"image_1_919_1.jpg, image_1_919_2.jpg, image_1_919_3.jpg"
3 Piece - Digital Printed Loose Fabric - 42403111 - Dupatta / 2.5 / 2.5,Rs. 830.00 Rs. 540.00,"Brighten up your wardrobe with this digital printed three-piece from the latest freedom to buy summer collection.
Product Detail:
Roses Printed Style Shirt with Dupatta and Trousers
SHIRT
Shirt: 3 Meter (RS 750/-Mtr)
Fabric: Lawn
Color: Pink & Off White
Note: Fabric used in shoot for trousers is shirt fabric
DUPATTA
Dupatta: 2.5 Meter (RS 780/-Mtr)
Fabric: Voile
Color: Blue & Off White
Note: Fabric used in shoot for gown is dupatta fabric
TROUSERS
Trousers: 2.5 Meter (RS 650/-Mtr)
Fabric: Cambric
Color: Off White
Note:
Product color may slightly vary due to photographic lighting sources or your device settings.",https://nishatlinen.com/products/42403111,"image_1_920_1.jpg, image_1_920_2.jpg, image_1_920_3.jpg"
3 Piece - Printed Embroidered Suit - 42401565,"Rs. 8,720.00 Rs. 5,668.00","Layer your outfit radiantly for a casual yet stylish look by wearing this digital printed embroidered three-piece from the latest unstitched summer collection.
Product Detail:
Embellished Sequin Patterns Style Shirt with Dupatta and Trousers
SHIRT
Digital Printed Zari Lawn Shirt: 3 Meter
Embroidered Neckline + 4 Motifs
Fabric: Lawn
Color: Mint
DUPATTA
Digital Printed Zari Lawn Dupatta: 2.5 Meter
Fabric: Lawn
Color: Mint
TROUSERS
Dyed Cambric Trousers: 2.5 Meter
Fabric: Cambric
Color: Mint
Note:
Product color may slightly vary due to photographic lighting sources or your device settings.",https://nishatlinen.com/products/42401565,"image_1_921_1.jpg, image_1_921_2.jpg, image_1_921_3.jpg"
3 Piece - Printed Embroidered Suit - 42401825,"Rs. 9,990.00 Rs. 6,493.50","Catch versatile look by wearing this printed embroidered three-piece from the latest unstitched summer collection.
Product Detail:
Floral Bunch Dupatta With Textured Shirt and Trousers
SHIRT
Printed Super Fine Lawn Shirt: 3 Meter
Embroidered Front + Sleeves + Motifs
Fabric: Lawn
Color: Skin
DUPATTA
Embroidered Organza Dupatta: 2.5 Meter
Fabric: Organza
Color: Skin
TROUSERS
Solid Cambric Trousers: 2.5 Meter
Fabric: Cambric
Color: Skin
Note:
Product color may slightly vary due to photographic lighting sources or your device settings.",https://nishatlinen.com/collections/women/products/42401825,"image_1_922_1.jpg, image_1_922_2.jpg, image_1_922_3.jpg"
2-Piece - Basic Suit  - PS24-81 - XS,"Rs. 6,190.00 Rs. 3,714.00","Look and feel your best by wearing this basic two-piece suit from the latest pret summer collection. 
Product Detail
Basic Shirt With Trousers
Shirt
Round Neckline With Placket, Top Stitches Detail On Neckline, Sleeves & Hem, Box Pleat Detail At Front
Fabric: Cambric
Color: Green
Trousers
Loose Straight Trousers
Fabric: Cambric
Color: Green
Note:
Product color may vary slightly due to photographic lighting sources or monitor settings.",https://nishatlinen.com/collections/women/products/ps24-81,"image_1_923_1.jpg, image_1_923_2.jpg, image_1_923_3.jpg"
2 Piece - Printed Suit - PE24-380 - XS,"Rs. 5,640.00 Rs. 3,384.00","Treat yourself to a new look with this printed two-piece suit from the latest pret summer collection. 
Product Detail
Printed Shirt With Shalwar
Shirt
Band Neckline With Slit, Printed Shirt
Fabric: Lawn
Color: Purple
Shalwar
Printed Shalwar
Fabric: Cambric
Color: Purple
Note:
Product color may vary slightly due to photographic lighting sources or monitor settings.",https://nishatlinen.com/collections/women/products/pe24-380,"image_1_924_1.jpg, image_1_924_2.jpg, image_1_924_3.jpg"
3 Piece - Printed Suit - PE24-251 - XS,"Rs. 8,820.00 Rs. 5,292.00","Look and feel your best by wearing this printed three-piece suit from the latest pret summer collection.
Product Detail
Printed Shirt With Dupatta & Trousers
Shirt
Round Neckline With V Slit
Fabric: Lawn
Color: Pistachio
Dupatta
Printed Dupatta
Fabric: Voile
Color: Pistachio
Trousers
Straight Trousers
Fabric: Cambric
Color: Pistachio
Note:
Product color may vary slightly due to photographic lighting sources or monitor settings.",https://nishatlinen.com/collections/women/products/pe24-251,"image_1_925_1.jpg, image_1_925_2.jpg, image_1_925_3.jpg"
3 Piece - Printed Embroidered Suit - 42401398,"Rs. 7,180.00 Rs. 4,667.00","Step into the spotlight of elegance by wearing this printed embroidered three-piece from the latest unstitched summer collection.
Product Detail:
Ralli Motifs With Flowers Style Shirt with Dupatta and Trousers
SHIRT
Embroidered Super Fine Lawn Front: 1.15 Meter
Printed Super Fine Lawn Back & Sleeves: 1.18 Meter
Embroidered Border
Fabric: Lawn
Color: Light Pink
DUPATTA
Digital Printed Banarsi Slub Dupatta: 2.5 Meter
Fabric: Banarsi Slub
Color: Light Pink
TROUSERS
Printed Cambric Trousers: 2.5 Meter
Fabric: Cambric
Color: Light Pink
Note:
Product color may slightly vary due to photographic lighting sources or your device settings.",https://nishatlinen.com/products/42401398,"image_1_926_1.jpg, image_1_926_2.jpg, image_1_926_3.jpg"
2 Piece - Printed Suit - PS24-140 - XS,"Rs. 6,150.00 Rs. 3,690.00","Get ready to elevate your style game with this exquisite printed two-piece suit from the latest pret summer collection. 
Product Detail
Printed Shirt With Dupatta
Shirt
Round Neckline, Lace Detail at Neckline & Sleeves
Fabric: Lawn
Color: Grey
Dupatta
Printed Dupatta
Fabric: Voile
Color: Grey
Note:
Product color may vary slightly due to photographic lighting sources or monitor settings.",https://nishatlinen.com/collections/women/products/ps24-140,"image_1_927_1.jpg, image_1_927_2.jpg, image_1_927_3.jpg"
3 Piece - Printed Loose Fabric - 42403032 - Shirt / 3 / 3,"Rs. 1,120.00 Rs. 728.00","Look radiant with this printed three-piece from the latest freedom to buy summer collection.
Product Detail:
Paisleys Printed Style Shirt with Dupatta and Trousers
SHIRT
Shirt: 3 Meter (RS 730/-Mtr)
Fabric: Lawn
Color: Pale Aqua Blue
DUPATTA
Dupatta: 2.5 Meter (RS 750/-Mtr)
Fabric: Voile
Color: Pale Aqua Blue
TROUSERS
Trousers: 2.5 Meter (RS 650/-Mtr)
Fabric: Cambric
Color: Pale Aqua Blue
Note:
Product color may slightly vary due to photographic lighting sources or your device settings.",https://nishatlinen.com/products/42403032,"image_1_928_1.jpg, image_1_928_2.jpg, image_1_928_3.jpg"
3 Piece - Printed Suit - 42401486,"Rs. 6,150.00 Rs. 3,997.50","Make your day pleasingly memorable with this printed three-piece from the latest unstitched summer collection.
Product Detail:
Block Print Paisleys With Laces Style Shirt with Dupatta and Trousers
SHIRT
Printed Super Fine Lawn Shirt: 3 Meter
1 Lace: 1.25 Meter
1 Lace: 2.5 Meter
Fabric: Lawn
Color: Light Pink & White
DUPATTA
Digital Printed Crinkle Chiffon Dupatta: 2.5 Meter
Fabric: Crinkle Chiffon
Color: Light Pink & White
TROUSERS
Printed Cambric Trousers: 2.5 Meter
Fabric: Cambric
Color: Light Pink & White
Note:
Product color may slightly vary due to photographic lighting sources or your device settings.",https://nishatlinen.com/products/42401486,"image_1_929_1.jpg, image_1_929_2.jpg, image_1_929_3.jpg"
3 Piece - Printed Embroidered Suit - 42401402,"Rs. 7,180.00 Rs. 4,667.00","Experience the embodiment of ethereal beauty with this printed embroidered three-piece from the latest unstitched summer collection.
Product Detail:
Ralli Patterns Style Shirt with Dupatta and Trousers
SHIRT
Embroidered Super Fine Lawn Front: 1.15 Meter
Printed Super Fine Lawn Back & Sleeves: 1.18 Meter
Embroidered Motifs + Border
Fabric: Lawn
Color: Cream
DUPATTA
Digital Printed Banarsi Slub Dupatta: 2.5 Meter
Fabric: Banarsi Slub
Color: Orange
TROUSERS
Printed Cambric Trousers: 2.5 Meter
Fabric: Cambric
Color: Cream
Note:
Product color may slightly vary due to photographic lighting sources or your device settings.",https://nishatlinen.com/products/42401402,"image_1_930_1.jpg, image_1_930_2.jpg, image_1_930_3.jpg"
Embroidered Shirt - PE24-50 - XS,"Rs. 4,300.00 Rs. 2,580.00","Look and feel your best by wearing this embroidered shirt from the latest pret summer collection.
Product Detail
Embroidered Shirt
Shirt
Round Neckline With Piping & Slit, Embroidered Neckline
Fabric: Cambric
Color: Green
Note:
Product color may vary slightly due to photographic lighting sources or monitor settings.",https://nishatlinen.com/products/pe24-50,"image_1_931_1.jpg, image_1_931_2.jpg, image_1_931_3.jpg"
1 Piece - Gold Printed Loose Fabric - 42403363 - Dupatta / 2.5 / 2.5,Rs. 880.00 Rs. 572.00,"Look radiant in this gold printed one-piece from the latest freedom to buy summer collection.
Product Detail:
Embellished Motifs Style Dupatta
Dupatta
Dupatta: 2.5 Meter (RS 850/-Mtr)
Fabric: Voile
Color: Red
Note:
Product color may slightly vary due to photographic lighting sources or your device settings.",https://nishatlinen.com/products/42403363,"image_1_932_1.jpg, image_1_932_2.jpg, image_1_932_3.jpg"
1 Piece - Printed Loose Fabric - 42403077 - Dupatta / 2.5 / 2.5,Rs. 670.00 Rs. 436.00,"For a graceful statement adorn our printed one-piece from the latest freedom to buy summer collection.
Product Detail:
Tie & Dye Textures In Prints Style Dupatta
DUPATTA
Dupatta: 2.5 Meter (RS 750/-Mtr)
Fabric: Voile
Color: Green
Note:
Product color may slightly vary due to photographic lighting sources or your device settings.",https://nishatlinen.com/products/42403077,"image_1_933_1.jpg, image_1_933_2.jpg, image_1_933_3.jpg"
1 Piece - Digital Printed Loose Fabric - 42403209 - Shirt / 3 / 3,Rs. 830.00 Rs. 540.00,"Capture hearts and mesmerize souls with our digital printed one-piece from the latest freedom to buy summer collection.
Product Detail:
Vintage Florals Printed Style Shirt 
SHIRT
Shirt: 3 Meter (RS 830/-Mtr)
Fabric: Twill Doria
Color: Light Yellow

Note:
Product color may slightly vary due to photographic lighting sources or your device settings.",https://nishatlinen.com/products/42403209,"image_1_934_1.jpg, image_1_934_2.jpg, image_1_934_3.jpg"
Embroidered Shirt - PS24-52 - XS,"Rs. 3,590.00 Rs. 2,154.00","Elevate your everyday fits and look elegant by wearing this embroidered shirt from the latest pret summer collection.
Product Detail
Embroidered Shirt
Shirt
Round Neckline With Slit, Top Stitching Detail at Sleeves Opening, Embroidered Front, Round Hem
Fabric: Cambric
Color: Yellow
Note:
Product color may vary slightly due to photographic lighting sources or monitor settings.",https://nishatlinen.com/products/ps24-52,"image_1_935_1.jpg, image_1_935_2.jpg, image_1_935_3.jpg"
Printed Embroidered Shirt - PE24-327 - XS,"Rs. 5,130.00 Rs. 3,078.00","Embody the essence of timeless beauty with this printed embroidered shirt from the latest pret summer collection.
Product Detail
Printed Embroidered Shirt
Shirt
Round Neckline With Back Slit & Wooden Pearls, Embroidered Yoke & Gathers
Fabric: Lawn
Color: Light Grey
Note:
Product color may vary slightly due to photographic lighting sources or monitor settings.",https://nishatlinen.com/products/pe24-327,"image_1_936_1.jpg, image_1_936_2.jpg, image_1_936_3.jpg"
3 Piece - Printed Embroidered Suit - 42401358,"Rs. 8,200.00 Rs. 5,330.00","Elevate your style to an art form with this printed embroidered three-piece from the latest unstitched summer collection.
Product Detail:
Chunri Patterns With Geometric Borders Style Shirt with Dupatta and Trousers
SHIRT
Printed Cambric Shirt: 3 Meter
2 Embroidered Borders
Fabric: Cambric
Color: Black
DUPATTA
Block Printed Khadi Silk Dupatta: 2.5 Meter
Fabric: Khadi Silk
Color: Black & Green
TROUSERS
Dyed Cambric Trousers: 3 Meter
Fabric: Cambric
Color: Black
Note:
Product color may slightly vary due to photographic lighting sources or your device settings.",https://nishatlinen.com/collections/women/products/42401358,"image_1_937_1.jpg, image_1_937_2.jpg, image_1_937_3.jpg"
3 Piece - Printed Embroidered Suit - 42401559,"Rs. 8,720.00 Rs. 5,668.00","Flourish your personality more with this printed embroidered three-piece from the latest unstitched summer collection. 
Product Detail:
Tie & Dye Textures Style Shirt with Dupatta and Trousers
SHIRT
Digital Printed Zari Lawn Shirt: 3 Meter
Embroidered Neckline + Border
Fabric: Lawn
Color: Black
DUPATTA
Digital Printed Zari Lawn Dupatta: 2.5 Meter
Fabric: Lawn
Color: Black
TROUSERS
Dyed Cambric Trousers: 2.5 Meter
Fabric: Cambric
Color: Black
Note:
Product color may slightly vary due to photographic lighting sources or your device settings.",https://nishatlinen.com/products/42401559,"image_1_938_1.jpg, image_1_938_2.jpg, image_1_938_3.jpg"
Embroidered Trousers - PS24-161 - XS,"Rs. 2,770.00 Rs. 1,662.00","Enhance your attire with this embroidered trousers from the latest pret summer collection. 
Product Detail
Embroidered Trousers
Trousers
Loose Straight Trousers With Embroidered Hem
Fabric: Cambric
Color: White
Note:
Product color may vary slightly due to photographic lighting sources or monitor settings.",https://nishatlinen.com/collections/women/products/ps24-161,"image_1_939_1.jpg, image_1_939_2.jpg, image_1_939_3.jpg"
2 Piece - Embroidered Suit - PE24-38 - XL,"Rs. 6,660.00 Rs. 3,996.00","Look and feel your best by wearing this embroidered two-piece suit from the latest pret summer collection.
Product Detail
Embroidered Shirt With Dupatta
Shirt
Band Neckline With Placket, Embroidered Neckline & Sleeves
Fabric: Cambric
Color: Peach
Dupatta
Fabric: Net
Color: Peach
Note:
Product color may vary slightly due to photographic lighting sources or monitor settings.",https://nishatlinen.com/products/pe24-38,"image_1_940_1.jpg, image_1_940_2.jpg, image_1_940_3.jpg"
3 Piece - Digital Printed Loose Fabric - 42403382 - Shirt / 3 / 3,Rs. 455.00 - Rs. 533.00,"Adopt an enthralling look by wearing this digital printed three-piece from the latest freedom to buy summer collection.
Product Detail
Printed Pattern Imitated From Embroidered Style Paisleys Shirt with Dupatta and Trousers
SHIRT
Shirt: 3 Meter (RS 800/-Mtr) 
Fabric: Lawn
Color: Maroon
DUPATTA
Dupatta: 2.5 Meter (RS 820/-Mtr) 
Fabric: Voile
Color: Maroon
TROUSERS
Trousers: 2.5 Meter (RS 700/-Mtr) 
Fabric: Cambric
Color: Maroon
Note:
Product color may slightly vary due to photographic lighting sources or your device settings.",https://nishatlinen.com/products/42403382,"image_1_941_1.jpg, image_1_941_2.jpg, image_1_941_3.jpg"
3 Piece - Embroidered Suit - 42402180,"Rs. 10,490.00 Rs. 8,392.00","Upgrade your wardrobe with this embroidered three-piece from the latest unstitched summer collection.
Product Detail:
Geometric Abstract Style Shirt with Dupatta and Trousers
SHIRT
Solid Satin Shirt: 3 Meter
Embroidered Front + Border
Fabric: Satin
Color: Magenta
DUPATTA
Printed Khadi Silk Dupatta: 2.23 Meter
Fabric: Khadi Silk
Color: Magenta & Off White
TROUSERS
Solid Satin Trousers: 2.5 Meter
Fabric: Satin
Color: Magenta
Note:
Product color may slightly vary due to photographic lighting sources or your device settings.",https://nishatlinen.com/products/42402180,"image_1_942_1.jpg, image_1_942_2.jpg, image_1_942_3.jpg"
3 Piece - Basic Suit - PE24-120 - XS,"Rs. 8,200.00 Rs. 4,920.00","Radiate positivity and vibrancy in this basic three-piece suit from the latest pret summer collection. 
Product Detail
Basic Shirt With Dupatta & Trousers
Shirt
Round Neckline With Tassels Detail, Tarkashi & Pintucks Detail On Sleeves
Fabric: Cambric
Color: Blue
Dupatta
Fabric: Jacquard
Color: Blue
Trousers
Fabric: Cambric
Color: Blue
Note:
Product color may vary slightly due to photographic lighting sources or monitor settings.",https://nishatlinen.com/products/pe24-120,"image_1_943_1.jpg, image_1_943_2.jpg, image_1_943_3.jpg"
3 Piece - Printed Suit - 42401886,"Rs. 5,640.00 Rs. 3,666.00","Be yourself fabulous by wearing a printed three-piece from the latest unstitched summer collection.
Product Detail:
Mughal Prints Style Shirt with Dupatta and Trousers
SHIRT
Printed Super Fine Lawn Shirt: 3 Meter
Fabric: Lawn
Color: Beige
DUPATTA
Digital Printed Muzlin Dupatta: 2.5 Meter
Fabric: Muzlin
Color: Beige
TROUSERS
Dyed Cambric Trousers: 2.5 Meter
Fabric: Cambric
Color: Beige
Note:
Product color may slightly vary due to photographic lighting sources or your device settings.",https://nishatlinen.com/products/42401886,"image_1_944_1.jpg, image_1_944_2.jpg, image_1_944_3.jpg"
1 Piece - Digital Printed Loose Fabric - 42403178 - Shirt / 3 / 3,Rs. 750.00 Rs. 488.00,"Create a dreamy look with this digital printed one-piece from the latest freedom to buy summer collection.
Product Detail:
Watercolor Flowers Printed Style Shirt 
SHIRT
Shirt: 3 Meter (RS 750/-Mtr)
Fabric: Lawn
Color: Mint Green

Note:
Product color may slightly vary due to photographic lighting sources or your device settings.",https://nishatlinen.com/products/42403178,"image_1_945_1.jpg, image_1_945_2.jpg, image_1_945_3.jpg"
2-Piece - Printed Suit  - PS24-325 - XS,"Rs. 6,690.00 Rs. 4,014.00","Make your day magnificent by wearing this printed two-piece suit from the latest pret summer collection. 
Product Detail
Printed Shirt With Trousers
Shirt
Round Neckline With Placket, Lace Detail At Sleeves Edges, Long Shirt
Fabric: Lawn 
Color: Lilac
Trousers
Printed Trousers
Fabric: Lawn 
Color: Lilac
Note:
Product color may vary slightly due to photographic lighting sources or monitor settings.",https://nishatlinen.com/products/ps24-325,"image_1_946_1.jpg, image_1_946_2.jpg, image_1_946_3.jpg"
3 Piece - Digital Printed Loose Fabric - 42403035 - Shirt / 3 / 3,Rs. 670.00 Rs. 436.00,"Step into a world of boundless imagination with this digital printed three-piece from the latest freedom to buy summer collection.
Product Detail:
Detailed Ethnic Patterns In Printed Form Shirt with Dupatta and Trousers
SHIRT
Shirt: 3 Meter (RS 750/-Mtr)
Fabric: Lawn
Color: Maroon
DUPATTA
Dupatta: 2.5 Meter (RS 780/-Mtr)
Fabric: Voile
Color: Maroon
TROUSERS
Trousers: 2.5 Meter (RS 650/-Mtr)
Fabric: Cambric
Color: Off White
Note:
Product color may slightly vary due to photographic lighting sources or your device settings.",https://nishatlinen.com/collections/women/products/42403035,"image_1_947_1.jpg, image_1_947_2.jpg, image_1_947_3.jpg"
2 Piece - Jacquard Embroidered Suit - 42402162,"Rs. 6,990.00 Rs. 5,592.00","Elevate your daily style with this jacquard embroidered two-piece from the latest unstitched summer collection.
Product Detail:
Geometric Pattern Style Shirt with Dupatta
SHIRT
Jacquard Shirt: 3 Meter
Embroidered Motifs + Border
Fabric: Jacquard
Color: Beige
DUPATTA
Jacquard Dupatta: 2.5 Meter
Fabric: Jacquard
Color: Beige
Note:
Product color may slightly vary due to photographic lighting sources or your device settings.",https://nishatlinen.com/products/42402162,"image_1_948_1.jpg, image_1_948_2.jpg, image_1_948_3.jpg"
3 Piece - Printed Suit - 42401939,"Rs. 7,180.00 Rs. 4,667.00","For a stunningly spectacular look with our printed three-piece from the latest unstitched summer collection.
Product Detail:
Kashmiri Patterns In Printed Form Shirt with Dupatta and Trousers
SHIRT
Printed Zari Lawn Shirt: 3 Meter
Fabric: Zari Lawn
Color: Maroon
DUPATTA
Digital Printed Zari Lawn Dupatta: 2.5 Meter
Fabric: Zari Lawn
Color: Maroon
TROUSERS
Printed Cambric Trousers: 2.5 Meter
Fabric: Cambric
Color: Maroon
Note:
Product color may slightly vary due to photographic lighting sources or your device settings.",https://nishatlinen.com/products/42401939,"image_1_949_1.jpg, image_1_949_2.jpg, image_1_949_3.jpg"
3 Piece - Printed Loose Fabric - 42403243 - Dupatta / 2.5 / 2.5,Rs. 455.00 - Rs. 527.00,"Turn every moment into a cherished memory with our elegantly printed three-piece from the latest freedom to buy summer collection.
Product Detail:
Geometric Printed Style Shirt with Dupatta and Trousers
SHIRT
Shirt: 3 Meter (RS 750/-Mtr)
Fabric: Lawn
Color: Black & White
DUPATTA
Dupatta: 2.5 Meter (RS 780/-Mtr)
Fabric: Voile
Color: Multi
TROUSERS
Trousers: 2.5 Meter (RS 680/-Mtr)
Fabric: Cambric
Color: White
Note:
Product color may slightly vary due to photographic lighting sources or your device settings.",https://nishatlinen.com/products/42403243,"image_1_950_1.jpg, image_1_950_2.jpg, image_1_950_3.jpg"
2 Piece - Printed Embroidered Suit - 42401279,"Rs. 4,610.00 Rs. 2,996.50","Relish the busy working days in this printed embroidered two-piece from the latest unstitched summer collection.
Product Detail:
Floral Allover Printed Style Shirt with Trousers
SHIRT
Printed Super Fine Lawn Shirt: 3 Meter
Embroidered Motifs
Fabric: Lawn
Color: Off White
TROUSERS
Printed Cambric Trousers: 2.5 Meter
Fabric: Cambric
Color: Off White
Note:
Product color may slightly vary due to photographic lighting sources or your device settings.",https://nishatlinen.com/products/42401279,"image_1_951_1.jpg, image_1_951_2.jpg, image_1_951_3.jpg"
3 Piece - Printed Loose Fabric - 42403296 - Shirt / 3 / 3,Rs. 880.00 Rs. 572.00,"Give your best in artistic style printed three-piece from the latest freedom to buy summer collection.
Product Detail:
Leafy Silhouettes Printed Style Shirt with Dupatta and Trousers 
SHIRT
Shirt: 3 Meter (RS 750/-Mtr)
Fabric: Lawn
Color: Orange
DUPATTA
Dupatta: 2.5 Meter (RS 780/-Mtr)
Fabric: Voile
Color: Orange
TROUSERS
Trousers: 2.5 Meter (RS 680/-Mtr)
Fabric: Cambric
Color: Orange
Note:
Product color may slightly vary due to photographic lighting sources or your device settings.",https://nishatlinen.com/products/42403296,"image_1_952_1.jpg, image_1_952_2.jpg, image_1_952_3.jpg"
Basic Shirt - PS24-40 - XL,"Rs. 4,100.00 Rs. 2,460.00","Stand for unity and inclusivity with this basic shirt from the latest pret summer collection. 
Product Detail
Basic Shirt
Shirt
Band Neckline with Placket, Lace Detail on Sleeves, Round Hem
Fabric: Jacquard
Color: Aqua
Note:
Product color may vary slightly due to photographic lighting sources or monitor settings.",https://nishatlinen.com/products/ps24-40,"image_1_953_1.jpg, image_1_953_2.jpg, image_1_953_3.jpg"
Embroidered Trousers - PS24-269 - XS,"Rs. 2,250.00 Rs. 1,350.00","Look glamorous by wearing this embroidered trousers from the latest pret summer collection.
Product Detail
Embroidered Trousers
Trousers
Loose Straight Trousers With Embroidered Hem
Fabric: Cambric
Color: White
Note:
Product color may vary slightly due to photographic lighting sources or monitor settings.",https://nishatlinen.com/collections/women/products/ps24-269,"image_1_954_1.jpg, image_1_954_2.jpg, image_1_954_3.jpg"
Printed Kaftan - FE24-63 - XS,"Rs. 7,390.00 Rs. 4,434.00","Radiate confidence and charm with this printed kaftan from the latest pret summer collection.
Product Detail
Printed Kaftan
Kaftan
Round Neckline With Long Gusset Detail, Adda Work On Sides, Center & Side Panels Detail,
Fabric: Lawn
Color: Olive Green
Note:
Product color may vary slightly due to photographic lighting sources or monitor settings.",https://nishatlinen.com/collections/women/products/fe24-63,"image_1_955_1.jpg, image_1_955_2.jpg, image_1_955_3.jpg"
3 Piece - Printed Embroidered Suit - 42401361,"Rs. 8,200.00 Rs. 5,330.00","Command attention in style by wearing this printed embroidered three-piece from the latest unstitched summer collection.
Product Detail:
Geometric Style Shirt with Dupatta and Trousers
SHIRT
Printed Cambric Shirt: 3 Meter
Embroidered Neckline + Motifs + Border
Fabric: Cambric
Color: Maroon & Orange
DUPATTA
Block Printed Khadi Silk Dupatta: 2.5 Meter
Fabric: Khadi Silk
Color: Black
TROUSERS
Dyed Cambric Trousers: 3 Meter
Fabric: Cambric
Color: Orange
Note:
Product color may slightly vary due to photographic lighting sources or your device settings.",https://nishatlinen.com/products/42401361,"image_1_956_1.jpg, image_1_956_2.jpg, image_1_956_3.jpg"
2 Piece - Printed Embroidered Suit - 42401282,"Rs. 4,610.00 Rs. 2,996.50","Get ultimate glamorous look with this printed embroidered two-piece from the latest unstitched summer collection.
Product Detail:
Polka Dot Shirt Paired With Toile Patterns Prints Style Shirt with Trousers
SHIRT
Printed Super Fine Lawn Shirt: 3 Meter
Embroidered Motifs
Fabric: Lawn
Color: Gold & Off White
TROUSERS
Printed Cambric Trousers: 2.5 Meter
Fabric: Cambric
Color: Gold & Off White
Note:
Product color may slightly vary due to photographic lighting sources or your device settings.",https://nishatlinen.com/products/42401282,"image_1_957_1.jpg, image_1_957_2.jpg, image_1_957_3.jpg"
2 Piece - Basic Suit - PE24-132 - XS,"Rs. 7,690.00 Rs. 4,614.00","Flaunt your beauty with this basic two-piece suit from the latest pret summer collection.
Product Detail
Basic Shirt With Dupatta
Shirt
Round Neckline With Tie-Up Dorri & Tassels Detail, A-Line Shirt
Fabric: Yarn Dyed
Color: Sky Blue
Dupatta
Fabric: Sequence
Color: Sky Blue
Note:
Product color may vary slightly due to photographic lighting sources or monitor settings.",https://nishatlinen.com/products/pe24-132,"image_1_958_1.jpg, image_1_958_2.jpg, image_1_958_3.jpg"
3 Piece - Printed Suit - 42402100,"Rs. 4,990.00 Rs. 3,992.00","Refresh your day with printed three-piece from the latest unstitched summer collection.
Product Detail:
Paisleys Printed Style Shirt with Dupatta and Trousers
SHIRT
Printed Lawn Shirt: 3 Meter
Fabric: Lawn
Color: Black
DUPATTA
Printed Doriya Dupatta: 2.5 Meter
Fabric: Doriya
Color: Maroon
TROUSERS
Solid Cambric Trousers: 2.5 Meter
Fabric: Cambric
Color: Black
Note:
Product color may slightly vary due to photographic lighting sources or your device settings.",https://nishatlinen.com/products/42402100,"image_1_959_1.jpg, image_1_959_2.jpg, image_1_959_3.jpg"
2 Piece - Embroidered Suit - PS24-122 - XS,"Rs. 6,190.00 Rs. 3,714.00","Radiate positivity and vibrancy in this embroidered two-piece suit from the latest pret summer collection.
Product Detail
Embroidered Shirt With Trousers
Shirt
Round Neckline With V Slit, Embroidered Front & Sleeves Edges
Fabric: Cambric
Color: Yellow
Trousers
Straight Trousers
Fabric: Cambric
Color: Yellow
Note:
Product color may vary slightly due to photographic lighting sources or monitor settings.",https://nishatlinen.com/collections/women/products/ps24-122,"image_1_960_1.jpg, image_1_960_2.jpg, image_1_960_3.jpg"
2 Piece - Printed Suit With Laces - 42401605,"Rs. 5,130.00 Rs. 3,334.50","Look glamorous by wearing this printed two-piece from the latest unstitched summer collection.
Product Detail:
Floral With Laces Printed Style Shirt with Dupatta
SHIRT
Printed Super Fine Lawn Shirt: 3 Meter
1 Lace: 1.25 Meter
1 Lace: 2.5 Meter
Fabric: Lawn
Color: Pink
DUPATTA
Digital Printed Banarsi Slub Dupatta: 2.5 Meter
Fabric: Banarsi Slub
Color: ﻿Pink
Note:
Product color may slightly vary due to photographic lighting sources or your device settings.",https://nishatlinen.com/collections/women/products/42401605,"image_1_961_1.jpg, image_1_961_2.jpg, image_1_961_3.jpg"
1 Piece - Printed Loose Fabric - 42403185 - Shirt / 3 / 3,Rs. 750.00 Rs. 488.00,"Enliven your look with this printed one-piece from the latest freedom to buy summer collection.
Product Detail:
Tie & Dye Textures With Embellished Motifs Printed Style Shirt
SHIRT
Shirt: 3 Meter (RS 730/-Mtr)
Fabric: Lawn
Color: Blue

Note:
Product color may slightly vary due to photographic lighting sources or your device settings.",https://nishatlinen.com/products/42403185,"image_1_962_1.jpg, image_1_962_2.jpg, image_1_962_3.jpg"
3 Piece - Printed Loose Fabric - 42403050 - Dupatta / 2.5 / 2.5,Rs. 670.00 Rs. 436.00,"Brighten up your wardrobe with this printed three-piece from the latest freedom to buy summer collection.
Product Detail:
Block Print Style Trees Printed Style Shirt with Dupatta and Trousers
SHIRT
Shirt: 3 Meter (RS 730/-Mtr)
Fabric: Lawn
Color: Pastel Mint
DUPATTA
Dupatta: 2.5 Meter (RS 750/-Mtr)
Fabric: Voile
Color: Pastel Mint
TROUSERS
Trousers: 2.5 Meter (RS 650/-Mtr)
Fabric: Cambric
Color: ﻿Pastel Mint
Note:
Product color may slightly vary due to photographic lighting sources or your device settings.",https://nishatlinen.com/products/42403050,"image_1_963_1.jpg, image_1_963_2.jpg, image_1_963_3.jpg"
3 Piece - Digital Printed Loose Fabric - 42403325 - Shirt / 3 / 3,Rs. 880.00 Rs. 572.00,"Get a modish look with digital printed three-piece from the latest freedom to buy summer collection.
Product Detail:
Ethnic Prints Style Shirt with Dupatta and Trousers 
SHIRT
Shirt: 3 Meter (RS 780/-Mtr)
Fabric: Lawn
Color: Pink
DUPATTA
Dupatta: 2.5 Meter (RS 800/-Mtr)
Fabric: Voile
Color: Pink
TROUSERS
Trousers: 2.5 Meter (RS 680/-Mtr)
Fabric: Cambric
Color: Pink
Note:
Product color may slightly vary due to photographic lighting sources or your device settings.",https://nishatlinen.com/collections/women/products/42403325,"image_1_964_1.jpg, image_1_964_2.jpg, image_1_964_3.jpg"
3 Piece - Embroidered Suit - 42401439,"Rs. 9,740.00 Rs. 6,331.00","Become the ultimate trendsetter with this embroidered three-piece from the latest unstitched summer collection.
Product Detail:
Abstract Ink Patterns With Laces Prints Style Shirt with Dupatta and Trousers
SHIRT
Dyed Cambric Shirt: 3 Meter
Embroidered Front + Motifs + Border
Fabric: Cambric
Color: Ivory
DUPATTA
Digital Printed Pure Chiffon Dupatta: 2.5 Meter
Fabric: Chiffon
Color: Multi
TROUSERS
Dyed Cambric Trousers: 2.5 Meter
Fabric: Cambric
Color: Ivory
Note:
Product color may slightly vary due to photographic lighting sources or your device settings.",https://nishatlinen.com/collections/women/products/42401439,"image_1_965_1.jpg, image_1_965_2.jpg, image_1_965_3.jpg"
2 Piece - Embroidered Suit - PE24-103 - XS,"Rs. 6,660.00 Rs. 3,996.00","Find the perfect look for you with this embroidered two-piece suit from the latest pret summer collection.
Product Detail
Embroidered Shirt With Trousers
Shirt
Round Neckline With Slit, Side Pockets Insertion, Embroidered Paneled Shirt
Fabric: Cambric
Color: Green
Trousers
Straight Trousers
Fabric: Cambric
Color: Green
Note:
Product color may vary slightly due to photographic lighting sources or monitor settings.",https://nishatlinen.com/collections/women/products/pe24-103,"image_1_966_1.jpg, image_1_966_2.jpg, image_1_966_3.jpg"
1 Piece - Digital Printed Loose Fabric - 42403101 - Shirt / 3 / 3,"Rs. 1,120.00 Rs. 728.00","Blossom into a summer romance with the allure of our digital printed one-piece from the latest freedom to buy summer collection.
Product Detail:
Floral Mix Printed Style Shirt
SHIRT
Shirt: 3 Meter (RS 1090/-Mtr)
Fabric: Fancy Strip
Color: Peach Yellow
Note:
Product color may slightly vary due to photographic lighting sources or your device settings.",https://nishatlinen.com/collections/women/products/42403101,"image_1_967_1.jpg, image_1_967_2.jpg, image_1_967_3.jpg"
Printed Shirt- FS24-60 - XS,"Rs. 6,150.00 Rs. 3,690.00","Enhance your seasonal wardrobe grace with this sophisticated printed shirt from the latest pret summer collection.
Product Detail
Printed Long Shirt
Shirt
Round Neckline With V Slit, Front Open At Hem, Straight Cut Long Shirt 
Fabric: Lawn
Color: Pink
Note:
Product color may vary slightly due to photographic lighting sources or monitor settings.",https://nishatlinen.com/products/fs24-60,"image_1_968_1.jpg, image_1_968_2.jpg, image_1_968_3.jpg"
2-Piece - Printed Suit  - PS24-325 - XS,"Rs. 6,690.00 Rs. 4,014.00","Make your day magnificent by wearing this printed two-piece suit from the latest pret summer collection. 
Product Detail
Printed Shirt With Trousers
Shirt
Round Neckline With Placket, Lace Detail At Sleeves Edges, Long Shirt
Fabric: Lawn 
Color: Lilac
Trousers
Printed Trousers
Fabric: Lawn 
Color: Lilac
Note:
Product color may vary slightly due to photographic lighting sources or monitor settings.",https://nishatlinen.com/collections/women/products/ps24-325,"image_1_969_1.jpg, image_1_969_2.jpg, image_1_969_3.jpg"
2 Piece - Printed Suit - PS24-140 - XS,"Rs. 6,150.00 Rs. 3,690.00","Get ready to elevate your style game with this exquisite printed two-piece suit from the latest pret summer collection. 
Product Detail
Printed Shirt With Dupatta
Shirt
Round Neckline, Lace Detail at Neckline & Sleeves
Fabric: Lawn
Color: Grey
Dupatta
Printed Dupatta
Fabric: Voile
Color: Grey
Note:
Product color may vary slightly due to photographic lighting sources or monitor settings.",https://nishatlinen.com/products/ps24-140,"image_1_970_1.jpg, image_1_970_2.jpg, image_1_970_3.jpg"
3 Piece - White & Gold Paste Printed Embroidered Suit - 42401899,"Rs. 8,720.00 Rs. 5,668.00","Immerse yourself in the elegance of white & gold printed embroidered three-piece from the latest unstitched summer collection.
Product Detail:
Chunri Style Shirt with Dupatta and Trousers
SHIRT
Gold & White Paste Printed Super Fine Lawn Shirt: 3 Meter
Embroidered Motifs
Fabric: Lawn
Color: Pink
DUPATTA
Gold & White Paste Printed Lawn Dupatta: 2.5 Meter
Fabric: Lawn
Color: Pink
TROUSERS
Dyed Cambric Trousers: 2.5 Meter
Fabric: Cambric
Color: ﻿Pink
Note:
Product color may slightly vary due to photographic lighting sources or your device settings.",https://nishatlinen.com/products/42401899,"image_1_971_1.jpg, image_1_971_2.jpg, image_1_971_3.jpg"
2 Piece - Embroidered Suit - PS24-22 - XS,"Rs. 7,700.00 Rs. 4,620.00","Effortlessly elevate your style with this embroidered two-piece suit from the latest pret pre summer collection.
Product Detail
Embroidered Shirt With Trousers
Shirt
V Neckline With Front Pleat Detail
Fabric: Jacquard
Color: Blue
Trousers
Straight Trousers With Embroidered Hem
Fabric: Cambric
Color: Blue
Note:
Product color may vary slightly due to photographic lighting sources or monitor settings.",https://nishatlinen.com/collections/women/products/ps24-22,"image_1_972_1.jpg, image_1_972_2.jpg, image_1_972_3.jpg"
3 Piece - Embroidered Suit - 42401449,"Rs. 8,200.00 Rs. 5,330.00","Adorn yourself by wearing this embroidered three-piece from the latest unstitched summer collection.
Product Detail:
Modern Prints Style Shirt with Dupatta and Trousers
SHIRT
Dyed Super Fine Grid Lawn Shirt: 3 Meter
Embroidered Motifs + Border
Fabric: Grid Lawn
Color: Pink & Peach
DUPATTA
Digital Printed Grid Lawn Dupatta: 2.5 Meter
Fabric: Grid Lawn
Color: Pink & Peach
TROUSERS
Dyed Cambric Trousers: 2.5 Meter
Fabric: Cambric
Color: Peach
Note:
Product color may slightly vary due to photographic lighting sources or your device settings.",https://nishatlinen.com/products/42401449,"image_1_973_1.jpg, image_1_973_2.jpg, image_1_973_3.jpg"
2 Piece - Printed Suit - PE24-340 - XS,"Rs. 4,610.00 Rs. 2,766.00","Look and feel your best by wearing this printed two-piece suit from the latest pret summer collection.
Product Detail
Printed Shirt With Trousers
Shirt
Band Neckline With Buttons Detail On Placket, Box Pleat Detail On Front, High & Low Shirt
Fabric: Cambric
Color: Beige
Trousers
Straight Trousers
Fabric: Cambric
Color: Beige
Note:
Product color may vary slightly due to photographic lighting sources or monitor settings.",https://nishatlinen.com/collections/women/products/pe24-340,"image_1_974_1.jpg, image_1_974_2.jpg, image_1_974_3.jpg"
2 Piece - Printed Suit - PS24-252 - XS / S,"Rs. 5,640.00 Rs. 3,384.00","Unleash your inner muse with this printed two-piece suit from the latest pret summer collection.
Product Detail
Printed Shirt With Trousers
Shirt
Band Neckline With Slit, Printed Shirt
Fabric: Lawn
Color: Navy
Trousers
Loose Trousers
Fabric: Cambric
Color: Orange
Note:
Product color may vary slightly due to photographic lighting sources or monitor settings.",https://nishatlinen.com/collections/women/products/ps24-252,"image_1_975_1.jpg, image_1_975_2.jpg, image_1_975_3.jpg"
Basic Shirt - PS24-85 - XS,"Rs. 5,130.00 Rs. 3,078.00","Improve your style by buying this basic shirt from the latest pret summer collection.
Product Detail
Basic Shirt
Shirt
Round Neckline With V Slit, Lace Detail On Sleeves, Classic Shirt
Fabric: Jacquard
Color: Ivory
Note:
Product color may vary slightly due to photographic lighting sources or monitor settings.",https://nishatlinen.com/products/ps24-85,"image_1_976_1.jpg, image_1_976_2.jpg, image_1_976_3.jpg"
2 Piece - Digital Printed Embroidered Suit - 42402075,"Rs. 5,990.00 Rs. 3,893.50","Brighten up your wardrobe with this digital printed embroidered two-piece from the latest unstitched summer collection.
Product Detail:
Ikkat Style Shirt with Trousers
SHIRT
Solid Cambric Shirt: 3 Meter
Embroidered Front + Motifs
Fabric: Cambric
Color: Blue
TROUSERS
Digital Printed Cambric Trousers: 2.5 Meter
Fabric: Cambric
Color: Blue
Note:
Product color may slightly vary due to photographic lighting sources or your device settings.",https://nishatlinen.com/products/42402075,"image_1_977_1.jpg, image_1_977_2.jpg, image_1_977_3.jpg"
3 Piece - Printed Loose Fabric - 42403020 - Shirt / 3 / 3,"Rs. 1,120.00 Rs. 728.00","Elevate your style and embrace sophistication with this alluring printed three-piece from the latest freedom to buy summer collection.
Product Detail:
Abstract Flower Bunches Printed Style Shirt with Dupatta and Trousers
PRINTED SHIRT
Shirt: 3 Meter (RS 730/-Mtr)
Fabric: Lawn
Color: Lemon Yellow
Note: Fabric used in shoot for trousers is shirt fabric

PRINTED DUPATTA
Dupatta: 2.5 Meter (RS 750/-Mtr)
Fabric: Voile
Color: Lemon Yellow
Note: Fabric used in shoot for jacket is dupatta fabric

DYED TROUSERS
Trousers: 2.5 Meter (RS 650/-Mtr)
Fabric: Cambric
Color: Lemon Yellow
Note: Fabric used in shoot for shirt is trousers fabric
Note:
Product color may slightly vary due to photographic lighting sources or your device settings.",https://nishatlinen.com/collections/women/products/42403020,image_1_978_1.jpg
3 Piece - Printed Loose Fabric - 42403127 - Dupatta / 2.5 / 2.5,Rs. 750.00 Rs. 488.00,"Add a touch of magic and glamour to your wardrobe with this printed three-piece from the latest freedom to buy summer collection.
Product Detail:
Tropical Silhouettes With Solid Stripes Printed Style Shirt with Dupatta and Trousers
SHIRT
Shirt: 3 Meter (RS 730/-Mtr)
Fabric: Lawn
Color: Red
DUPATTA
Dupatta: 2.5 Meter (RS 750/-Mtr)
Fabric: Voile
Color: Red
Note: Fabric used in shoot for gown is dupatta fabric
TROUSERS
Trousers: 2.5 Meter (RS 650/-Mtr)
Fabric: Cambric
Color: Red
Note:
Product color may slightly vary due to photographic lighting sources or your device settings.",https://nishatlinen.com/products/42403127,"image_1_979_1.jpg, image_1_979_2.jpg, image_1_979_3.jpg"
3 Piece - Printed Suit - 42401880,"Rs. 5,640.00 Rs. 3,666.00","Look gorgeous effortlessly by wearing printed three-piece from the latest unstitched summer collection.
Product Detail:
Mughal Printed Style Shirt with Dupatta and Trousers
SHIRT
Printed Super Fine Lawn Shirt: 3 Meter
Fabric: Lawn
Color: Burnt Orange
DUPATTA
Digital Printed Muzlin Dupatta: 2.5 Meter
Fabric: Muzlin
Color: Burnt Orange
TROUSERS
Dyed Cambric Trousers: 2.5 Meter
Fabric: Cambric
Color: Burnt Orange
Note:
Product color may slightly vary due to photographic lighting sources or your device settings.",https://nishatlinen.com/collections/women/products/42401880,"image_1_980_1.jpg, image_1_980_2.jpg, image_1_980_3.jpg"
2 Piece - Printed Embroidered Suit - PE24-407 - XS,"Rs. 8,200.00 Rs. 4,920.00","Radiate positivity and vibrancy in this printed embroidered two-piece suit from the latest pret summer collection.
Product Detail
Printed Embroidered Shirt With Dupatta
Shirt
Round Neckline With Adda Work Detail On Piping, Straight Shirt
Fabric: Lawn
Color: Brown
Dupatta
Printed Dupatta
Fabric: Voile
Color: Brown
Note:
Product color may vary slightly due to photographic lighting sources or monitor settings.",https://nishatlinen.com/collections/women/products/pe24-407,"image_1_981_1.jpg, image_1_981_2.jpg, image_1_981_3.jpg"
3 Piece - Embroidered Suit - 42402182,"Rs. 10,490.00 Rs. 8,392.00","For a fashionable statement adorn this embroidered three-piece from the latest unstitched summer collection.
Product Detail:
Batik Style Shirt with Dupatta and Trousers
SHIRT
Solid Satin Shirt: 3 Meter
Embroidered Front + Border
Fabric: Satin
Color: Off White
DUPATTA
Printed Khadi Silk Dupatta: 2.23 Meter
Fabric: Khadi Silk
Color: Teal Red
TROUSERS
Solid Satin Trousers: 2.5 Meter
Fabric: Satin
Color: Off White
Note:
Product color may slightly vary due to photographic lighting sources or your device settings.",https://nishatlinen.com/products/42402182,"image_1_982_1.jpg, image_1_982_2.jpg, image_1_982_3.jpg"
3 Piece - Embroidered Suit - 42401078,"Rs. 9,230.00 Rs. 5,999.50","Add some more substance to your personality by wearing this embroidered three-piece from the latest unstitched summer collection.
Product Detail:
Paisleys Prints Style Shirt with Dupatta and Trousers
SHIRT
Dyed Cambric Shirt: 3 Meter
Embroidered Front + Border
Fabric: Cambric
Color: Beige
DUPATTA
Digital Printed Soft Net Dupatta: 2.5 Meter
Fabric: Net
Color: Beige & Skin
TROUSERS
Dyed Cambric Trousers: 2.5 Meter
Fabric: Cambric
Color: ﻿Beige
Note:
Product color may slightly vary due to photographic lighting sources or your device settings.",https://nishatlinen.com/products/42401078,"image_1_983_1.jpg, image_1_983_2.jpg, image_1_983_3.jpg"
2 Piece - Printed Embroidered Suit - 42401570,"Rs. 5,130.00 Rs. 3,334.50","Be special in this unique printed embroidered two-piece from the latest unstitched summer collection.
Product Detail:
Bold Floral Silhouettes Prints Style Shirt with Dupatta
SHIRT
Printed Super Fine Lawn Shirt: 3 Meter
Embroidered Motifs + Border
Fabric: Lawn
Color: Pink & Orange
DUPATTA
Digital Printed Muzlin Dupatta: 2.5 Meter
Fabric: Muzlin
Color: ﻿Pink & Orange
Note:
Product color may slightly vary due to photographic lighting sources or your device settings.",https://nishatlinen.com/collections/women/products/42401570,"image_1_984_1.jpg, image_1_984_2.jpg, image_1_984_3.jpg"
3 Piece - Printed Suit - 42401424,"Rs. 5,130.00 Rs. 3,334.50","Give yourself a versatile styling mileage with this printed three-piece from the latest unstitched summer collection.
Product Detail:
Modern Style Shirt with Dupatta and Trousers
SHIRT
Digital Printed Super Fine Lawn Shirt: 3 Meter
Fabric: Lawn
Color: Light Pink
DUPATTA
Digital Printed Silk Dupatta: 2.5 Meter
Fabric: Silk
Color: Light Pink
TROUSERS
Dyed Cambric Trousers: 2.5 Meter
Fabric: Cambric
Color: Light Pink
Note:
Product color may slightly vary due to photographic lighting sources or your device settings.",https://nishatlinen.com/collections/women/products/42401424,"image_1_985_1.jpg, image_1_985_2.jpg, image_1_985_3.jpg"
3 Piece - Printed Loose Fabric - 42403155 - Dupatta / 2.5 / 2.5,Rs. 830.00 Rs. 540.00,"Embrace the allure of timeless elegance with this printed three-piece from the latest freedom to buy summer collection.
Product Detail:
Abstract Line Motifs With Vector Florals Printed Style Shirt with Dupatta and Trousers
SHIRT
Shirt: 3 Meter (RS 730/-Mtr)
Fabric: Lawn
Color:Black & Red
DUPATTA
Dupatta: 2.5 Meter (RS 750/-Mtr)
Fabric: Voile
Color: Black & Red
TROUSERS
Trousers: 2.5 Meter (RS 650/-Mtr)
Fabric: Cambric
Color: Black
Note:
Product color may slightly vary due to photographic lighting sources or your device settings.",https://nishatlinen.com/products/42403155,"image_1_986_1.jpg, image_1_986_2.jpg, image_1_986_3.jpg"
Printed Shirt - PS24-137 - XS,"Rs. 4,100.00 Rs. 2,460.00","Make a lasting impression with this printed shirt from the latest pret summer collection.
Product Detail
Printed Shirt
Shirt
Round Neckline With Slit & Adda Details at Piping, Lace Details at Sleeves
Fabric: Lawn
Color: Light Blue
Note:
Product color may vary slightly due to photographic lighting sources or monitor settings.",https://nishatlinen.com/collections/women/products/ps24-137,"image_1_987_1.jpg, image_1_987_2.jpg, image_1_987_3.jpg"
2 Piece - Printed Suit - PE24-400 - XS,"Rs. 4,570.00 Rs. 2,742.00","Get most iconic look by wearing this printed two-piece suit from the latest pret summer collection.
Product Detail
Printed Shirt With Trousers
Shirt
Round Neckline With Overlapped Placket, Flared Shirt
Fabric: Cambric
Color: Blue
Trousers
Straight Fitted Trousers
Fabric: Cambric
Color: Blue
Note:
Product color may vary slightly due to photographic lighting sources or monitor settings.",https://nishatlinen.com/products/pe24-400,"image_1_988_1.jpg, image_1_988_2.jpg, image_1_988_3.jpg"
3 Piece - Embroidered Suit - 42401438,"Rs. 9,740.00 Rs. 6,331.00","Experience the freedom to express your unique style with this versatile embroidered three-piece from the latest unstitched summer collection.
Product Detail:
Modern Style Floral Arrangements In Shape Of Circles Prints Style Shirt with Dupatta and Trousers
SHIRT
Dyed Cambric Shirt: 3 Meter
Embroidered Front + Border
Fabric: Cambric
Color: Green & White
DUPATTA
Digital Printed Pure Chiffon Dupatta: 2.5 Meter
Fabric: Chiffon
Color: Green & White
TROUSERS
Dyed Cambric Trousers: 2.5 Meter
Fabric: Cambric
Color: White
Note:
Product color may slightly vary due to photographic lighting sources or your device settings.",https://nishatlinen.com/collections/women/products/42401438,"image_1_989_1.jpg, image_1_989_2.jpg, image_1_989_3.jpg"
1 Piece - Digital Printed Loose Fabric - 42403056 - Shirt / 3 / 3,"Rs. 1,120.00 Rs. 728.00","Create a mesmerizing look by wearing this digital printed one-piece from the latest freedom to buy summer collection.
Product Detail:
Block Printed Style Shirt
SHIRT
Shirt: 3 Meter (RS 1090/-Mtr)
Fabric: Fancy Strip
Color: Burgundy
Note:
Product color may slightly vary due to photographic lighting sources or your device settings.",https://nishatlinen.com/products/42403056,"image_1_990_1.jpg, image_1_990_2.jpg, image_1_990_3.jpg"
2 Piece - Printed Suit - 42402150,"Rs. 3,290.00 Rs. 2,632.00","Look elegant with this printed two-piece from the latest unstitched summer collection.
Product Detail:
Floral Bunches With Polkas Printed Style Shirt with Trousers
SHIRT
Digital Printed Cambric Shirt: 3 Meter
Fabric: Cambric
Color: Greenish Yellow
TROUSERS
Digital Printed Cambric Trousers: 2.5 Meter
Fabric: Cambric
Color: Greenish Yellow
Note:
Product color may slightly vary due to photographic lighting sources or your device settings.",https://nishatlinen.com/products/42402150,"image_1_991_1.jpg, image_1_991_2.jpg, image_1_991_3.jpg"
3 Piece - Printed Embroidered Suit - 42402069,"Rs. 8,690.00 Rs. 5,648.50","Make your day magnificent by wearing this printed embroidered three-piece from the latest unstitched summer collection.
Product Detail:
Embellished Style Shirt with Dupatta and Trousers
SHIRT
Printed Super Fine Lawn Shirt: 3 Meter
Embroidered Neckline + Border
Fabric: Lawn
Color: Green
DUPATTA
Digital Printed Fancy Jacquard Dupatta: 2.5 Meter
Fabric: Jacquard
Color: Green
TROUSERS
Solid Cambric Trousers: 2.5 Meter
Fabric: Cambric
Color: Green
Note:
Product color may slightly vary due to photographic lighting sources or your device settings.",https://nishatlinen.com/collections/women/products/42402069,"image_1_992_1.jpg, image_1_992_2.jpg, image_1_992_3.jpg"
2 Piece - Printed Suit - 42401727,"Rs. 3,070.00 Rs. 1,995.50","Exude grace with this printed two-piece from the latest unstitched summer collection.
Product Detail:
Dori Motifs In Printed From Shirt with Dupatta
SHIRT
Printed Super Fine Lawn Shirt: 3 Meter
Fabric: Lawn
Color: Beige
DUPATTA
Printed Voile Dupatta: 2.5 Meter
Fabric: Voile
Color: Beige & Black
Note:
Product color may slightly vary due to photographic lighting sources or your device settings.",https://nishatlinen.com/collections/women/products/42401727,"image_1_993_1.jpg, image_1_993_2.jpg, image_1_993_3.jpg"
1 Piece - Digital Printed Loose Fabric - 42403099 - Shirt / 3 / 3,Rs. 830.00 Rs. 540.00,"Achieve a tasteful appearance with this digital printed one-piece from the latest freedom to buy summer collection.
Product Detail:
Embroidery Style Floral Bunch Prints Style Shirt
SHIRT
Shirt: 3 Meter (RS 1090/-Mtr)
Fabric: Lurix Stripe
Color: Aqua

Note:
Product color may slightly vary due to photographic lighting sources or your device settings.",https://nishatlinen.com/products/42403099,"image_1_994_1.jpg, image_1_994_2.jpg, image_1_994_3.jpg"
3 Piece - Gold Printed Embroidered Suit - 42401861,"Rs. 7,690.00 Rs. 4,998.50","Refresh your wardrobe with this gold printed embroidered three-piece from the latest unstitched summer collection.
Product Detail:
Chunri Print Style Shirt with Dupatta and Trousers
SHIRT
Gold Paste Printed Super Fine Lawn Shirt: 3 Meter
Embroidered Neckline + Border
Fabric: Lawn
Color: Black
DUPATTA
Gold Paste Printed Voile Dupatta: 2.5 Meter
Fabric: Voile
Color: Black
TROUSERS
Solid Cambric Trousers: 2.5 Meter
Fabric: Cambric
Color: Black
Note:
Product color may slightly vary due to photographic lighting sources or your device settings.",https://nishatlinen.com/collections/women/products/42401861,"image_1_995_1.jpg, image_1_995_2.jpg, image_1_995_3.jpg"
3 Piece - Printed Loose Fabric - 42403048 - Shirt / 3 / 3,"Rs. 1,120.00 Rs. 728.00","Brighten up your wardrobe with this printed three-piece from the latest freedom to buy summer collection.
Product Detail:
Paisleys Printed Style Shirt with Dupatta and Trousers
SHIRT
Shirt: 3 Meter (RS 730/-Mtr)
Fabric: Lawn
Color: Dull Pink
DUPATTA
Dupatta: 2.5 Meter (RS 750/-Mtr)
Fabric: Voile
Color: Dull Pink
TROUSERS
Trousers: 2.5 Meter (RS 650/-Mtr)
Fabric: Cambric
Color: ﻿Dull Pink
Note:
Product color may slightly vary due to photographic lighting sources or your device settings.",https://nishatlinen.com/products/42403048,"image_1_996_1.jpg, image_1_996_2.jpg, image_1_996_3.jpg"
1 Piece - Digital Printed Loose Fabric - 42403339 - Shirt / 3 / 3,Rs. 880.00 Rs. 572.00,"Make your catchy with this wonderful one-piece from the latest freedom to buy summer collection.
Product Detail:
Floral Printed Style Shirt 
SHIRT
Shirt: 3 Meter (RS 780/-Mtr)
Fabric: Lawn
Color: Pink
Note:
Product color may slightly vary due to photographic lighting sources or your device settings.",https://nishatlinen.com/products/42403339,"image_1_997_1.jpg, image_1_997_2.jpg, image_1_997_3.jpg"
3 Piece - Digital Printed Embroidered Suit - 42401967,"Rs. 9,740.00 Rs. 6,331.00","Look gorgeous effortlessly by wearing this digital printed embroidered three-piece from the latest unstitched summer collection.
Product Detail:
Floral With Laces Style Shirt with Dupatta and Trousers
SHIRT
Digital Printed Chicken Kari Shirt: 3 Meter
Fabric: Chicken Kari
Color: White & Blue
DUPATTA
Digital Printed Voile Dupatta: 2.5 Meter
Fabric: Voile
Color: White & Blue
TROUSERS
Solid Cambric Trousers: 2.5 Meter
Fabric: Cambric
Color: White
Note:
Product color may slightly vary due to photographic lighting sources or your device settings.",https://nishatlinen.com/collections/women/products/42401967,"image_1_998_1.jpg, image_1_998_2.jpg, image_1_998_3.jpg"
3 Piece - White & Silver Paste Printed Embroidered Suit - 42401908,"Rs. 8,720.00 Rs. 5,668.00","Make your day pleasingly memorable with this digital printed embroidered three-piece from the latest unstitched summer collection.
Product Detail:
Ethnic Style Shirt with Dupatta and Trousers
SHIRT
White & Silver Paste Printed Super Fine Lawn Shirt: 3 Meter
Embroidered Neckline + Motifs
Fabric: Lawn
Color: Carrot
DUPATTA
White & Silver Paste Printed Voile Dupatta: 2.5 Meter
Fabric: Voile
Color: Carrot
TROUSERS
Dyed Cambric Trousers: 2.5 Meter
Fabric: Cambric
Color: Coral
Note:
Product color may slightly vary due to photographic lighting sources or your device settings.",https://nishatlinen.com/collections/women/products/42401908,"image_1_999_1.jpg, image_1_999_2.jpg, image_1_999_3.jpg"
2-Piece - Printed Embroidered Suit  - PS24-343 - XS,"Rs. 8,290.00 Rs. 4,974.00","Create a statement-making festive look with this printed embroidered two-piece suit from the latest pret summer collection. 
Product Detail
Printed Embroidered Shirt With Dupatta
Shirt
Round Neckline With Slit & Piping, Embroidered Neckline & Sleeves Edges
Fabric: Lawn
Color: Pink
Dupatta
Tassels Detail At Corners
Fabric: Net
Color: Pink
Note:
Product color may vary slightly due to photographic lighting sources or monitor settings.",https://nishatlinen.com/collections/women/products/ps24-343,"image_1_1000_1.jpg, image_1_1000_2.jpg, image_1_1000_3.jpg"
3 Piece - Printed Embroidered Suit - 42401381,"Rs. 8,200.00 Rs. 5,330.00","Celebrate the artistry of femininity with this printed embroidered three-piece from the latest unstitched summer collection.
Product Detail:
Floral Dupatta With Geometric Shirt Style with Dupatta and Trousers
SHIRT
Printed Super Fine Lawn Shirt: 3 Meter
3 Embroidered Motifs + Border
Fabric: Lawn
Color: Skin Gold
Note: Shirt hem lace is not part of this product.
DUPATTA
Digital Printed Glitter Net Dupatta: 2.5 Meter
Fabric: Glitter Net
Color: Skin Gold
TROUSERS
Dyed Cambric Trousers: 2.5 Meter
Fabric: Cambric
Color: Skin Gold
Note:
Product color may slightly vary due to photographic lighting sources or your device settings.",https://nishatlinen.com/collections/women/products/42401381,"image_2_1_1.jpg, image_2_1_2.jpg, image_2_1_3.jpg"
2 Piece - Embroidered Suit - PS24-28 - XS / S,"Rs. 5,840.00 Rs. 3,504.00","Show off your beauty in relaxed style with this embroidered two-piece suit from the latest pret summer collection.
Product Detail
Embroidered Shirt With Trousers
Shirt
V Neckline with Wider Band, Lace and Top Stitch Detail on Sleeves, Embroidered Front
Fabric: Cambric
Color: Light Green
Trousers
Loose Straight Trousers
Fabric: Cambric
Color: Light Green
Note:
Product color may vary slightly due to photographic lighting sources or monitor settings.",https://nishatlinen.com/collections/women/products/ps24-28,"image_2_2_1.jpg, image_2_2_2.jpg, image_2_2_3.jpg"
2 Piece - Printed Suit - PE24-402 - XS / S,"Rs. 4,570.00 Rs. 2,742.00","Look perfect in this aesthetically appealing printed two-piece suit from the latest pret summer collection.
Product Detail
Printed Shirt With Trousers
Shirt
Wide Collar Neckline With Pearls Detail on Slit, Printed Shirt
Fabric: Cambric
Color: Green
Trousers
Printed Straight Trousers
Fabric: Cambric
Color: Green
Note:
Product color may vary slightly due to photographic lighting sources or monitor settings.",https://nishatlinen.com/products/pe24-402,"image_2_3_1.jpg, image_2_3_2.jpg, image_2_3_3.jpg"
Embroidered Trousers - PE24-258 - XS,"Rs. 2,560.00 Rs. 1,536.00","Upgrade your wardrobe with this embroidered trousers from the latest pret summer collection.
Product Detail
Embroidered Trousers
Trousers
Loose Straight Trousers With Embroidered Hem
Fabric: Cambric
Color: White
Note:
Product color may vary slightly due to photographic lighting sources or monitor settings.",https://nishatlinen.com/products/pe24-258,"image_2_4_1.jpg, image_2_4_2.jpg, image_2_4_3.jpg"
3 Piece - Embroidered Suit - 42402002,"Rs. 9,740.00 Rs. 6,331.00","Command attention with your magnetic charm while wearing this embroidered three-piece from the latest unstitched summer collection.
Product Detail:
Floral Style Shirt with Dupatta and Trousers
SHIRT
Solid Swiss Lawn Shirt: 3 Meter
Embroidered Front + Motifs
Fabric: Swiss Lawn
Color: Deep Pink
DUPATTA
Embroidered Swiss Voile Dupatta: 2.5 Meter
Fabric: Swiss Voile
Color: Deep Pink
TROUSERS
Solid Cambric Trousers: 2.5 Meter
Fabric: Cambric
Color: Deep Pink
Note:
Product color may slightly vary due to photographic lighting sources or your device settings.",https://nishatlinen.com/collections/women/products/42402002-1,"image_2_5_1.jpg, image_2_5_2.jpg, image_2_5_3.jpg"
3 Piece - Jacquard Embroidered Suit - 42402086,"Rs. 9,990.00 Rs. 6,493.50","Preserve your beautifull memories by wearing this jacquard embroidered three-piece from the latest unstitched summer collection.
Product Detail:
Chunri Printed Style Shirt with Dupatta and Trousers
SHIRT
Fancy Jacquard Shirt: 2.1 Meter
Embroidered Front + Motifs 
Fabric: Jacquard 
Color: Bluish Grey
DUPATTA
Yarn Dyed Dupatta: 2.5 Meter
Fabric: Yarn Dyed
Color: Teal
TROUSERS
Solid Cambric Trousers: 1.7 Meter
Fabric: Cambric
Color: Bluish Grey
Note:
Product color may slightly vary due to photographic lighting sources or your device settings.",https://nishatlinen.com/products/42402086,"image_2_6_1.jpg, image_2_6_2.jpg, image_2_6_3.jpg"
3 Piece - Printed Loose Fabric - 42403039 - Shirt / 3 / 3,"Rs. 1,120.00 Rs. 728.00","Revamp your wardrobe with this printed three-piece from the latest freedom to buy summer collection.
Product Detail:
Ethnic Mughal Collage Printed Style Shirt with Dupatta and Trousers
SHIRT
Shirt: 3 Meter (RS 730/-Mtr)
Fabric: Lawn
Color: Green
DUPATTA
Dupatta: 2.5 Meter (RS 750/-Mtr)
Fabric: Voile
Color: Green
Note: Fabric used in shoot for gown is dupatta fabric
TROUSERS
Trousers: 2.5 Meter (RS 690/-Mtr)
Fabric: Cambric
Color: ﻿Green
Note:
Product color may slightly vary due to photographic lighting sources or your device settings.",https://nishatlinen.com/products/42403039,"image_2_7_1.jpg, image_2_7_2.jpg, image_2_7_3.jpg"
Printed Dress - AS24-69 - XS,"Rs. 4,620.00 Rs. 2,772.00","Get a semi-formal look with this amazing and breathtaking printed dress from the latest pret summer collection.
Product Detail
Printed Dress
Dress
Round Neckline With Tie Up Dorri & Tassels Detail, Gathered Sleeves, Long Dress
Fabric: Viscose Lawn
Color: Multi
Note:
Product color may vary slightly due to photographic lighting sources or monitor settings.",https://nishatlinen.com/collections/women/products/as24-69,"image_2_8_1.jpg, image_2_8_2.jpg, image_2_8_3.jpg"
3 Piece - Printed Embroidered Suit - 42405005,"Rs. 8,200.00 Rs. 5,330.00","Dress yourself in the most easy and classic glamour this summer with our printed embroidered three-piece from the latest summer collection.
Product Detail:
Shirt with Dupatta and Trousers
SHIRT
Dyed Cambric Shirt: 3.2 Meter
Embroidered Front + Sleeves
Fabric: Cambric
Color: Sage
DUPATTA
Digital Printed Voile Dupatta: 2.6 Meter
Fabric: Voile
Color: Sage
TROUSERS
Dyed Cambric Trousers: 2.5 Meter
Fabric: Cambric
Color: ﻿Sage
Note:
Product color may slightly vary due to photographic lighting sources or your device settings.",https://nishatlinen.com/products/42405005,"image_2_9_1.jpg, image_2_9_2.jpg, image_2_9_3.jpg"
Embroidered Trousers - PS24-152 - XS,"Rs. 2,770.00 Rs. 1,662.00","Elevate your fashion game with this embroidered trousers from the latest pret summer collection.
Product Detail
Embroidered Trousers
Trousers
Loose Straight Trousers With Embroidered Hem
Fabric: Cambric
Color: Off White
Note:
Product color may vary slightly due to photographic lighting sources or monitor settings.",https://nishatlinen.com/collections/women/products/ps24-152,"image_2_10_1.jpg, image_2_10_2.jpg, image_2_10_3.jpg"
3 Piece - Printed Loose Fabric - 42403247 - Shirt / 3 / 3,Rs. 455.00 - Rs. 527.00,"Turn every moment into a cherished memory with our elegantly printed three-piece from the latest freedom to buy summer collection.
Product Detail:
Animal Printed Style Shirt with Dupatta and Trousers
SHIRT
Shirt: 3 Meter (RS 750/-Mtr)
Fabric: Lawn
Color: Black & Gold
DUPATTA
Dupatta: 2.5 Meter (RS 780/-Mtr)
Fabric: Voile
Color: Black & Gold
TROUSERS
Trousers: 2.5 Meter (RS 680/-Mtr)
Fabric: Cambric
Color: Gold
Note:
Product color may slightly vary due to photographic lighting sources or your device settings.",https://nishatlinen.com/products/42403247,"image_2_11_1.jpg, image_2_11_2.jpg, image_2_11_3.jpg"
2 Piece - Printed Suit - 42401631,"Rs. 3,590.00 Rs. 2,333.50","Make your day memorable with this graceful printed two-piece from the latest unstitched summer collection.
Product Detail:
Embroidery Style Borders With Ikkat Textures In Printed From Shirt with Dupatta
SHIRT
Printed Super Fine Lawn Shirt: 3 Meter
Fabric: Lawn
Color: Orange
DUPATTA
Digital Printed Crinkle Chiffon Dupatta: 2.5 Meter
Fabric: Crinkle Chiffon
Color: ﻿Orange
Note:
Product color may slightly vary due to photographic lighting sources or your device settings.",https://nishatlinen.com/products/42401631,"image_2_12_1.jpg, image_2_12_2.jpg, image_2_12_3.jpg"
3 Piece - Digital Printed Loose Fabric - 42403326 - Shirt / 3 / 3,Rs. 880.00 Rs. 572.00,"Get the latest beauty of fashion by wearing digital printed three-piece from the latest freedom to buy summer collection.
Product Detail:
Textures With Embellished Details Style Shirt with Dupatta and Trousers 
SHIRT
Shirt: 3 Meter (RS 780/-Mtr)
Fabric: Lawn
Color: Purple
DUPATTA
Dupatta: 2.5 Meter (RS 800/-Mtr)
Fabric: Voile
Color: Purple
TROUSERS
Trousers: 2.5 Meter (RS 680/-Mtr)
Fabric: Cambric
Color: Purple
Note:
Product color may slightly vary due to photographic lighting sources or your device settings.",https://nishatlinen.com/collections/women/products/42403326,"image_2_13_1.jpg, image_2_13_2.jpg, image_2_13_3.jpg"
Printed Embroidered Shirt - PE24-274 - XL,"Rs. 4,300.00 Rs. 2,580.00","Elevate your style to new heights with this printed embroidered shirt from the latest pret summer collection.
Product Detail
Printed Embroidered Shirt
Shirt
Round Neckline, Embroidered Front
Fabric: Lawn
Color: Grey
Note:
Product color may vary slightly due to photographic lighting sources or monitor settings.",https://nishatlinen.com/collections/women/products/pe24-274,"image_2_14_1.jpg, image_2_14_2.jpg, image_2_14_3.jpg"
3 Piece - Embroidered Suit - 42401997,"Rs. 9,740.00 Rs. 6,331.00","Radiate with striking attractiveness by adorning yourself with this elegant embroidered three-piece from the latest unstitched summer collection.
Product Detail:
Floral Style Shirt with Dupatta and Trousers
SHIRT
Solid Lawn Shirt: 3 Meter
Embroidered Front + 4 Motifs
Fabric: Lawn
Color: Brown
DUPATTA
Embroidered Swiss Voile Dupatta: 2.5 Meter
Fabric: Swiss Voile
Color: Brown
TROUSERS
Solid Cambric Trousers: 2.5 Meter
Fabric: Cambric
Color: Brown
Note:
Product color may slightly vary due to photographic lighting sources or your device settings.",https://nishatlinen.com/collections/women/products/42401997,"image_2_15_1.jpg, image_2_15_2.jpg, image_2_15_3.jpg"
3 Piece - Printed Loose Fabric - 42403245 - Dupatta / 2.5 / 2.5,Rs. 455.00 - Rs. 527.00,"Turn every moment into a cherished memory with our elegantly printed three-piece from the latest freedom to buy summer collection.
Product Detail:
Vector Leafy Motifs In Printed Form Shirt with Dupatta and Trousers
SHIRT
Shirt: 3 Meter (RS 750/-Mtr)
Fabric: Lawn
Color: Blue
DUPATTA
Dupatta: 2.5 Meter (RS 780/-Mtr)
Fabric: Voile
Color: Beige
TROUSERS
Trousers: 2.5 Meter (RS 680/-Mtr)
Fabric: Cambric
Color: Blue
Note:
Product color may slightly vary due to photographic lighting sources or your device settings.",https://nishatlinen.com/products/42403245,"image_2_16_1.jpg, image_2_16_2.jpg, image_2_16_3.jpg"
2 Piece - Printed Suit - PE24-354 - XS,"Rs. 4,570.00 Rs. 2,742.00","Radiate positivity and vibrancy in this printed two-piece suit from the latest pret summer collection.
Product Detail
Printed Shirt With Trousers
Shirt
Band Neckline With Placket & Slit
Fabric: Cambric
Color: Beige
Trousers
Printed Loose Straight Trousers
Fabric: Cambric
Color: Beige
Note:
Product color may vary slightly due to photographic lighting sources or monitor settings.",https://nishatlinen.com/collections/women/products/pe24-354,"image_2_17_1.jpg, image_2_17_2.jpg, image_2_17_3.jpg"
3 Piece - Embroidered Suit - 42401427,"Rs. 9,740.00 Rs. 6,331.00","Get the ultimate queen look by wearing this embroidered three-piece from the latest unstitched summer collection. 
Product Detail:
Bold Florals With Textures Style Shirt with Dupatta and Trousers
SHIRT
Dyed Cambric Shirt: 3 Meter
Embroidered Front + Motifs + Border
Fabric: Cambric
Color: Blue
DUPATTA
Digital Printed Pure Chiffon Dupatta: 2.5 Meter
Fabric: Chiffon
Color: Blue
TROUSERS
Dyed Cambric Trousers: 2.5 Meter
Fabric: Cambric
Color: Blue
Note:
Product color may slightly vary due to photographic lighting sources or your device settings.",https://nishatlinen.com/products/42401427,"image_2_18_1.jpg, image_2_18_2.jpg, image_2_18_3.jpg"
3 Piece - Printed Embroidered Suit - 42401823,"Rs. 9,990.00 Rs. 6,493.50","Catch versatile look by wearing this printed embroidered three-piece from the latest unstitched summer collection.
Product Detail:
Floral Style Shirt with Dupatta and Trousers
SHIRT
Printed Super Fine Lawn Shirt: 3 Meter
Embroidered Front + Motifs
Fabric: Lawn
Color: Grey
DUPATTA
Embroidered Organza Dupatta: 2.5 Meter
Fabric: Organza
Color: Grey
TROUSERS
Solid Cambric Trousers: 2.5 Meter
Fabric: Cambric
Color: Grey
Note:
Product color may slightly vary due to photographic lighting sources or your device settings.",https://nishatlinen.com/collections/women/products/42401823,"image_2_19_1.jpg, image_2_19_2.jpg, image_2_19_3.jpg"
3 Piece - Printed Loose Fabric - 42403252 - Dupatta / 2.5 / 2.5,Rs. 455.00 - Rs. 527.00,"Uncover the timeless elegance of our printed three-piece from the latest freedom to buy summer collection.
Product Detail:
Brush Stroke Patterns & Minimal Floral Stems Printed Style Shirt with Dupatta and Trousers
SHIRT
Shirt: 3 Meter (RS 750/-Mtr)
Fabric: Lawn
Color: White
DUPATTA
Dupatta: 2.5 Meter (RS 780/-Mtr)
Fabric: Voile
Color: White & Aqua
TROUSERS
Trousers: 2.5 Meter (RS 680/-Mtr)
Fabric: Cambric
Color: ﻿White
Note:
Product color may slightly vary due to photographic lighting sources or your device settings.",https://nishatlinen.com/collections/women/products/42403252,"image_2_20_1.jpg, image_2_20_2.jpg, image_2_20_3.jpg"
3 Piece - Printed Loose Fabric - 42403305 - Shirt / 3 / 3,Rs. 880.00 Rs. 572.00,"Get an essential graceful look in this printed three-piece from the latest freedom to buy summer collection.
Product Detail:
Schiffli Patterns In Printed Form Shirt with Dupatta and Trousers 
SHIRT
Shirt: 3 Meter (RS 750/-Mtr)
Fabric: Lawn
Color: Dull Green
DUPATTA
Dupatta: 2.5 Meter (RS 780/-Mtr)
Fabric: Voile
Color: Dull Green
TROUSERS
Trousers: 2.5 Meter (RS 680/-Mtr)
Fabric: Cambric
Color: Dull Green
Note:
Product color may slightly vary due to photographic lighting sources or your device settings.",https://nishatlinen.com/collections/women/products/42403305,"image_2_21_1.jpg, image_2_21_2.jpg, image_2_21_3.jpg"
2 Piece - Printed Suit - 42401773,"Rs. 4,610.00 Rs. 2,996.50","Catch a versatile look by wearing this printed two-piece from the latest unstitched summer collection.
Product Detail:
Scenic Print Style Shirt with Dupatta
SHIRT
Printed Super Fine Lawn Shirt: 3 Meter
Fabric: Lawn
Color: Grey
DUPATTA
Digital Printed Crinkle Chiffon Dupatta: 2.5 Meter
Fabric: Crinkle Chiffon
Color: Multi
Note:
Product color may slightly vary due to photographic lighting sources or your device settings.",https://nishatlinen.com/products/42401773,"image_2_22_1.jpg, image_2_22_2.jpg, image_2_22_3.jpg"
2 Piece - Embroidered Suit - PE24-93 - XS,"Rs. 7,690.00 Rs. 4,614.00","Level up your casual look by wearing this embroidered two-piece suit from the latest pret summer collection. 
Product Detail
Embroidered Shirt With Dupatta
Shirt
Band Neckline With Placket, Embroidered Neckline & Sleeves
Fabric: Cambric
Color: Black
Dupatta
Fabric: Yarn Dyed Jacquard
Color: Black
Note:
Product color may vary slightly due to photographic lighting sources or monitor settings.",https://nishatlinen.com/collections/women/products/pe24-93,"image_2_23_1.jpg, image_2_23_2.jpg, image_2_23_3.jpg"
2 Piece - Printed Suit - 42402153,"Rs. 3,290.00 Rs. 2,632.00","Elevate your daily style with this printed two-piece from the latest unstitched summer collection.
Product Detail:
Florals & Chevrons With Embellished Borders in Prints Style Shirt with Trousers
SHIRT
Digital Printed Cambric Shirt: 3 Meter
Fabric: Cambric
Color: Brown
TROUSERS
Digital Printed Cambric Trousers: 2.5 Meter
Fabric: Cambric
Color: Multi
Note:
Product color may slightly vary due to photographic lighting sources or your device settings.",https://nishatlinen.com/products/42402153,"image_2_24_1.jpg, image_2_24_2.jpg, image_2_24_3.jpg"
2 Piece - Printed Suit - 42401582,"Rs. 3,590.00 Rs. 2,333.50","Upgrade your evening outdoor look with our printed two-piece from the latest unstitched summer collection.
Product Detail:
Laces With Watercolor Flowers Printed Style Shirt with Dupatta
SHIRT
Printed Super Fine Lawn Shirt: 3 Meter
Fabric: Lawn
Color: Greenish Yellow
DUPATTA
Digital Printed Muzlin Dupatta: 2.5 Meter
Fabric: Muzlin
Color: ﻿Greenish Yellow
Note:
Product color may slightly vary due to photographic lighting sources or your device settings.",https://nishatlinen.com/collections/women/products/42401582,"image_2_25_1.jpg, image_2_25_2.jpg, image_2_25_3.jpg"
3 Piece - Embroidered Suit - 42401794,"Rs. 10,770.00 Rs. 7,000.50","Get a visible presentation by wearing this embroidered three-piece from the latest unstitched summer collection.
Product Detail:
Banarsi Style Shirt with Dupatta and Trousers
SHIRT
Solid Satin Shirt: 3 Meter
Embroidered Front + Neckline + Sleeves + Border
Fabric: Satin
Color: Dull Teapink
DUPATTA
Fancy Banarsi Dupatta: 2.5 Meter
Fabric: Banarsi
Color: Dull Teapink
TROUSERS
Solid Satin Trousers: 2.5 Meter
Fabric: Satin
Color: Dull Teapink
Note:
Product color may slightly vary due to photographic lighting sources or your device settings.",https://nishatlinen.com/collections/women/products/42401794,"image_2_26_1.jpg, image_2_26_2.jpg, image_2_26_3.jpg"
2 Piece - Embroidered Suit - PE24-109 - XL,"Rs. 6,660.00 Rs. 3,996.00","Radiate positivity and vibrancy in this embroidered two-piece suit from the latest pret summer collection. 
Product Detail
Embroidered Shirt With Trousers
Shirt
Band Neckline With Slit, Front Open Shirt, Embroidered Front & Sleeves
Fabric: Cambric
Color: Grey
Trousers
Straight Trousers
Fabric: Cambric
Color: Grey
Note:
Product color may vary slightly due to photographic lighting sources or monitor settings.",https://nishatlinen.com/collections/women/products/pe24-109,"image_2_27_1.jpg, image_2_27_2.jpg, image_2_27_3.jpg"
3 Piece - Printed Embroidered Suit - 42405028,"Rs. 9,230.00 Rs. 5,999.50","Make a marvelous appearance with this printed embroidered three-piece from the latest summer collection.
Product Detail:
Shirt with Dupatta and Trousers
SHIRT
Printed Super Fine Lawn Shirt: 3.2 Meter
Embroidered Neckline + Border
Fabric: Lawn
Color: Red
DUPATTA
Digital Printed Silk Dupatta: 2.6 Meter
Fabric: Silk
Color: Red
TROUSERS
Printed Cambric Trousers: 2.5 Meter
Fabric: Cambric
Color: ﻿Red
Note:
Product color may slightly vary due to photographic lighting sources or your device settings.",https://nishatlinen.com/products/42405028,"image_2_28_1.jpg, image_2_28_2.jpg, image_2_28_3.jpg"
Embroidered Shirt - PE24-18 - XL,"Rs. 5,650.00 Rs. 3,390.00","Look and feel your best by wearing this embroidered shirt from the latest pret summer collection.
Product Detail
Embroidered Shirt
Shirt
Round Neckline With Slit & Piping, Pockets At Both Sides, Embroidered Neckline & Sleeves, Panel Shirt
Fabric: Cambric
Color: Orange
Note:
Product color may vary slightly due to photographic lighting sources or monitor settings.",https://nishatlinen.com/collections/women/products/pe24-18,"image_2_29_1.jpg, image_2_29_2.jpg, image_2_29_3.jpg"
2 Piece - Jacquard Embroidered Suit - 42401751,"Rs. 7,180.00 Rs. 4,667.00","Be prepared to look dreamy with jacquard embroidered two-piece from the latest unstitched summer collection.
Product Detail:
Shirt with Trousers
SHIRT
Jacquard Shirt: 3 Meter
Embroidered Neckline + Border
Fabric: Jacquard
Color: Black
TROUSERS
Solid Cambric Trousers: 2.5 Meter
Fabric: Cambric
Color: Black
Note:
Product color may slightly vary due to photographic lighting sources or your device settings.",https://nishatlinen.com/products/42401751,"image_2_30_1.jpg, image_2_30_2.jpg, image_2_30_3.jpg"
2 Piece - Embroidered Suit - PE24-135 - XS,"Rs. 7,180.00 Rs. 4,308.00","Radiate positivity and vibrancy in this embroidered two-piece suit from the latest pret summer collection.
Product Detail
Embroidered Shirt With Dupatta
Shirt
Round Neckline, Embroidered Neckline & Sleeves
Fabric: Cambric
Color: Green
Dupatta
Fabric: Net
Color: Green
Note:
Product color may vary slightly due to photographic lighting sources or monitor settings.",https://nishatlinen.com/products/pe24-135,"image_2_31_1.jpg, image_2_31_2.jpg, image_2_31_3.jpg"
Embroidered Tunic - PS24-101 - XS,"Rs. 4,300.00 Rs. 2,580.00","Upgrade your style by wearing this embroidered tunic from the latest pret summer collection.
Product Detail
Embroidered Tunic
Tunic
Round Neckline With V Slit, Embroidered Neckline & Sleeves, A-Line Tunic
Fabric: Cambric
Color: Blue
Note:
Product color may vary slightly due to photographic lighting sources or monitor settings.",https://nishatlinen.com/products/ps24-101,"image_2_32_1.jpg, image_2_32_2.jpg, image_2_32_3.jpg"
2 Piece - Printed Suit - 42401775,"Rs. 4,610.00 Rs. 2,996.50","Glorify yourself with this amazing printed two-piece from the latest unstitched summer collection.
Product Detail:
Decorative Borders With Mughal Floral Vines Printed Style Shirt with Dupatta
SHIRT
Printed Super Fine Lawn Shirt: 3 Meter
Fabric: Lawn
Color: Pink
DUPATTA
Digital Printed Crinkle Chiffon Dupatta: 2.5 Meter
Fabric: Crinkle Chiffon
Color: Pink
Note:
Product color may slightly vary due to photographic lighting sources or your device settings.",https://nishatlinen.com/collections/women/products/42401775,"image_2_33_1.jpg, image_2_33_2.jpg, image_2_33_3.jpg"
3 Piece - Printed Loose Fabric - 42403104 - Shirt / 3 / 3,Rs. 830.00 Rs. 540.00,"Refresh your wardrobe with this stunning printed three-piece from the latest freedom to buy summer collection.
Product Detail:
Modern Florals Printed Style Shirt with Dupatta and Trousers
SHIRT
Shirt: 3 Meter (RS 730/-Mtr)
Fabric: Lawn
Color:
DUPATTA
Dupatta: 2.5 Meter (RS 750/-Mtr)
Fabric: Voile
Color:
TROUSERS
Trousers: 2.5 Meter (RS 650/-Mtr)
Fabric: Cambric
Color:
Note:
Product color may slightly vary due to photographic lighting sources or your device settings.",https://nishatlinen.com/products/42403104,"image_2_34_1.jpg, image_2_34_2.jpg, image_2_34_3.jpg"
Embroidered Shirt - PS24-98 - XL,"Rs. 4,100.00 Rs. 2,460.00","Create a decorous look with this embroidered shirt from the latest pret summer collection. 
Product Detail
Embroidered Shirt
Shirt
Round Neckline With V Slit, Embroidered Front & Cuffed Sleeves, Straight Shirt
Fabric: Cambric
Color: Ice Blue
Note:
Product color may vary slightly due to photographic lighting sources or monitor settings.",https://nishatlinen.com/collections/women/products/ps24-98,"image_2_35_1.jpg, image_2_35_2.jpg, image_2_35_3.jpg"
3 Piece - Printed Suit - 42402021,"Rs. 5,130.00 Rs. 3,334.50","Get a bold yet joyful look by wearing this printed three-piece from the latest unstitched summer collection.
Product Detail:
Modern Style Floral Printed Style Shirt with Dupatta and Trousers
SHIRT
Printed Super Fine Lawn Shirt: 3 Meter
Fabric: Lawn
Color: Peach
DUPATTA
Digital Printed Crinkle Chiffon Dupatta: 2.5 Meter
Fabric: Crinkle Chiffon
Color: Peach
TROUSERS
Solid Cambric Trousers: 2.5 Meter
Fabric: Cambric
Color: Peach
Note:
Product color may slightly vary due to photographic lighting sources or your device settings.",https://nishatlinen.com/products/42402021,"image_2_36_1.jpg, image_2_36_2.jpg, image_2_36_3.jpg"
3 Piece - Printed Loose Fabric - 42403153 - Shirt / 3 / 3,Rs. 750.00 Rs. 488.00,"Dive into a world of captivating aesthetics with this printed three-piece from the latest freedom to buy summer collection.
Product Detail:
Ethnic Patterns Printed Style Shirt with Dupatta and Trousers
SHIRT
Shirt: 3 Meter (RS 730/-Mtr)
Fabric: Lawn
Color: Reddish Brown
DUPATTA
Dupatta: 2.5 Meter (RS 750/-Mtr)
Fabric: Voile
Color: Reddish Brown
TROUSERS
Trousers: 2.5 Meter (RS 650/-Mtr)
Fabric: Cambric
Color: Reddish Brown
Note:
Product color may slightly vary due to photographic lighting sources or your device settings.",https://nishatlinen.com/products/42403153,"image_2_37_1.jpg, image_2_37_2.jpg, image_2_37_3.jpg"
3 Piece - Printed Embroidered Suit - 42402035,"Rs. 7,690.00 Rs. 4,998.50","Uplift your style with our printed embroidered three-piece from the latest unstitched summer collection.
Product Detail:
Abstract Floral Motif Arrangement Prints Style Shirt with Dupatta and Trousers
SHIRT
Printed Super Fine Lawn Shirt: 3 Meter
Embroidered Neckline + Border
Fabric: Lawn
Color: White & Blue
DUPATTA
Digital Printed Crinkle Chiffon Dupatta: 2.5 Meter
Fabric: Crinkle Chiffon
Color: White & Blue
TROUSERS
Solid Cambric Trousers: 2.5 Meter
Fabric: Cambric
Color: White
Note:
Product color may slightly vary due to photographic lighting sources or your device settings.",https://nishatlinen.com/products/42402035,"image_2_38_1.jpg, image_2_38_2.jpg, image_2_38_3.jpg"
2 Piece - Printed Suit - PE24-353 - XS,"Rs. 4,570.00 Rs. 2,742.00","Expand your wardrobe with this printed two-piece suit from the latest pret summer collection.
Product Detail
Printed Shirt With Trousers
Shirt
Round Neckline With Placket, Box Pleat At Front
Fabric: Cambric
Color: Yellow
Trousers
Printed Straight Trousers
Fabric: Cambric
Color: Yellow
Note:
Product color may vary slightly due to photographic lighting sources or monitor settings.",https://nishatlinen.com/collections/women/products/pe24-353,"image_2_39_1.jpg, image_2_39_2.jpg, image_2_39_3.jpg"
2 Piece - Printed Suit - PE24-354 - XS,"Rs. 4,570.00 Rs. 2,742.00","Radiate positivity and vibrancy in this printed two-piece suit from the latest pret summer collection.
Product Detail
Printed Shirt With Trousers
Shirt
Band Neckline With Placket & Slit
Fabric: Cambric
Color: Beige
Trousers
Printed Loose Straight Trousers
Fabric: Cambric
Color: Beige
Note:
Product color may vary slightly due to photographic lighting sources or monitor settings.",https://nishatlinen.com/products/pe24-354,"image_2_40_1.jpg, image_2_40_2.jpg, image_2_40_3.jpg"
3 Piece - Printed Embroidered Suit - 42401647,"Rs. 9,740.00 Rs. 6,331.00","For a stunningly spectacular look with our printed embroidered three-piece from the latest unstitched summer collection.
Product Detail:
Kashmiri Prints Style Shirt with Dupatta and Trousers
SHIRT
Solid Cambric Shirt: 3 Meter
Embroidered Front + Motifs
Fabric: Cambric
Color: Light Pink & Purple
DUPATTA
Digital Printed Brochia Dupatta: 2.5 Meter
Fabric: Brochia
Color: Light Pink & Purple
TROUSERS
Printed Cambric Trousers: 2.5 Meter
Fabric: Cambric
Color: Light Pink & Purple
Note:
Product color may slightly vary due to photographic lighting sources or your device settings.",https://nishatlinen.com/collections/women/products/42401647,"image_2_41_1.jpg, image_2_41_2.jpg, image_2_41_3.jpg"
3 Piece - Printed Loose Fabric - 42403364 - Dupatta / 2.5 / 2.5,Rs. 455.00 - Rs. 533.00,"Look gorgeous effortlessly by wearing this printed three-piece from the latest freedom to buy summer collection.
Product Detail
Ikkat Textures Printed Style Shirt with Dupatta and Trousers 
SHIRT
Shirt: 3 Meter (RS 780/-Mtr) 
Fabric: Lawn
Color: Blue
DUPATTA
Dupatta: 2.5 Meter (RS 800/-Mtr) 
Fabric: Voile
Color: Blue
TROUSERS
Trousers: 2.5 Meter (RS 700/-Mtr) 
Fabric: Cambric
Color: Blue
Note:
Product color may slightly vary due to photographic lighting sources or your device settings.",https://nishatlinen.com/collections/women/products/42403364,"image_2_42_1.jpg, image_2_42_2.jpg, image_2_42_3.jpg"
3 Piece - Printed Suit - 42401850,"Rs. 6,150.00 Rs. 3,997.50","Get a versatile look with our printed three-piece from the latest unstitched summer collection.
Product Detail:
Block Print Paisleys Shirt with Dupatta and Trousers
SHIRT
Printed Lawn Shirt: 3 Meter
Fabric: Lawn
Color: Beige & Black
DUPATTA
Digital Printed Zari Lawn Dupatta: 2.5 Meter
Fabric: Zari Lawn
Color: Beige & Black
TROUSERS
Dyed Cambric Trousers: 2.5 Meter
Fabric: Cambric
Color: Beige
Note:
Product color may slightly vary due to photographic lighting sources or your device settings.",https://nishatlinen.com/products/42401850,"image_2_43_1.jpg, image_2_43_2.jpg, image_2_43_3.jpg"
2 Piece - Printed Embroidered Suit - 42401944,"Rs. 5,640.00 Rs. 3,666.00","Get the ultimate queen look by wearing this printed embroidered two-piece from the latest unstitched summer collection.
Product Detail:
Chunri Prints Style Shirt with Dupatta
SHIRT
Printed Super Fine Lawn  Shirt: 3 Meter
Embroidered Front + Border
Fabric: Lawn
Color: Red
DUPATTA
Digital Printed Silk Dupatta: 2.5 Meter
Fabric: Silk
Color: Red 
Note:
Product color may slightly vary due to photographic lighting sources or your device settings.",https://nishatlinen.com/collections/women/products/42401944,"image_2_44_1.jpg, image_2_44_2.jpg, image_2_44_3.jpg"
3 Piece - Digital Printed Loose Fabric - 42403323 - Shirt / 3 / 3,Rs. 880.00 Rs. 572.00,"Get the latest beauty of fashion by wearing digital printed three-piece from the latest freedom to buy summer collection.
Product Detail:
Florals With Textures In Prints Style Shirt with Dupatta and Trousers 
SHIRT
Shirt: 3 Meter (RS 780/-Mtr)
Fabric: Lawn
Color: White
DUPATTA
Dupatta: 2.5 Meter (RS 800/-Mtr)
Fabric: Voile
Color: White & Blue
TROUSERS
Trousers: 2.5 Meter (RS 680/-Mtr)
Fabric: Cambric
Color: White
Note:
Product color may slightly vary due to photographic lighting sources or your device settings.",https://nishatlinen.com/products/42403323,"image_2_45_1.jpg, image_2_45_2.jpg, image_2_45_3.jpg"
Basic Shirt - PS24-08 - XS,"Rs. 5,130.00 Rs. 3,078.00","Unleash your inner artist with this basic shirt from the latest pret pre summer collection.
Product Detail
Basic Shirt
Shirt
Band Neckline With Placket, Buttons Detail At Placket, Sleeves & Front Panel, Lace Insertion At Sleeves & Back Yoke, Round Hem
Fabric: Jacquard
Color: Apricot
Note:
Product color may vary slightly due to photographic lighting sources or monitor settings.",https://nishatlinen.com/collections/women/products/ps24-08,"image_2_46_1.jpg, image_2_46_2.jpg, image_2_46_3.jpg"
3 Piece - Printed Suit - PS24-256 - XS,"Rs. 8,200.00 Rs. 4,920.00","Unlock the secret language of style with this printed three-piece suit from the latest pret summer collection.
Product Detail
Printed Shirt With Dupatta & Trousers
Shirt
V Neckline, Yoke Detail, Mix & Match Printed Shirt
Fabric: Lawn
Color: Blue
Dupatta
Printed Dupatta
Fabric: Voile
Color: Blue
Trousers
Printed Trousers
Fabric: Cambric
Color: Blue
Note:
Product color may vary slightly due to photographic lighting sources or monitor settings.",https://nishatlinen.com/products/ps24-256,"image_2_47_1.jpg, image_2_47_2.jpg, image_2_47_3.jpg"
1 Piece - Dyed Loose Fabric - 42402019-1 - Shirt / 3 / 3,Rs. 750.00 Rs. 488.00,"Look gorgeous effortlessly by wearing this dyed one-piece from the latest freedom to buy summer collection.
Product Detail:
Shirt 
SHIRT
Shirt: 3 Meter (RS 650/-Mtr)
Fabric: Cambric
Color: Teal

Note:
Product color may slightly vary due to photographic lighting sources or your device settings.",https://nishatlinen.com/collections/women/products/42402019-1,image_2_48_1.jpg
1 Piece - Digital Printed Loose Fabric - 42403219 - Shirt / 3 / 3,Rs. 750.00 Rs. 488.00,"Make special occasions even more magical with this digital printed one-piece from the latest freedom to buy summer collection.
Product Detail:
Ethnic Motifs Printed Style Shirt 
SHIRT
Shirt: 3 Meter (RS 800/-Mtr)
Fabric: Dobby Lawn
Color: Lilac

Note:
Product color may slightly vary due to photographic lighting sources or your device settings.",https://nishatlinen.com/products/42403219,image_2_49_1.jpg
3 Piece - Embroidered Suit - 42401653,"Rs. 9,740.00 Rs. 6,331.00","Make a grand entry in your event with an embroidered three-piece from the latest unstitched summer collection.
Product Detail:
Ethnic Style Shirt with Dupatta and Trousers
SHIRT
Dyed Cambric Shirt: 3 Meter
Embroidered Front + Border
Fabric: Cambric
Color: Purple
DUPATTA
Digital Printed Organza Chiffon Dupatta: 2.5 Meter
Fabric: Organza Chiffon
Color: Purple
TROUSERS
Dyed Cambric Trousers: 2.5 Meter
Fabric: Cambric
Color: ﻿Purple
Note:
Product color may slightly vary due to photographic lighting sources or your device settings.",https://nishatlinen.com/products/42401653,"image_2_50_1.jpg, image_2_50_2.jpg, image_2_50_3.jpg"
Basic Trousers - PE24-389 - XS,"Rs. 2,050.00 Rs. 1,230.00","Make your look lavish by wearing this basic trousers from the latest pret summer collection.
Product Detail
Basic Trousers
Trousers
Loose Straight Trousers With Lace & Pleats Detail On Hem
Fabric: Cambric
Color: White
Note:
Product color may vary slightly due to photographic lighting sources or monitor settings.",https://nishatlinen.com/products/pe24-389,"image_2_51_1.jpg, image_2_51_2.jpg, image_2_51_3.jpg"
3 Piece - Printed Suit - 42401817,"Rs. 6,660.00 Rs. 4,329.00","Become the ultimate trendsetter with our printed three-piece from the latest unstitched summer collection.
Product Detail:
Abstract Floral Mix Printed Style Shirt with Dupatta and Trousers
SHIRT
Printed Super Fine Lawn Shirt: 3 Meter
Fabric: Lawn
Color: Purple
DUPATTA
Digital Printed Crinkle Chiffon Dupatta: 2.5 Meter
Fabric: Crinkle Chiffon
Color: Purple
TROUSERS
Printed Cambric Trousers: 2.5 Meter
Fabric: Cambric
Color: Purple
Note:
Product color may slightly vary due to photographic lighting sources or your device settings.",https://nishatlinen.com/collections/women/products/42401817,"image_2_52_1.jpg, image_2_52_2.jpg, image_2_52_3.jpg"
3 Piece - Printed Loose Fabric - 42403263 - Shirt / 3 / 3,Rs. 455.00 - Rs. 527.00,"Effortlessly capture attention with the printed three-piece from the latest freedom to buy summer collection.
Product Detail:
Floral Printed Style Shirt with Dupatta and Trousers
SHIRT
Shirt: 3 Meter (RS 750/-Mtr)
Fabric: Lawn
Color: Pink
DUPATTA
Dupatta: 2.5 Meter (RS 780/-Mtr)
Fabric: Voile
Color: Pink
TROUSERS
Trousers: 2.5 Meter (RS 680/-Mtr)
Fabric: Cambric
Color: ﻿Pink
Note:
Product color may slightly vary due to photographic lighting sources or your device settings.",https://nishatlinen.com/products/42403263,"image_2_53_1.jpg, image_2_53_2.jpg, image_2_53_3.jpg"
1 Piece - Paste Printed Loose Fabric - 42403095 - Trouser / 2.5 / 2.5,"Rs. 1,120.00 Rs. 728.00","Look gorgeous effortlessly by wearing this paste printed one-piece from the latest freedom to buy summer collection.
Product Detail:
Geometric Patterns In Stitch Style Trousers
TROUSERS
Trousers: 2.5 Meter (RS 690/-Mtr)
Fabric: Cambric
Color: White
Note:
Product color may slightly vary due to photographic lighting sources or your device settings.",https://nishatlinen.com/collections/women/products/42403095,"image_2_54_1.jpg, image_2_54_2.jpg, image_2_54_3.jpg"
2 Piece - Fancy Embroidered Suit - 42401289,"Rs. 6,150.00 Rs. 3,997.50","Adorn yourself by wearing this fancy embroidered two-piece from the latest unstitched summer collection.
Product Detail:
Shirt with Dupatta 
SHIRT
Embroidered Super Fine Lawn Front: 1.15 Meter
Dyed Super Fine Lawn Back & Sleeves: 1.85 Meter
Embroidered Sleeves
Fabric: Lawn
Color: Sea Green
DUPATTA
Sequin Dupatta: 2.5 Meter
Fabric: Sequin
Color: Sea Green
Note:
Product color may slightly vary due to photographic lighting sources or your device settings.",https://nishatlinen.com/collections/women/products/42401289,"image_2_55_1.jpg, image_2_55_2.jpg, image_2_55_3.jpg"
Embroidered Shirt - PE24-152 - XS,"Rs. 3,790.00 Rs. 2,274.00","Celebrate your uniqueness with this embroidered shirt from the latest pret summer collection.
Product Detail
Embroidered Shirt
Shirt
V Neckline, Straight Sleeves, Embroidered Neckline, Sleeves & Central Panels, Straight Shirt
Fabric: Cambric
Color: Skin
Note:
Product color may vary slightly due to photographic lighting sources or monitor settings.",https://nishatlinen.com/collections/women/products/pe24-152,"image_2_56_1.jpg, image_2_56_2.jpg, image_2_56_3.jpg"
3 Piece - Jacquard Embroidered Suit - 42402085,"Rs. 9,990.00 Rs. 6,493.50","Make your catchy with this wonderful jacquard embroidered three-piece from the latest unstitched summer collection.
Product Detail:
Floral Printed Style Shirt with Dupatta and Trousers
SHIRT
Fancy Jacquard Shirt: 2.1 Meter
Embroidered Front + Motifs + Border
Fabric: Jacquard 
Color: Yellow
DUPATTA
Yarn Dyed Dupatta: 2.5 Meter
Fabric: Yarn Dyed
Color: Off White
TROUSERS
Solid Cambric Trousers: 1.7 Meter
Fabric: Cambric
Color: Yellow
Note:
Product color may slightly vary due to photographic lighting sources or your device settings.",https://nishatlinen.com/collections/women/products/42402085,"image_2_57_1.jpg, image_2_57_2.jpg, image_2_57_3.jpg"
2 Piece - Printed Embroidered Suit - 42401945,"Rs. 5,640.00 Rs. 3,666.00","Attract special attention by wearing this printed embroidered two-piece from the latest unstitched summer collection.
Product Detail:
Embroidered Style Floral Bunches Shirt with Dupatta
SHIRT
Printed Super Fine Lawn  Shirt: 3 Meter
Embroidered Front + Border
Fabric: Lawn
Color: Black
DUPATTA
Digital Printed Silk Dupatta: 2.5 Meter
Fabric: Silk
Color: Black & Magenta
Note:
Product color may slightly vary due to photographic lighting sources or your device settings.",https://nishatlinen.com/collections/women/products/42401945,"image_2_58_1.jpg, image_2_58_2.jpg, image_2_58_3.jpg"
2 Piece - Printed Suit - PS24-305 - XS,"Rs. 4,510.00 Rs. 2,706.00","Embrace glamour & shine like a star with this printed two-piece suit from the latest pret summer collection.
Product Detail
Printed Shirt With Trousers
Shirt
Collar Neckline, Embroidered Sleeves Edges, Straight Shirt
Fabric: Cambric
Color: Off White
Trousers
Printed Straight Trousers
Fabric: Cambric
Color: Off White
Note:
Product color may vary slightly due to photographic lighting sources or monitor settings.",https://nishatlinen.com/collections/women/products/ps24-305,"image_2_59_1.jpg, image_2_59_2.jpg, image_2_59_3.jpg"
3 Piece - Printed Loose Fabric - 42403170 - Shirt / 3 / 3,Rs. 830.00 Rs. 540.00,"Unlock the gateway to sophistication with this printed three-piece from the latest freedom to buy summer collection.
Product Detail:
Rose Patterns With Banarsi Borders Printed Style Shirt with Dupatta and Trousers
SHIRT
Shirt: 3 Meter (RS 730/-Mtr)
Fabric: Lawn
Color: Pink
DUPATTA
Dupatta: 2.5 Meter (RS 750/-Mtr)
Fabric: Voile
Color: Pink
TROUSERS
Trousers: 2.5 Meter (RS 780/-Mtr)
Fabric: Cambric
Color: Pink
Note:
Product color may slightly vary due to photographic lighting sources or your device settings.",https://nishatlinen.com/collections/women/products/42403170,"image_2_60_1.jpg, image_2_60_2.jpg, image_2_60_3.jpg"
Embroidered Tunic - AS24-76 - XS,"Rs. 5,130.00 Rs. 3,078.00","Create an inspiring look by wearing this embroidered tunic from the latest pret summer collection.
Product Detail
Embroidered Tunic
Tunic
V Neckline, Cuffed Sleeves, Embroidered Neckline & Sleeves, Short Tunic
Fabric: Yarn Dyed
Color: Blue
Note:
Product color may vary slightly due to photographic lighting sources or monitor settings.",https://nishatlinen.com/collections/women/products/as24-76,"image_2_61_1.jpg, image_2_61_2.jpg, image_2_61_3.jpg"
3 Piece - Printed Loose Fabric - 42403010 - Dupatta / 2.5 / 2.5,Rs. 670.00 Rs. 436.00,"Curate a picturesque look in our featuring printed three-piece from the latest freedom to buy summer collection.
Product Detail:
Floral Chintz Printed Style Shirt with Dupatta and Trousers
SHIRT
Shirt: 3 Meter (RS 730/-Mtr)
Fabric: Lawn
Color: Light Blue
DUPATTA
Dupatta: 2.5 Meter (RS 750/-Mtr)
Fabric: Voile
Color: Light Blue
TROUSERS
Trousers: 2.5 Meter (RS 690/-Mtr)
Fabric: Cambric
Color: ﻿Light Blue
Note:
Product color may slightly vary due to photographic lighting sources or your device settings.",https://nishatlinen.com/products/42403010,"image_2_62_1.jpg, image_2_62_2.jpg, image_2_62_3.jpg"
Embroidered Shirt - PE24-101 - XS,"Rs. 5,330.00 Rs. 3,198.00","Immerse yourself in a symphony of elegance and style with this embroidered shirt from the latest pret summer collection.
Product Detail
Embroidered Shirt
Shirt
Band Neckline With Piping & Slit, Embroidered Front & Sleeves
Fabric: Cambric
Color: White
Note:
Product color may vary slightly due to photographic lighting sources or monitor settings.",https://nishatlinen.com/products/pe24-101,"image_2_63_1.jpg, image_2_63_2.jpg, image_2_63_3.jpg"
Basic Shirt - PS24-02 - XS,"Rs. 4,100.00 Rs. 2,460.00","Embrace style with elegance by wearing this basic shirt from the latest pret pre summer collection. 
Product Detail
Basic Shirt
Shirt
Band Neckline With Placket, Buttons & Top Stitching Detail At Paneled Cuff Sleeves, Button Down Shirt
Fabric: Jacquard
Color: Navy

Note:
Product color may vary slightly due to photographic lighting sources or monitor settings.",https://nishatlinen.com/collections/women/products/ps24-02,"image_2_64_1.jpg, image_2_64_2.jpg, image_2_64_3.jpg"
3 Piece - Embroidered Suit - 42401697,"Rs. 8,720.00 Rs. 5,668.00","Look glamorous by wearing this embroidered three-piece from the latest unstitched summer collection.
Product Detail:
Baroque Style Shirt with Dupatta and Trousers
SHIRT
Dyed Cambric Shirt: 3 Meter
Embroidered Front + Motifs
Fabric: Cambric
Color: Green
DUPATTA
Digital Printed Crinkle Chiffon Dupatta: 2.5 Meter
Fabric: Crinkle Chiffon
Color: Green
TROUSERS
Dyed Cambric Trousers: 2.5 Meter
Fabric: Cambric
Color: ﻿Green
Note:
Product color may slightly vary due to photographic lighting sources or your device settings.",https://nishatlinen.com/products/42401697,"image_2_65_1.jpg, image_2_65_2.jpg, image_2_65_3.jpg"
3 Piece - Printed Suit - 42402012,"Rs. 4,100.00 Rs. 2,665.00","Become the ultimate trendsetter with our printed three-piece from the latest unstitched summer collection.
Product Detail:
Banarsi Printed Style Shirt with Dupatta and Trousers
SHIRT
Printed Lawn Shirt: 3 Meter
Fabric: Lawn
Color: Green
DUPATTA
Printed Voile Dupatta: 2.5 Meter
Fabric: Voile
Color: Green
TROUSERS
Solid Cambric Trousers: 2.5 Meter
Fabric: Cambric
Color: Green
Note:
Product color may slightly vary due to photographic lighting sources or your device settings.",https://nishatlinen.com/collections/women/products/42402012,"image_2_66_1.jpg, image_2_66_2.jpg, image_2_66_3.jpg"
1 Piece - Digital Printed Loose Fabric - 42403285 - Shirt / 3 / 3,Rs. 455.00 - Rs. 527.00,"Effortlessly embody grace and charm in this beautifully digital printed one-piece from the latest freedom to buy summer collection.
Product Detail:
Floral Mix Printed Style Shirt
SHIRT
Shirt: 3 Meter (RS 850/-Mtr)
Fabric: Dobby Lawn
Color: Black
Note:
Product color may slightly vary due to photographic lighting sources or your device settings.",https://nishatlinen.com/collections/women/products/42403285,"image_2_67_1.jpg, image_2_67_2.jpg, image_2_67_3.jpg"
2 Piece - Printed Suit - 42401579,"Rs. 3,590.00 Rs. 2,333.50","Make your day memorable with this graceful printed two-piece from the latest unstitched summer collection.
Product Detail:
Color Textures With Bold Lace Motifs Printed Style Shirt with Dupatta
SHIRT
Printed Super Fine Lawn Shirt: 3 Meter
Fabric: Lawn
Color: Pink
DUPATTA
Digital Printed Muzlin Dupatta: 2.5 Meter
Fabric: Muzlin
Color: ﻿Pink
Note:
Product color may slightly vary due to photographic lighting sources or your device settings.",https://nishatlinen.com/collections/women/products/42401579,"image_2_68_1.jpg, image_2_68_2.jpg, image_2_68_3.jpg"
2 Piece - Jacquard Embroidered Suit - 42402155,"Rs. 6,990.00 Rs. 5,592.00","For an elegant appearance with this jacquard embroidered two-piece from the latest unstitched summer collection.
Product Detail:
Paisleys Style Shirt with Dupatta
SHIRT
Jacquard Shirt: 3 Meter
Embroidered Neckline + Border
Fabric: Jacquard
Color: Maroon
DUPATTA
Jacquard Dupatta: 2.5 Meter
Fabric: Jacquard
Color: Maroon
Note:
Product color may slightly vary due to photographic lighting sources or your device settings.",https://nishatlinen.com/collections/women/products/42402155,"image_2_69_1.jpg, image_2_69_2.jpg, image_2_69_3.jpg"
3 Piece - Printed Suit - 42401939,"Rs. 7,180.00 Rs. 4,667.00","For a stunningly spectacular look with our printed three-piece from the latest unstitched summer collection.
Product Detail:
Kashmiri Patterns In Printed Form Shirt with Dupatta and Trousers
SHIRT
Printed Zari Lawn Shirt: 3 Meter
Fabric: Zari Lawn
Color: Maroon
DUPATTA
Digital Printed Zari Lawn Dupatta: 2.5 Meter
Fabric: Zari Lawn
Color: Maroon
TROUSERS
Printed Cambric Trousers: 2.5 Meter
Fabric: Cambric
Color: Maroon
Note:
Product color may slightly vary due to photographic lighting sources or your device settings.",https://nishatlinen.com/collections/women/products/42401939,"image_2_70_1.jpg, image_2_70_2.jpg, image_2_70_3.jpg"
2 Piece - Printed Embroidered Suit - 42401277,"Rs. 4,610.00 Rs. 2,996.50","Get a bold yet joyful look by wearing this printed embroidered two-piece from the latest unstitched summer collection.
Product Detail:
Polkas With Floral Silhouettes Prints Style Shirt with Trousers
SHIRT
Printed Super Fine Lawn Shirt: 3 Meter
Embroidered Motifs
Fabric: Lawn
Color: Ivory
TROUSERS
Printed Cambric Trousers: 2.5 Meter
Fabric: Cambric
Color: Ivory
Note:
Product color may slightly vary due to photographic lighting sources or your device settings.",https://nishatlinen.com/collections/women/products/42401277,"image_2_71_1.jpg, image_2_71_2.jpg, image_2_71_3.jpg"
3 Piece - Printed Embroidered Suit - 42402073,"Rs. 8,690.00 Rs. 5,648.50","Elevate your fashion identity with printed embroidered three-piece from the latest unstitched summer collection.
Product Detail:
Banarsi Patterns Style Shirt with Dupatta and Trousers
SHIRT
Printed Super Fine Lawn Shirt: 3 Meter
Embroidered Neckline + 2 Borders
Fabric: Lawn
Color: Brown
DUPATTA
Digital Printed Fancy Jacquard Dupatta: 2.5 Meter
Fabric: Jacquard
Color: Brown
TROUSERS
Solid Cambric Trousers: 2.5 Meter
Fabric: Cambric
Color: Brown
Note:
Product color may slightly vary due to photographic lighting sources or your device settings.",https://nishatlinen.com/collections/women/products/42402073,"image_2_72_1.jpg, image_2_72_2.jpg, image_2_72_3.jpg"
2 Piece - Printed Embroidered Suit - 42401277,"Rs. 4,610.00 Rs. 2,996.50","Get a bold yet joyful look by wearing this printed embroidered two-piece from the latest unstitched summer collection.
Product Detail:
Polkas With Floral Silhouettes Prints Style Shirt with Trousers
SHIRT
Printed Super Fine Lawn Shirt: 3 Meter
Embroidered Motifs
Fabric: Lawn
Color: Ivory
TROUSERS
Printed Cambric Trousers: 2.5 Meter
Fabric: Cambric
Color: Ivory
Note:
Product color may slightly vary due to photographic lighting sources or your device settings.",https://nishatlinen.com/products/42401277,"image_2_73_1.jpg, image_2_73_2.jpg, image_2_73_3.jpg"
1 Piece - Digital Printed Loose Fabric - 42403212 - Shirt / 3 / 3,Rs. 830.00 Rs. 540.00,"Elevate your modest wear wardrobe with this digital printed one-piece from the latest freedom to buy summer collection.
Product Detail:
Flower Bunches Printed Style Shirt 
SHIRT
Shirt: 3 Meter (RS 830/-Mtr)
Fabric: Dobby Check
Color: Brown

Note:
Product color may slightly vary due to photographic lighting sources or your device settings.",https://nishatlinen.com/products/42403212,"image_2_74_1.jpg, image_2_74_2.jpg, image_2_74_3.jpg"
3 Piece - Printed Loose Fabric - 42403036 - Shirt / 3 / 3,"Rs. 1,120.00 Rs. 728.00","For a fashionable statement adorn this three-piece from the latest freedom to buy summer collection.
Product Detail:
Modern Printed Style Shirt with Dupatta and Trousers
SHIRT
Shirt: 3 Meter (RS 730/-Mtr)
Fabric: Lawn
Color: Dark Green
DUPATTA
Dupatta: 2.5 Meter (RS 750/-Mtr)
Fabric: Voile
Color: Dark Green
TROUSERS
Trousers: 2.5 Meter (RS 690/-Mtr)
Fabric: Cambric
Color: ﻿Dark Green
Note:
Product color may slightly vary due to photographic lighting sources or your device settings",https://nishatlinen.com/collections/women/products/42403036,"image_2_75_1.jpg, image_2_75_2.jpg, image_2_75_3.jpg"
1 Piece - Digital Printed Loose Fabric - 42403174 - Shirt / 3 / 3,Rs. 750.00 Rs. 488.00,"Enhance your appearance and make a bold statement with this digital printed one-piece from the latest freedom to buy summer collection.
Product Detail:
Floral Printed Style Shirt 
SHIRT
Shirt: 3 Meter (RS 750/-Mtr)
Fabric: Lawn
Color: Deep Blue

Note:
Product color may slightly vary due to photographic lighting sources or your device settings.",https://nishatlinen.com/collections/women/products/42403174,"image_2_76_1.jpg, image_2_76_2.jpg, image_2_76_3.jpg"
2 Piece - Printed Suit - 42401777,"Rs. 4,610.00 Rs. 2,996.50","Make your day marvelous by wearing this printed two-piece from the latest unstitched summer collection.
Product Detail:
Abstract Brush Strokes Printed Style Shirt with Dupatta
SHIRT
Printed Super Fine Lawn Shirt: 3 Meter
Fabric: Lawn
Color: Multi
DUPATTA
Digital Printed Crinkle Chiffon Dupatta: 2.5 Meter
Fabric: Crinkle Chiffon
Color: Multi
Note:
Product color may slightly vary due to photographic lighting sources or your device settings.",https://nishatlinen.com/products/42401777,"image_2_77_1.jpg, image_2_77_2.jpg, image_2_77_3.jpg"
3 Piece - Gold Printed Embroidered Suit - 42401375,"Rs. 9,740.00 Rs. 6,331.00","Glance yourself in this attractively gold printed embroidered three-piece from the latest unstitched summer collection.
Product Detail:
Mughal Banarsi Style Shirt with Dupatta and Trousers
SHIRT
Gold Paste Printed Sateen Shirt: 3 Meter
Embroidered Neckline + Motifs + Border
Fabric: Sateen
Color: Black
DUPATTA
Fancy Banarsi Dupatta: 2.5 Meter
Fabric: Banarsi
Color: Black
TROUSERS
Dyed Sateen Trousers: 2.5 Meter
Fabric: Sateen
Color: Black
Note:
Product color may slightly vary due to photographic lighting sources or your device settings.",https://nishatlinen.com/collections/women/products/42401375,"image_2_78_1.jpg, image_2_78_2.jpg, image_2_78_3.jpg"
3 Piece - Printed Loose Fabric - 42403110 - Shirt / 3 / 3,Rs. 750.00 Rs. 488.00,"Look appealing and graceful in this printed three-piece from the latest freedom to buy summer collection.
Product Detail:
Textured Roses & Stripes Printed Style Shirt with Dupatta and Trousers
SHIRT
Shirt: 3 Meter (RS 730/-Mtr)
Fabric: Lawn
Color: Black
DUPATTA
Dupatta: 2.5 Meter (RS 750/-Mtr)
Fabric: Voile
Color: Black & White
Note: Fabric used in shoot for gown is dupatta fabric
TROUSERS
Trousers: 2.5 Meter (RS 650/-Mtr)
Fabric: Cambric
Color: Black
Note:
Product color may slightly vary due to photographic lighting sources or your device settings.",https://nishatlinen.com/collections/women/products/42403110,"image_2_79_1.jpg, image_2_79_2.jpg, image_2_79_3.jpg"
2 piece - Digital Printed Embroidered Suit - 42401745,"Rs. 5,130.00 Rs. 3,334.50","Look absolutely stunning by wearing this digital printed embroidered two-piece from the latest unstitched summer collection.
Product Detail:
Chunri Prints Style Shirt with Trousers
SHIRT
Digital Printed Cambric Shirt: 3 Meter
Embroidered Neckline
Fabric: Cambric
Color: Blue
TROUSERS
Solid Cambric Trousers: 2.5 Meter
Fabric: Cambric
Color: Blue
Note:
Product color may slightly vary due to photographic lighting sources or your device settings.",https://nishatlinen.com/products/42401745,"image_2_80_1.jpg, image_2_80_2.jpg, image_2_80_3.jpg"
3 Piece - Printed Suit - 42401484,"Rs. 6,150.00 Rs. 3,997.50","Make your day pleasingly memorable with this printed three-piece from the latest unstitched summer collection.
Product Detail:
Lace Jaal Style Shirt with Dupatta and Trousers
SHIRT
Printed Super Fine Lawn Shirt: 3 Meter
1 Lace: 1.25 Meter
1 Lace: 2.5 Meter
Fabric: Lawn
Color: Lime Green
DUPATTA
Digital Printed Crinkle Chiffon Dupatta: 2.5 Meter
Fabric: Crinkle Chiffon
Color: Lime Green
TROUSERS
Printed Cambric Trousers: 2.5 Meter
Fabric: Cambric
Color: Lime Green
Note:
Product color may slightly vary due to photographic lighting sources or your device settings.",https://nishatlinen.com/products/42401484,"image_2_81_1.jpg, image_2_81_2.jpg, image_2_81_3.jpg"
Printed Shirt - PS24-132 - XS,"Rs. 4,100.00 Rs. 2,460.00","Put on your best look by wearing this printed shirt from the latest pret summer collection. 
Product Detail
Printed Shirt
Shirt
Band Neckline with Slit & Adda Work At Placket, Side Panels Detail, Round Hem 
Fabric: Lawn
Color: Sky Blue
Note:
Product color may vary slightly due to photographic lighting sources or monitor settings.",https://nishatlinen.com/products/ps24-132,"image_2_82_1.jpg, image_2_82_2.jpg, image_2_82_3.jpg"
3 Piece - Printed Embroidered Suit - 42401565,"Rs. 8,720.00 Rs. 5,668.00","Layer your outfit radiantly for a casual yet stylish look by wearing this digital printed embroidered three-piece from the latest unstitched summer collection.
Product Detail:
Embellished Sequin Patterns Style Shirt with Dupatta and Trousers
SHIRT
Digital Printed Zari Lawn Shirt: 3 Meter
Embroidered Neckline + 4 Motifs
Fabric: Lawn
Color: Mint
DUPATTA
Digital Printed Zari Lawn Dupatta: 2.5 Meter
Fabric: Lawn
Color: Mint
TROUSERS
Dyed Cambric Trousers: 2.5 Meter
Fabric: Cambric
Color: Mint
Note:
Product color may slightly vary due to photographic lighting sources or your device settings.",https://nishatlinen.com/collections/women/products/42401565,"image_2_83_1.jpg, image_2_83_2.jpg, image_2_83_3.jpg"
Embroidered Shirt - PE24-21 - XS,"Rs. 6,660.00 Rs. 3,996.00","Look and feel your best by wearing this embroidered shirt from the latest pret summer collection.
Product Detail
Embroidered Shirt
Shirt
Round Neckline With Piping & Slit, Embroidered Neckline & Sleeves
Fabric: Jacquard
Color: Lilac
Note:
Product color may vary slightly due to photographic lighting sources or monitor settings.",https://nishatlinen.com/collections/women/products/pe24-21,"image_2_84_1.jpg, image_2_84_2.jpg, image_2_84_3.jpg"
1 Piece - Dyed Loose Fabric - 42403097 - Shirt / 3 / 3,Rs. 670.00 Rs. 436.00,"Captivate in majestic featuring dyed one-piece from the latest freedom to buy summer collection.
Product Detail:
Shirt
SHIRT
Shirt: 3 Meter (RS 690/-Mtr)
Fabric: Cambric
Color: White
Note:
Product color may slightly vary due to photographic lighting sources or your device settings.",https://nishatlinen.com/collections/women/products/42403097,"image_2_85_1.jpg, image_2_85_2.jpg, image_2_85_3.jpg"
3 Piece - Printed Embroidered Suit - 42402036,"Rs. 7,690.00 Rs. 4,998.50","Elevate your everyday style in our printed embroidered three-piece from the latest unstitched summer collection.
Product Detail:
Peony Flowers Style Shirt with Dupatta and Trousers
SHIRT
Printed Super Fine Lawn Shirt: 3 Meter
Embroidered Neckline + Border
Fabric: Lawn
Color: Green
DUPATTA
Digital Printed Crinkle Chiffon Dupatta: 2.5 Meter
Fabric: Crinkle Chiffon
Color: Green
TROUSERS
Solid Cambric Trousers: 2.5 Meter
Fabric: Cambric
Color: Green
Note:
Product color may slightly vary due to photographic lighting sources or your device settings.",https://nishatlinen.com/products/42402036,"image_2_86_1.jpg, image_2_86_2.jpg, image_2_86_3.jpg"
2 Piece - Embroidered Loose Fabric - 42402006 - Shirt Front + Sleeves / 2 / 2,"Rs. 436.00 - Rs. 1,261.00","Strut in style with this embroidered two-piece from the latest freedom to buy summer collection.
Product Detail:
Shirt & Trousers 
Measurements: 
Shirt Front + Sleeves: 2 Meter (RS 1790/-Mtr)
Trousers Back: 3.75 Meter (RS 650/-Mtr)
Fabric: Cambric
Color: Light Blue
Note:
Product color may slightly vary due to photographic lighting sources or your device settings.",https://nishatlinen.com/collections/women/products/42402006,"image_2_87_1.jpg, image_2_87_2.jpg, image_2_87_3.jpg"
1 Piece - Gold Printed Loose Fabric - 42403361 - Dupatta / 2.5 / 2.5,Rs. 880.00 Rs. 572.00,"Get ready for garden parties by styling gold printed one-piece from the latest freedom to buy summer collection.
Product Detail:
Banarsi Prints Style Dupatta
Dupatta
Dupatta: 2.5 Meter (RS 850/-Mtr)
Fabric: Voile
Color: Pink
Note:
Product color may slightly vary due to photographic lighting sources or your device settings.",https://nishatlinen.com/collections/women/products/42403361,"image_2_88_1.jpg, image_2_88_2.jpg, image_2_88_3.jpg"
2 Piece - Printed Suit - 42401596,"Rs. 3,070.00 Rs. 1,995.50","Glance yourself in this attractively printed two-piece from the latest unstitched summer collection.
Product Detail:
Abstract Printed Style Shirt with Dupatta
SHIRT
Printed Super Fine Lawn Shirt: 3 Meter
Fabric: Lawn
Color: Off White
DUPATTA
Printed Voile Dupatta: 2.5 Meter
Fabric: Voile
Color: ﻿Off White
Note:
Product color may slightly vary due to photographic lighting sources or your device settings.",https://nishatlinen.com/products/42401596,"image_2_89_1.jpg, image_2_89_2.jpg, image_2_89_3.jpg"
3 Piece - Printed Embroidered Suit - 42401119,"Rs. 7,690.00 Rs. 4,998.50","you can enjoy the highest level of comfort while looking stunning with this printed embroidered three-piece from the latest unstitched summer collection.
Product Detail:
Suzani Prints Style Shirt with Dupatta and Trousers
SHIRT
White Paste Printed Super Fine Lawn Shirt: 3 Meter
Embroidered Allover Front + Border
Fabric: Lawn
Color: White
DUPATTA
Digital Printed Voile Dupatta: 2.5 Meter
Fabric: Voile
Color: White
TROUSERS
Dyed Cambric Trousers: 2.5 Meter
Fabric: Dyed Cambric
Color: ﻿White
Note:
Product color may slightly vary due to photographic lighting sources or your device settings.",https://nishatlinen.com/products/42401119,"image_2_90_1.jpg, image_2_90_2.jpg, image_2_90_3.jpg"
Embroidered Tunic - PS24-82 - XS,"Rs. 3,790.00 Rs. 2,274.00","Add glamour to your look instantly with this embroidered tunic from the latest pret summer collection.
Product Detail
Embroidered Tunic
Tunic
Collar Neckline With Adda Work On Placket, Front Pleat Detail, Embroidered Tunic
Fabric: Cambric
Color: Beige
Note:
Product color may vary slightly due to photographic lighting sources or monitor settings.",https://nishatlinen.com/products/ps24-82,"image_2_91_1.jpg, image_2_91_2.jpg, image_2_91_3.jpg"
3 Piece - Printed Embroidered Suit - 42402033,"Rs. 9,490.00 Rs. 6,168.50","Delicate your look with this printed embroidered three-piece from the latest unstitched summer collection.
Product Detail:
Textured Floral Prints Style Shirt with Dupatta and Trousers
SHIRT
Printed Super Fine Lawn Shirt: 3 Meter
Embroidered Neckline + Border
Fabric: Lawn
Color: Coral
DUPATTA
Printed Banarsi Brochia Dupatta: 2.5 Meter
Fabric: Banarsi Brochia
Color: Coral
TROUSERS
Solid Cambric Trousers: 2.5 Meter
Fabric: Cambric
Color: Coral
Note:
Product color may slightly vary due to photographic lighting sources or your device settings.",https://nishatlinen.com/products/42402033,"image_2_92_1.jpg, image_2_92_2.jpg, image_2_92_3.jpg"
1 Piece - Digital Printed Loose Fabric - 42403175 - Shirt / 3 / 3,Rs. 750.00 Rs. 488.00,"Enhance your appearance and make a bold statement with this digital printed one-piece from the latest freedom to buy summer collection.
Product Detail:
Floral Mix Printed Style Shirt 
SHIRT
Shirt: 3 Meter (RS 750/-Mtr)
Fabric: Lawn
Color: Multi

Note:
Product color may slightly vary due to photographic lighting sources or your device settings.",https://nishatlinen.com/products/42403175,"image_2_93_1.jpg, image_2_93_2.jpg, image_2_93_3.jpg"
Embroidered Tunic - PS24-97 - XS,"Rs. 3,790.00 Rs. 2,274.00","Indulge in your beauty by wearing this embroidered tunic from the latest pret summer collection.
Product Detail
Embroidered Tunic
Tunic
Band Neckline With Placket & Buttons Detail, Embroidered Sleeves, Embroidered Tunic
Fabric: Cambric
Color: Yellow
Note:
Product color may vary slightly due to photographic lighting sources or monitor settings.",https://nishatlinen.com/products/ps24-97,"image_2_94_1.jpg, image_2_94_2.jpg, image_2_94_3.jpg"
1 Piece - Digital Printed Loose Fabric - 42403393 - Shirt / 3 / 3,Rs. 830.00 Rs. 540.00,"Effortlessly radiate charm in this digital printed one-piece from the latest freedom to buy summer collection.
Product Detail:
Bold Abstract Florals Printed Style Shirt 
SHIRT
Shirt: 3 Meter (RS 800/-Mtr)
Fabric: Dobby Lawn
Color: Black

Note:
Product color may slightly vary due to photographic lighting sources or your device settings.",https://nishatlinen.com/collections/women/products/42403393,"image_2_95_1.jpg, image_2_95_2.jpg, image_2_95_3.jpg"
3 Piece - Printed Suit - 42402009,"Rs. 4,100.00 Rs. 2,665.00","Glow up for evening events by wearing this printed three-piece from the latest unstitched summer collection.
Product Detail:
Ethnic Printed Style Shirt with Dupatta and Trousers
SHIRT
Printed Lawn Shirt: 3 Meter
Fabric: Lawn
Color: Yellow & Brown
DUPATTA
Printed Voile Dupatta: 2.5 Meter
Fabric: Voile
Color: Yellow & Brown
TROUSERS
Solid Cambric Trousers: 2.5 Meter
Fabric: Cambric
Color: Yellow
Note:
Product color may slightly vary due to photographic lighting sources or your device settings.",https://nishatlinen.com/products/42402009-1,"image_2_96_1.jpg, image_2_96_2.jpg, image_2_96_3.jpg"
Embroidered Tunic - PS24-90 - XS,"Rs. 4,000.00 Rs. 2,400.00","Keep yourself comfy with this gorgeous embroidered tunic from the latest pret summer collection.

Product Detail
Embroidered Tunic
Tunic
Band Neckline With Pearl & Loop Detail, Gathered Elastic Sleeves, Front Embroidered Tunic
Fabric: Cambric
Color: White
Note:
Product color may vary slightly due to photographic lighting sources or monitor settings.",https://nishatlinen.com/products/ps24-90,"image_2_97_1.jpg, image_2_97_2.jpg, image_2_97_3.jpg"
Printed Shirt - PE24-275 - XS,"Rs. 3,590.00 Rs. 2,154.00","Express a more joyful version of yourself with this printed shirt from the latest pret summer collection.
Product Detail
Printed Shirt
Shirt
Band Neckline With Placket
Fabric: Lawn
Color: Maroon
Note:
Product color may vary slightly due to photographic lighting sources or monitor settings.",https://nishatlinen.com/collections/women/products/pe24-275,"image_2_98_1.jpg, image_2_98_2.jpg, image_2_98_3.jpg"
3 Piece - Printed Loose Fabric - 42403267 - Dupatta / 2.5 / 2.5,Rs. 455.00 - Rs. 527.00,"Craft your style with exquisite printed three-piece from the latest freedom to buy summer collection.
Product Detail:
Suzani Ikat Mix Shirt with Dupatta and Trousers
SHIRT
Shirt: 3 Meter (RS 750/-Mtr)
Fabric: Lawn
Color: Yellow
DUPATTA
Dupatta: 2.5 Meter (RS 780/-Mtr)
Fabric: Voile
Color: Yellow
TROUSERS
Trousers: 2.5 Meter (RS 680/-Mtr)
Fabric: Cambric
Color: ﻿Yellow
Note:
Product color may slightly vary due to photographic lighting sources or your device settings.",https://nishatlinen.com/products/42403267,"image_2_99_1.jpg, image_2_99_2.jpg, image_2_99_3.jpg"
3 Piece - Embroidered Suit - 42402060,"Rs. 8,690.00 Rs. 5,648.50","Be exclusive in this unique embroidered three-piece from the latest unstitched summer collection.
Product Detail:
Embellished Motifs Style Shirt with Dupatta and Trousers
SHIRT
Solid Slub Cambric Shirt: 3 Meter
Embroidered Front + Sleeves + Border
Fabric: Cambric
Color: Tea Pink
DUPATTA
Digital Printed Slub Dupatta: 2.5 Meter
Fabric: Slub
Color: Tea Pink
TROUSERS
Solid Cambric Trousers: 2.5 Meter
Fabric: Cambric
Color: Tea Pink
Note:
Product color may slightly vary due to photographic lighting sources or your device settings.",https://nishatlinen.com/collections/women/products/42402060,"image_2_100_1.jpg, image_2_100_2.jpg, image_2_100_3.jpg"
3 Piece - Printed Suit - 42402051,"Rs. 6,490.00 Rs. 4,218.50","Create a stylish look with our printed three-piece from the latest unstitched summer collection.
Product Detail:
Textures Printed Style Shirt with Dupatta and Trousers
SHIRT
Printed Super Fine Lawn Shirt: 3 Meter
Fabric: Lawn
Color: Dull Orange
DUPATTA
Digital Printed Crinkle Chiffon Dupatta: 2.5 Meter
Fabric: Crinkle Chiffon
Color: Dull Orange
TROUSERS
Solid Cambric Trousers: 2.5 Meter
Fabric: Cambric
Color: Dull Orange
Note:
Product color may slightly vary due to photographic lighting sources or your device settings.",https://nishatlinen.com/products/42402051,"image_2_101_1.jpg, image_2_101_2.jpg, image_2_101_3.jpg"
Embroidered Shirt - AS24-58 - XS,"Rs. 4,100.00 Rs. 2,460.00","Feel confident and beautiful with this embroidered shirt from the latest pret summer collection.  
Product Detail
Embroidered Shirt
Shirt
Round Band Neckline, Embroidered Yoke With Gathers Detail, Round Hem
Fabric: Cambric
Color: Peach
Note:
Product color may vary slightly due to photographic lighting sources or monitor settings.",https://nishatlinen.com/collections/women/products/as24-58,"image_2_102_1.jpg, image_2_102_2.jpg, image_2_102_3.jpg"
2 Piece - Printed Embroidered Suit - PE24-405 - XS,"Rs. 4,820.00 Rs. 2,892.00","Radiate positivity and vibrancy in this printed embroidered two-piece suit from the latest pret summer collection.
Product Detail
Printed Embroidered Shirt With Trousers
Shirt
Band Neckline With Piping, Embroidered Sleeves, Straight Shirt
Fabric: Cambric
Color: Yellow
Trousers
Straight Trousers
Fabric: Cambric
Color: Yellow
Note:
Product color may vary slightly due to photographic lighting sources or monitor settings.",https://nishatlinen.com/collections/women/products/pe24-405,"image_2_103_1.jpg, image_2_103_2.jpg, image_2_103_3.jpg"
3 Piece - Digital Printed Loose Fabric - 42403315 - Trouser / 2.5 / 2.5,Rs. 880.00 Rs. 572.00,"Level up your wardrobe with gorgeous digital printed three-piece from the latest freedom to buy summer collection.
Product Detail:
Bougainvillea Plants Patterns In Printed Form Shirt with Dupatta and Trousers 
SHIRT
Shirt: 3 Meter (RS 780/-Mtr)
Fabric: Lawn
Color: Green
DUPATTA
Dupatta: 2.5 Meter (RS 800/-Mtr)
Fabric: Voile
Color: Green
TROUSERS
Trousers: 2.5 Meter (RS 680/-Mtr)
Fabric: Cambric
Color: Green
Note:
Product color may slightly vary due to photographic lighting sources or your device settings.",https://nishatlinen.com/collections/women/products/42403315,"image_2_104_1.jpg, image_2_104_2.jpg, image_2_104_3.jpg"
1 Piece - Printed Loose Fabric - 42403189 - Shirt / 3 / 3,Rs. 750.00 Rs. 488.00,"Elevate your daily style with this printed one-piece from the latest freedom to buy summer collection.
Product Detail:
Embellished Patterns Printed Style Shirt
SHIRT
Shirt: 3 Meter (RS 730/-Mtr)
Fabric: Lawn
Color: Skin

Note:
Product color may slightly vary due to photographic lighting sources or your device settings.",https://nishatlinen.com/collections/women/products/42403189,"image_2_105_1.jpg, image_2_105_2.jpg, image_2_105_3.jpg"
3 Piece - Printed Loose Fabric - 42403104 - Shirt / 3 / 3,Rs. 830.00 Rs. 540.00,"Refresh your wardrobe with this stunning printed three-piece from the latest freedom to buy summer collection.
Product Detail:
Modern Florals Printed Style Shirt with Dupatta and Trousers
SHIRT
Shirt: 3 Meter (RS 730/-Mtr)
Fabric: Lawn
Color:
DUPATTA
Dupatta: 2.5 Meter (RS 750/-Mtr)
Fabric: Voile
Color:
TROUSERS
Trousers: 2.5 Meter (RS 650/-Mtr)
Fabric: Cambric
Color:
Note:
Product color may slightly vary due to photographic lighting sources or your device settings.",https://nishatlinen.com/collections/women/products/42403104,"image_2_106_1.jpg, image_2_106_2.jpg, image_2_106_3.jpg"
3 Piece - Printed Suit - 42401658,"Rs. 5,640.00 Rs. 3,666.00","Become the ultimate trendsetter with our printed three-piece from the latest unstitched summer collection.
Product Detail:
Blue Floral Patterns In Printed Form Shirt with Dupatta and Trousers
SHIRT
Printed Super Fine Lawn Shirt: 3 Meter
Fabric: Lawn
Color: Light Blue
DUPATTA
Digital Printed Muzlin Dupatta: 2.5 Meter
Fabric: Muzlin
Color: Light Blue
TROUSERS
Dyed Cambric Trousers: 2.5 Meter
Fabric: Cambric
Color: ﻿Light Blue
Note:
Product color may slightly vary due to photographic lighting sources or your device settings.",https://nishatlinen.com/products/42401658,"image_2_107_1.jpg, image_2_107_2.jpg, image_2_107_3.jpg"
3 Piece - Digital Printed Embroidered Suit - 42401787,"Rs. 8,200.00 Rs. 5,330.00","Look glamorous by wearing this digital printed embroidered three-piece from the latest unstitched summer collection.
Product Detail:
Modern Style Shirt with Dupatta and Trousers
SHIRT
Digital Printed Super Fine Lawn Shirt: 3 Meter
Embroidered Border
Fabric: Lawn
Color: Black
DUPATTA
Digital Printed Silk Dupatta: 2.5 Meter
Fabric: Silk
Color: Black
TROUSERS
Solid Cambric Trousers: 2.5 Meter
Fabric: Cambric
Color: Black
Note:
Product color may slightly vary due to photographic lighting sources or your device settings.",https://nishatlinen.com/collections/women/products/42401787,"image_2_108_1.jpg, image_2_108_2.jpg, image_2_108_3.jpg"
3 Piece - Printed Embroidered Suit - 42402132,"Rs. 10,490.00 Rs. 8,392.00","Find your magic with this gorgeous printed embroidered three-piece from the latest unstitched summer collection.
Product Detail:
Mughal Prints Style Shirt with Dupatta and Trousers
SHIRT
Printed Slub Cambric Shirt: 3 Meter
Embroidered Front + Sleeves + Border
Fabric: Cambric
Color: Blue
DUPATTA
Printed Fancy Brochia Dupatta: 2.5 Meter
Fabric: Fancy Brochia
Color: Blue
TROUSERS
Solid Cambric Trousers: 2.5 Meter
Fabric: Cambric
Color: Blue
Note:
Product color may slightly vary due to photographic lighting sources or your device settings.",https://nishatlinen.com/collections/women/products/42402132,"image_2_109_1.jpg, image_2_109_2.jpg, image_2_109_3.jpg"
2 Piece - Embroidered Suit - PS24-39 - XS,"Rs. 7,180.00 Rs. 4,308.00","Embrace glamour & shine like a star with this embroidered two-piece suit from the latest pret summer collection.
Product Detail
Embroidered Shirt With Trousers
Shirt
V Neckline, Embroidered Front & Sleeves
Fabric: Cambric
Color: Pink
Trousers
Straight Trousers
Fabric: Cambric
Color: Pink
Note:
Product color may vary slightly due to photographic lighting sources or monitor settings.",https://nishatlinen.com/products/ps24-39,"image_2_110_1.jpg, image_2_110_2.jpg, image_2_110_3.jpg"
3 Piece - Printed Embroidered Suit - 42402071,"Rs. 8,690.00 Rs. 5,648.50","Make your day magnificent by wearing this printed embroidered three-piece from the latest unstitched summer collection.
Product Detail:
Kashmiri Motifs Style Shirt with Dupatta and Trousers
SHIRT
Printed Super Fine Lawn Shirt: 3 Meter
Embroidered Motifs + Border
Fabric: Lawn
Color: Peach
DUPATTA
Digital Printed Fancy Jacquard Dupatta: 2.5 Meter
Fabric: Jacquard
Color: Peach
TROUSERS
Solid Cambric Trousers: 2.5 Meter
Fabric: Cambric
Color: Peach
Note:
Product color may slightly vary due to photographic lighting sources or your device settings.",https://nishatlinen.com/collections/women/products/42402071,"image_2_111_1.jpg, image_2_111_2.jpg, image_2_111_3.jpg"
Embroidered Shirt - PS24-326 - XS,"Rs. 4,690.00 Rs. 2,814.00","Exude grace by wearing this embroidered shirt from the latest pret summer collection.
Product Detail
Embroidered Shirt
Shirt
Band Neckline With Placket, Embellishment & Pintucks Detail On Sleeves Edges, Embroidered Front, Long Paneled Shirt
Fabric: Cambric
Color: Beige
Note:
Product color may vary slightly due to photographic lighting sources or monitor settings.",https://nishatlinen.com/products/ps24-326,"image_2_112_1.jpg, image_2_112_2.jpg, image_2_112_3.jpg"
Printed Embroidered Tunic - PS24-334 - XS,"Rs. 3,490.00 Rs. 2,094.00","Level up your wardrobe with this gorgeous printed embroidered tunic from the latest pret summer collection.
Product Detail
Printed Embroidered Tunic
Tunic
Collar Neckline, Cuffed Sleeves, Button Down Embroidered Tunic
Fabric: Cambric
Color: Off White
Note:
Product color may vary slightly due to photographic lighting sources or monitor settings.",https://nishatlinen.com/products/ps24-334,"image_2_113_1.jpg, image_2_113_2.jpg, image_2_113_3.jpg"
3 Piece - Printed Suit - 42401483,"Rs. 6,150.00 Rs. 3,997.50","Make your day pleasingly memorable with this printed three-piece from the latest unstitched summer collection.
Product Detail:
Chunri Motifs Style Shirt with Dupatta and Trousers
SHIRT
Printed Super Fine Lawn Shirt: 3 Meter
1 Lace: 1.25 Meter
1 Lace: 2.5 Meter
Fabric: Lawn
Color: Light Turquoise
DUPATTA
Digital Printed Crinkle Chiffon Dupatta: 2.5 Meter
Fabric: Crinkle Chiffon
Color: Light Turquoise
TROUSERS
Printed Cambric Trousers: 2.5 Meter
Fabric: Cambric
Color: Light Turquoise
Note:
Product color may slightly vary due to photographic lighting sources or your device settings.",https://nishatlinen.com/products/42401483,"image_2_114_1.jpg, image_2_114_2.jpg, image_2_114_3.jpg"
Embroidered Shirt - PS24-16 - XS,"Rs. 3,790.00 Rs. 2,274.00","Encapsulate your look perfectly by wearing this embroidered shirt from the latest pret summer collection.
Product Detail
Embroidered Shirt
Shirt
Round Neckline with Slit, Embroidered Neckline, Top Stitching Details at Sleeves Opening, and Round Hem
Fabric: Cambric
Color: Yellow
Note:
Product color may vary slightly due to photographic lighting sources or monitor settings.",https://nishatlinen.com/collections/women/products/ps24-16,"image_2_115_1.jpg, image_2_115_2.jpg, image_2_115_3.jpg"
Printed Dress - FE24-27 - M,"Rs. 9,750.00 Rs. 5,850.00","Look and feel your best by wearing this printed dress from the latest pret summer collection. 
Product Detail
Printed Dress
Dress
V Neckline With Frill, Buttons Detail On Placket, Lace Detail On Sleeves, Gathered Hem
Fabric: Cotton Chicken
Color: Orange
Note:
Product color may vary slightly due to photographic lighting sources or monitor settings.",https://nishatlinen.com/products/fe24-27,"image_2_116_1.jpg, image_2_116_2.jpg, image_2_116_3.jpg"
3 Piece - Printed Loose Fabric - 42403137 - Dupatta / 2.5 / 2.5,Rs. 830.00 Rs. 540.00,"Make yourself more beautiful in unique style with this printed three-piece from the latest freedom to buy summer collection.
Product Detail:
Traditional Motifs In Chain Stitch Style With Geometric Shirt Printed Style with Dupatta and Trousers
SHIRT
Shirt: 3 Meter (RS 730/-Mtr)
Fabric: Lawn
Color: Deep Blue
DUPATTA
Dupatta: 2.5 Meter (RS 750/-Mtr)
Fabric: Voile
Color: Deep Blue
TROUSERS
Trousers: 2.5 Meter (RS 650/-Mtr)
Fabric: Cambric
Color: Deep Blue
Note:
Product color may slightly vary due to photographic lighting sources or your device settings.",https://nishatlinen.com/collections/women/products/42403137,"image_2_117_1.jpg, image_2_117_2.jpg, image_2_117_3.jpg"
Embroidered Trousers - PE24-257 - XS,"Rs. 2,560.00 Rs. 1,536.00","Upgrade your wardrobe with this embroidered trousers from the latest pret summer collection. 
Product Detail
Embroidered Trousers
Trousers
Straight Trousers With Lace Attachment & Embroidered Hem
Fabric: Cambric
Color: Off White
Note:
Product color may vary slightly due to photographic lighting sources or monitor settings.",https://nishatlinen.com/products/pe24-257,"image_2_118_1.jpg, image_2_118_2.jpg, image_2_118_3.jpg"
2 Piece - Printed Suit - 42401762,"Rs. 3,070.00 Rs. 1,995.50","Make your day memorable with this printed three-piece from the latest unstitched summer collection.
Product Detail:
Animal Prints Style Shirt with Trousers
SHIRT
Printed Super Fine Lawn Shirt: 3 Meter
Fabric: Lawn
Color: Brown
TROUSERS
Printed Cambric Trousers: 2.5 Meter
Fabric: Cambric
Color: Brown
Note:
Product color may slightly vary due to photographic lighting sources or your device settings.",https://nishatlinen.com/products/42401762,"image_2_119_1.jpg, image_2_119_2.jpg, image_2_119_3.jpg"
3 Piece - Printed Suit - 42401217,"Rs. 7,690.00 Rs. 4,998.50","Strut in style with this printed three-piece from the latest unstitched summer collection.
Product Detail:
Ethnic Paisleys Printed Style Shirt with Dupatta and Trousers
SHIRT
Printed Super Fine Lawn Shirt: 3 Meter
Fabric: Lawn
Color: Light Pink
DUPATTA
Yarn Dyed Dupatta: 2.5 Meter
Fabric: Yarn Dyed
Color: Light Pink
TROUSERS
Printed Cambric Trousers: 2.5 Meter
Fabric: Cambric
Color: ﻿Light Pink
Note:
Product color may slightly vary due to photographic lighting sources or your device settings.",https://nishatlinen.com/collections/women/products/42401217,"image_2_120_1.jpg, image_2_120_2.jpg, image_2_120_3.jpg"
3 Piece - Printed Loose Fabric - 42403132 - Shirt / 3 / 3,Rs. 830.00 Rs. 540.00,"Make a unique style statement with this printed three-piece from the latest freedom to buy summer collection.
Product Detail:
Watercolor Textures Printed Style Shirt with Dupatta and Trousers
SHIRT
Shirt: 3 Meter (RS 730/-Mtr)
Fabric: Lawn
Color: Lavender
DUPATTA
Dupatta: 2.5 Meter (RS 750/-Mtr)
Fabric: Voile
Color: Lavender
TROUSERS
Trousers: 2.5 Meter (RS 650/-Mtr)
Fabric: Cambric
Color: Lavender
Note:
Product color may slightly vary due to photographic lighting sources or your device settings.",https://nishatlinen.com/collections/women/products/42403132,"image_2_121_1.jpg, image_2_121_2.jpg, image_2_121_3.jpg"
3 Piece - Printed Embroidered Suit - 42402137,"Rs. 10,490.00 Rs. 8,392.00","Bright up your day with this printed embroidered three-piece from the latest unstitched summer collection.
Product Detail:
Floral Style Shirt with Dupatta and Trousers
SHIRT
Printed Slub Cambric Shirt: 3 Meter
Embroidered Front + Sleeves + Border
Fabric: Cambric
Color: Beige
DUPATTA
Printed Fancy Brochia Dupatta: 2.5 Meter
Fabric: Fancy Brochia
Color: Beige
TROUSERS
Solid Cambric Trousers: 2.5 Meter
Fabric: Cambric
Color: Beige
Note:
Product color may slightly vary due to photographic lighting sources or your device settings.",https://nishatlinen.com/products/42402137,"image_2_122_1.jpg, image_2_122_2.jpg, image_2_122_3.jpg"
Printed Embroidered Shirt - PE24-348 - XS,"Rs. 4,100.00 Rs. 2,460.00","Radiate confidence and charm with this printed embroidered shirt from the latest pret summer collection.
Product Detail
Printed Embroidered Shirt
Shirt
Band Neckline With Placket & Slit, Embroidered Sleeves
Fabric: Lawn
Color: Light Grey
Note:
Product color may vary slightly due to photographic lighting sources or monitor settings.",https://nishatlinen.com/collections/women/products/pe24-348,"image_2_123_1.jpg, image_2_123_2.jpg, image_2_123_3.jpg"
1 Piece - Printed Loose Fabric - 42403083 - Dupatta / 2.5 / 2.5,Rs. 670.00 Rs. 436.00,"Indulge in the grandeur of fashion, making a graceful statement with our printed one-piece from the latest freedom to buy summer collection.
Product Detail:
Gradient Printed Style Dupatta
DUPATTA
Dupatta: 2.5 Meter (RS 750/-Mtr)
Fabric: Voile
Color: Skin
Note:
Product color may slightly vary due to photographic lighting sources or your device settings.",https://nishatlinen.com/products/42403083,"image_2_124_1.jpg, image_2_124_2.jpg, image_2_124_3.jpg"
3 Piece - Embroidered Suit - 42401430,"Rs. 9,740.00 Rs. 6,331.00","Look gorgeous effortlessly by wearing this embroidered three-piece from the latest unstitched summer collection.
Product Detail:
Flower Bunches With Laces Style Shirt with Dupatta and Trousers
SHIRT
Dyed Cambric Shirt: 3 Meter
Embroidered Front
Fabric: Cambric
Color: Off White
DUPATTA
Digital Printed Pure Chiffon Dupatta: 2.5 Meter
Fabric: Chiffon
Color: Off White
TROUSERS
Dyed Embroidered Cambric Trousers: 2.5 Meter
Fabric: Cambric
Color: Off White
Note:
Product color may slightly vary due to photographic lighting sources or your device settings.",https://nishatlinen.com/collections/women/products/42401430,"image_2_125_1.jpg, image_2_125_2.jpg, image_2_125_3.jpg"
1 Piece - Gold Printed Loose Fabric - 42403355 - Dupatta / 2.5 / 2.5,Rs. 880.00 Rs. 572.00,"For an extraordinary look with gold printed one-piece from the latest freedom to buy summer collection.
Product Detail:
Banarsi With Ikkat Borders Prints Style Dupatta
Dupatta
Dupatta: 2.5 Meter (RS 850/-Mtr)
Fabric: Voile
Color: Pink & Mustard
Note:
Product color may slightly vary due to photographic lighting sources or your device settings.",https://nishatlinen.com/collections/women/products/42403355,"image_2_126_1.jpg, image_2_126_2.jpg, image_2_126_3.jpg"
3 Piece - Embroidered Suit - 42402178,"Rs. 10,490.00 Rs. 8,392.00","Add a pop of color with this embroidered three-piece from the latest unstitched summer collection.
Product Detail:
Batik Style Shirt with Dupatta and Trousers
SHIRT
Solid Satin Shirt: 3 Meter
Embroidered Front + Sleeves + Motifs + 2 Borders
Fabric: Satin
Color: Black
DUPATTA
Printed Khadi Silk Dupatta: 2.23 Meter
Fabric: Khadi Silk
Color: Multi
TROUSERS
Solid Satin Trousers: 2.5 Meter
Fabric: Satin
Color: Black
Note:
Product color may slightly vary due to photographic lighting sources or your device settings.",https://nishatlinen.com/products/42402178,"image_2_127_1.jpg, image_2_127_2.jpg, image_2_127_3.jpg"
3 Piece - Printed Embroidered Suit - 42401639,"Rs. 9,740.00 Rs. 6,331.00","Adorn grace with this printed embroidered three-piece from the latest unstitched summer collection.
Product Detail:
Suzani Patterns Prints Style Shirt with Dupatta and Trousers
SHIRT
Solid Cambric Shirt: 3 Meter
Embroidered Front 
Fabric: Cambric
Color: Black
DUPATTA
Digital Printed Brochia Dupatta: 2.5 Meter
Fabric: Brochia
Color: Black
TROUSERS
Printed Cambric Trousers: 2.5 Meter
Fabric: Cambric
Color: Black
Note:
Product color may slightly vary due to photographic lighting sources or your device settings.",https://nishatlinen.com/products/42401639,"image_2_128_1.jpg, image_2_128_2.jpg, image_2_128_3.jpg"
Printed Embroidered Shirt - PS24-241 - XS,"Rs. 4,690.00 Rs. 2,814.00","Look and feel your best by wearing this printed embroidered shirt from the latest pret summer collection. 
Product Detail
Printed Embroidered Shirt
Shirt
Round Neckline With Slit & Buttons Detail On Piping, Embroidered Neckline, Straight Shirt
Fabric: Lawn
Color: Pink
Note:
Product color may vary slightly due to photographic lighting sources or monitor settings.",https://nishatlinen.com/collections/women/products/ps24-241,"image_2_129_1.jpg, image_2_129_2.jpg, image_2_129_3.jpg"
3 Piece - Printed Suit - 42401208,"Rs. 6,660.00 Rs. 4,329.00","Keep your look classy with  printed three-piece from the latest unstitched summer collection.
Product Detail:
Ombre Effect With Embellished Motifs In Printed Form Shirt with Dupatta and Trousers
SHIRT
Printed Super Fine Lawn Shirt: 3 Meter
Fabric: Lawn
Color: Pink
DUPATTA
Digital Printed Crinkle Chiffon Dupatta: 2.5 Meter
Fabric: Crinkle Chiffon
Color: Orange
TROUSERS
Printed Cambric Trousers: 2.5 Meter
Fabric: Cambric
Color: Pink
Note:
Product color may slightly vary due to photographic lighting sources or your device settings.",https://nishatlinen.com/products/42401208,"image_2_130_1.jpg, image_2_130_2.jpg, image_2_130_3.jpg"
3 Piece - Printed Loose Fabric - 42403259 - Shirt / 3 / 3,Rs. 455.00 - Rs. 527.00,"Effortlessly radiate charm and sophistication in this printed three-piece from the latest freedom to buy summer collection.
Product Detail:
Detailed Embroidered Patterns In Printed Form Shirt with Dupatta and Trousers
SHIRT
Shirt: 3 Meter (RS 750/-Mtr)
Fabric: Lawn
Color: Frozi
DUPATTA
Dupatta: 2.5 Meter (RS 780/-Mtr)
Fabric: Voile
Color: Ferozi
TROUSERS
Trousers: 2.5 Meter (RS 680/-Mtr)
Fabric: Cambric
Color: ﻿Ferozi
Note:
Product color may slightly vary due to photographic lighting sources or your device settings.",https://nishatlinen.com/products/42403259,"image_2_131_1.jpg, image_2_131_2.jpg, image_2_131_3.jpg"
3 Piece - Printed Loose Fabric - 42403136 - Shirt / 3 / 3,Rs. 830.00 Rs. 540.00,"Give your looks a flash of colour with this printed three-piece from the latest freedom to buy summer collection.
Product Detail:
Floral Mix Printed Style Shirt with Dupatta and Trousers
SHIRT
Shirt: 3 Meter (RS 730/-Mtr)
Fabric: Lawn
Color: Off White
DUPATTA
Dupatta: 2.5 Meter (RS 750/-Mtr)
Fabric: Voile
Color: Off White
TROUSERS
Trousers: 2.5 Meter (RS 690/-Mtr)
Fabric: Cambric
Color: Off White
Note:
Product color may slightly vary due to photographic lighting sources or your device settings.",https://nishatlinen.com/products/42403136,"image_2_132_1.jpg, image_2_132_2.jpg, image_2_132_3.jpg"
3 Piece - Printed Loose Fabric - 42403047 - Shirt / 3 / 3,Rs. 670.00 Rs. 436.00,"Look famous with this printed three-piece from the latest freedom to buy summer collection.
Product Detail:
Ethnic Printed Style Shirt with Dupatta and Trousers
SHIRT
Shirt: 3 Meter (RS 730/-Mtr)
Fabric: Lawn
Color: Red
DUPATTA
Dupatta: 2.5 Meter (RS 750/-Mtr)
Fabric: Voile
Color: Deep Blue
TROUSERS
Trousers: 2.5 Meter (RS 650/-Mtr)
Fabric: Cambric
Color: Red
Note:
Product color may slightly vary due to photographic lighting sources or your device settings.",https://nishatlinen.com/collections/women/products/42403047,"image_2_133_1.jpg, image_2_133_2.jpg, image_2_133_3.jpg"
3 Piece - Printed Embroidered Suit - 42401819,"Rs. 9,990.00 Rs. 6,493.50","Make your day marvelous by wearing this printed embroidered three-piece from the latest unstitched summer collection.
Product Detail:
Floral Stem Embroidered Dupatta With Polka Dots On Shirt and Trousers

SHIRT
Printed Super Fine Lawn Shirt: 3 Meter
Embroidered Front + Sleeves
Fabric: Lawn
Color: Light Green
DUPATTA
Embroidered Organza Dupatta: 2.5 Meter
Fabric: Organza
Color: Light Green
TROUSERS
Solid Cambric Trousers: 2.5 Meter
Fabric: Cambric
Color: Light Green
Note:
Product color may slightly vary due to photographic lighting sources or your device settings.",https://nishatlinen.com/products/42401819,"image_2_134_1.jpg, image_2_134_2.jpg, image_2_134_3.jpg"
3 Piece - Embroidered Suit - 42401081,"Rs. 9,230.00 Rs. 5,999.50","Revamp your wardrobe with this trendy embroidered three-piece from the latest unstitched summer collection.
Product Detail:
Russian Patterns Style Shirt with Dupatta and Trousers
SHIRT
Dyed Cambric Shirt: 3 Meter
Embroidered Front + Border
Fabric: Cambric
Color: Off White
DUPATTA
Digital Printed Soft Net Dupatta: 2.5 Meter
Fabric: Net
Color: Off White
TROUSERS
Dyed Cambric Trousers: 2.5 Meter
Fabric: Cambric
Color: ﻿Off White
Note:
Product color may slightly vary due to photographic lighting sources or your device settings.",https://nishatlinen.com/collections/women/products/42401081,"image_2_135_1.jpg, image_2_135_2.jpg, image_2_135_3.jpg"
2 Piece - Dyed Embroidered Suit - 42401956,"Rs. 5,640.00 Rs. 3,666.00","Add a touch of depth and charm to your personality by wearing this dyed embroidered two-piece from the latest unstitched summer collection.
Product Detail:
Style Shirt with Trousers
SHIRT
Solid Cambric Shirt: 3 Meter
Embroidered Front + Sleeves + Border
Fabric: Cambric
Color: Beige
TROUSERS
Solid Cambric Trousers: 2.5 Meter
Fabric: Cambric
Color: Beige
Note:
Product color may slightly vary due to photographic lighting sources or your device settings.",https://nishatlinen.com/collections/women/products/42401956,"image_2_136_1.jpg, image_2_136_2.jpg, image_2_136_3.jpg"
Embroidered Trousers - PS24-151 - XS,"Rs. 2,770.00 Rs. 1,662.00","Enhance your clothing selection with this embroidered trousers from the latest pret summer collection. 
Product Detail
Embroidered Trousers
Trousers
Loose Straight Trousers, Pleated Embroidered Hem
Fabric: Cambric
Color: Off White
Note:
Product color may vary slightly due to photographic lighting sources or monitor settings.",https://nishatlinen.com/collections/women/products/ps24-151,"image_2_137_1.jpg, image_2_137_2.jpg, image_2_137_3.jpg"
3 Piece - Printed Embroidered Suit - 42401330,"Rs. 11,790.00 Rs. 7,663.50","Escape to a world of enchanting beauty by wearing this printed embroidered three-piece from the latest unstitched summer collection.
Product Detail:
Floral Print With Chiffle Embroidered Style Shirt with Dupatta and Trousers
SHIRT
Printed Embroidered Swiss Lawn Front 
Printed Swiss Lawn Back & Sleeves
Fabric: Swiss Lawn
Color:- Blue & Off White
DUPATTA
Dyed Embroidered Swiss Voile Dupatta: 2.5 Meter
2 Embroidered Organza Dupatta Pallu Patch
Fabric: Swiss Voile
Color: Blue & Off White
TROUSERS
Printed Cambric Trousers: 2.5 Meter
Fabric: Cambric
Color: Blue & Off White
Note:
Product color may slightly vary due to photographic lighting sources or your device settings.",https://nishatlinen.com/collections/women/products/42401330,"image_2_138_1.jpg, image_2_138_2.jpg, image_2_138_3.jpg"
3 Piece - Gold Printed Embroidered Suit - 42401371,"Rs. 9,740.00 Rs. 6,331.00","Preserve your beautiful memories in this gold printed embroidered three-piece from the latest unstitched summer collection. 
Product Detail:
Banarsi Patterns With Chevrons Style Shirt with Dupatta and Trousers
SHIRT
Gold Paste Printed Sateen Shirt: 3 Meter
Embroidered Motifs + Border
Fabric: Sateen
Color: Teal
DUPATTA
Fancy Banarsi Dupatta: 2.5 Meter
Fabric: Banarsi
Color: Teal
TROUSERS
Dyed Sateen Trousers: 2.5 Meter
Fabric: Sateen
Color: Teal
Note:
Product color may slightly vary due to photographic lighting sources or your device settings.",https://nishatlinen.com/products/42401371,"image_2_139_1.jpg, image_2_139_2.jpg, image_2_139_3.jpg"
2 Piece - Printed Suit - PE24-408 - XS / S,"Rs. 4,570.00 Rs. 2,742.00","Get an ultimate classy look with this printed two-piece suit from the latest pret summer collection.
Product Detail
Printed Shirt With Trousers
Shirt
Round Neckline With V Slit, Straight Long Shirt
Fabric: Cambric
Color: Yellow
Trousers
Printed Straight Trousers
Fabric: Cambric
Color: Yellow
Note:
Product color may vary slightly due to photographic lighting sources or monitor settings.",https://nishatlinen.com/collections/women/products/pe24-408,"image_2_140_1.jpg, image_2_140_2.jpg, image_2_140_3.jpg"
3 Piece - Printed Suit - 42401853,"Rs. 6,150.00 Rs. 3,997.50","Refresh your wardrobe with this printed three-piece from the latest unstitched summer collection.
Product Detail:
Mughal Printed Style Shirt with Dupatta and Trousers
SHIRT
Printed Lawn Shirt: 3 Meter
Fabric: Lawn
Color: Red & Brown
DUPATTA
Digital Printed Zari Lawn Dupatta: 2.5 Meter
Fabric: Zari Lawn
Color: Red & Brown
TROUSERS
Dyed Cambric Trousers: 2.5 Meter
Fabric: Cambric
Color: Red
Note:
Product color may slightly vary due to photographic lighting sources or your device settings.",https://nishatlinen.com/collections/women/products/42401853,"image_2_141_1.jpg, image_2_141_2.jpg, image_2_141_3.jpg"
3 Piece - Yarn Dyed Embroidered Suit - 42402170,"Rs. 8,490.00 Rs. 6,792.00","Refresh your wardrobe with this yarn dyed embroidered three-piece from the latest unstitched summer collection.
Product Detail:
Yarn Dyed Dupatta With Stripes On Shirt and Trousers
SHIRT
Yarn Dyed Shirt: 3 Meter
2 Embroidered Motifs + Border
Fabric: Yarn Dyed
Color: Yellow
DUPATTA
Yarn Dyed Dupatta: 2.5 Meter
Fabric: Yarn Dyed
Color: Green
TROUSERS
Solid Cambric Trousers: 2.5 Meter
Fabric: Solid Cambric
Color: White
Note:
Product color may slightly vary due to photographic lighting sources or your device settings.",https://nishatlinen.com/products/42402170,"image_2_142_1.jpg, image_2_142_2.jpg, image_2_142_3.jpg"
Embroidered Shirt - PS24-52 - XS,"Rs. 3,590.00 Rs. 2,154.00","Elevate your everyday fits and look elegant by wearing this embroidered shirt from the latest pret summer collection.
Product Detail
Embroidered Shirt
Shirt
Round Neckline With Slit, Top Stitching Detail at Sleeves Opening, Embroidered Front, Round Hem
Fabric: Cambric
Color: Yellow
Note:
Product color may vary slightly due to photographic lighting sources or monitor settings.",https://nishatlinen.com/collections/women/products/ps24-52,"image_2_143_1.jpg, image_2_143_2.jpg, image_2_143_3.jpg"
Basic Shirt - PS24-03 - XS,"Rs. 4,310.00 Rs. 2,586.00","Exude strength and resilience with this basic shirt from the latest pret pre summer collection.
Product Detail
Basic Shirt
Shirt
Round Neckline With Adda Work Detail On Placket, U Shaped Yoke With Pintucks Detail, Pleats Detail On Sleeves
Fabric: Jacquard
Color: Baby Pink
Note:
Product color may vary slightly due to photographic lighting sources or monitor settings.",https://nishatlinen.com/collections/women/products/ps24-03,"image_2_144_1.jpg, image_2_144_2.jpg, image_2_144_3.jpg"
3 Piece - Printed Loose Fabric - 42403141 - Shirt / 3 / 3,Rs. 750.00 Rs. 488.00,"Unveil your inner goddess with this printed three-piece from the latest freedom to buy summer collection.
Product Detail:
Abstract Ethnic Printed Style Shirt with Dupatta and Trousers
SHIRT
Shirt: 3 Meter (RS 730/-Mtr)
Fabric: Lawn
Color: Peach
DUPATTA
Dupatta: 2.5 Meter (RS 750/-Mtr)
Fabric: Voile
Color: Peach
Note: Fabric used in shoot for gown is dupatta fabric
TROUSERS
Trousers: 2.5 Meter (RS 650/-Mtr)
Fabric: Cambric
Color: Peach
Note:
Product color may slightly vary due to photographic lighting sources or your device settings.",https://nishatlinen.com/collections/women/products/42403141,"image_2_145_1.jpg, image_2_145_2.jpg, image_2_145_3.jpg"
Basic Dress - FS24-55 - XS,"Rs. 8,730.00 Rs. 5,238.00","Delicate your look with this basic dress from the latest pret summer collection.
Product Detail
Basic Dress
Dress
Band Neckline With Fancy Buttons Detail On Front, Lace Detail On Sleeves, Button Down Dress
Fabric: Jacquard
Color: Red
Note:
Product color may vary slightly due to photographic lighting sources or monitor settings.",https://nishatlinen.com/products/fs24-55,"image_2_146_1.jpg, image_2_146_2.jpg, image_2_146_3.jpg"
1 Piece - Dyed Loose Fabric - 42402011-1 - Shirt / 3 / 3,Rs. 670.00 Rs. 436.00,"Unveil your summer glow in our carefully curated, dyed one-piece from the latest freedom to buy summer collection.
Product Detail:
Shirt
SHIRT
Shirt: 3 Meter (RS 650/-Mtr)
Fabric: Cambric
Color: Caramel
Note:
Product color may slightly vary due to photographic lighting sources or your device settings.",https://nishatlinen.com/collections/women/products/42402011-1,"image_2_147_1.jpg, image_2_147_2.jpg, image_2_147_3.jpg"
3 Piece - Printed Embroidered Suit - 42402066,"Rs. 8,690.00 Rs. 5,648.50","Be yourself fabulous by wearing this printed embroidered three-piece from the latest unstitched summer collection.
Product Detail:
Banarsi Motifs Style Shirt with Dupatta and Trousers
SHIRT
Printed Super Fine Lawn Shirt: 3 Meter
3 Embroidered Motifs + Border
Fabric: Lawn
Color: Pink
DUPATTA
Digital Printed Fancy Jacquard Dupatta: 2.5 Meter
Fabric: Jacquard
Color: Orange
TROUSERS
Solid Cambric Trousers: 2.5 Meter
Fabric: Cambric
Color: Pink
Note:
Product color may slightly vary due to photographic lighting sources or your device settings.",https://nishatlinen.com/collections/women/products/42402066,"image_2_148_1.jpg, image_2_148_2.jpg, image_2_148_3.jpg"
Embroidered Shirt - AS24-56 - XS,"Rs. 4,620.00 Rs. 2,772.00","Make yourself charming by styling this embroidered shirt from the latest pret summer collection.
Product Detail
Embroidered Shirt
Shirt
Band Neckline With Slit, Embroidered Panels Detail, Front Open A-Line Shirt
Fabric: Jacquard
Color: Grey
Note:
Product color may vary slightly due to photographic lighting sources or monitor settings.",https://nishatlinen.com/collections/women/products/as24-56,"image_2_149_1.jpg, image_2_149_2.jpg, image_2_149_3.jpg"
3 Piece - Gold Printed Embroidered Suit - 42401376,"Rs. 9,740.00 Rs. 6,331.00","Add a feminine touch to your looks with this gold printed embroidered three-piece from the latest unstitched summer collection.
Product Detail:
Floral Banarsi Style Shirt with Dupatta and Trousers
SHIRT
White Paste Printed Sateen Shirt: 3 Meter
Embroidered Neckline + Motifs + Border
Fabric: Sateen
Color: Black
DUPATTA
Fancy Banarsi Dupatta: 2.5 Meter
Fabric: Banarsi
Color: White & Black
TROUSERS
Dyed Sateen Trousers: 2.5 Meter
Fabric: Sateen
Color: Black
Note:
Product color may slightly vary due to photographic lighting sources or your device settings.",https://nishatlinen.com/products/42401376,"image_2_150_1.jpg, image_2_150_2.jpg, image_2_150_3.jpg"
3 Piece - Printed Embroidered Suit - 42405030,"Rs. 8,720.00 Rs. 5,668.00","Create an eye-catching look by wearing this printed embroidered three-piece from the latest summer collection.
Product Detail:
Shirt with Dupatta and Trousers
SHIRT
Digital Printed Super Fine Lawn Shirt: 3.2 Meter
Embroidered Front + Embroidered Patch Sleeves: 1 Mtr
Fabric: Lawn
Color: Sage
Note: Embroidered Border Used at Side Panel Not Part in Accessories.
DUPATTA
Embroidered Organza Dupatta: 2.6 Meter
Fabric: Organza
Color: Tea Pink
TROUSERS
Dyed Cambric Trousers: 2.5 Meter
Fabric: Cambric
Color: Sage
Note:
Product color may slightly vary due to photographic lighting sources or your device settings.",https://nishatlinen.com/products/42405030,"image_2_151_1.jpg, image_2_151_2.jpg, image_2_151_3.jpg"
Embroidered Shirt - PE24-104 - XS,"Rs. 3,590.00 Rs. 2,154.00","Ease your confusion about styling by wearing this embroidered shirt from the latest pret summer collection.  
Product Detail
Embroidered Shirt
Shirt
Band Neckline With Pleats, Top Stitches & Buttons Detail on Placket, Front Open At Hem, Button Down Shirt
Fabric: Cambric
Color: Copper
Note:
Product color may vary slightly due to photographic lighting sources or monitor settings.",https://nishatlinen.com/products/pe24-104,"image_2_152_1.jpg, image_2_152_2.jpg, image_2_152_3.jpg"
3 Piece - Printed Loose Fabric - 42403173 - Shirt / 3 / 3,Rs. 830.00 Rs. 540.00,"Dive into a world of captivating aesthetics with this printed three-piece from the latest freedom to buy summer collection. 
Product Detail:
Ethnic Printed Style Shirt with Dupatta and Trousers
SHIRT
Shirt: 3 Meter (RS 730/-Mtr)
Fabric: Lawn
Color: Green
DUPATTA
Dupatta: 2.5 Meter (RS 750/-Mtr)
Fabric: Voile
Color: Green
TROUSERS
Trousers: 2.5 Meter (RS 650/-Mtr)
Fabric: Cambric
Color: Green
Note:
Product color may slightly vary due to photographic lighting sources or your device settings.",https://nishatlinen.com/products/42403173,"image_2_153_1.jpg, image_2_153_2.jpg, image_2_153_3.jpg"
2 Piece - Printed Suit - PE24-364 - XS / S,"Rs. 5,130.00 Rs. 3,078.00","For a stunningly spectacular look, try this printed two-piece suit from the latest pret summer collection.
Product Detail
Printed Shirt With Trousers
Shirt
Collar Neckline With Buttons Detail On Placket, Gathered Elastic Sleeves, Button Down Shirt
Fabric: Lawn
Color: Red
Trousers
Printed Loose Straight Trousers
Fabric: Cambric
Color: Red
Note:
Product color may vary slightly due to photographic lighting sources or monitor settings.",https://nishatlinen.com/collections/women/products/pe24-364,"image_2_154_1.jpg, image_2_154_2.jpg, image_2_154_3.jpg"
3 Piece - Printed Embroidered Suit - 42401826,"Rs. 9,990.00 Rs. 6,493.50","Be dedicated in this printed embroidered three-piece from the latest unstitched summer collection.
Product Detail:
Floral Bunch Dupatta With Textured Shirt and Trousers
SHIRT
Printed Super Fine Lawn Shirt: 3 Meter
Embroidered Front + Motifs
Fabric: Lawn
Color: Peach
DUPATTA
Embroidered Organza Dupatta: 2.5 Meter
Fabric: Organza
Color: Peach
TROUSERS
Solid Cambric Trousers: 2.5 Meter
Fabric: Cambric
Color: Peach
Note:
Product color may slightly vary due to photographic lighting sources or your device settings.",https://nishatlinen.com/products/42401826,"image_2_155_1.jpg, image_2_155_2.jpg, image_2_155_3.jpg"
1 Piece - Digital Printed Loose Fabric - 42403345 - Shirt / 3 / 3,Rs. 880.00 Rs. 572.00,"Look mesmerizing with this colorful digital printed one-piece from the latest freedom to buy summer collection.
Product Detail:
Bead Work Florals Printed Style Shirt 
SHIRT
Shirt: 3 Meter (RS 850/-Mtr)
Fabric: Dobby Lawn
Color: Mustard
Note:
Product color may slightly vary due to photographic lighting sources or your device settings.",https://nishatlinen.com/products/42403345,"image_2_156_1.jpg, image_2_156_2.jpg, image_2_156_3.jpg"
2 Piece - Jacquard Embroidered Suit - 42402161,"Rs. 6,990.00 Rs. 5,592.00","Elevate your daily style with this jacquard embroidered two-piece from the latest unstitched summer collection.
Product Detail:
Mughal Pattern Style Shirt with Dupatta
SHIRT
Jacquard Shirt: 3 Meter
Embroidered Neckline + Border
Fabric: Jacquard
Color: Beige
DUPATTA
Jacquard Dupatta: 2.5 Meter
Fabric: Jacquard
Color: Beige
Note:
Product color may slightly vary due to photographic lighting sources or your device settings.",https://nishatlinen.com/products/42402161,"image_2_157_1.jpg, image_2_157_2.jpg, image_2_157_3.jpg"
Embroidered Shirt - PE24-71 - XS,"Rs. 5,130.00 Rs. 3,078.00","Radiate pure enchantment by wearing this embroidered shirt from the latest pret summer collection.
Product Detail
Embroidered Shirt
Shirt
Band Neckline With Piping & Slit, Embroidered Front, Lace Detail On Sleeves
Fabric: Texture
Color: Sky Blue
Note:
Product color may vary slightly due to photographic lighting sources or monitor settings.",https://nishatlinen.com/products/pe24-71,"image_2_158_1.jpg, image_2_158_2.jpg, image_2_158_3.jpg"
2 Piece - Embroidered Suit - PE24-129 - XS,"Rs. 8,200.00 Rs. 4,920.00","Make a regal impression with this embroidered two-piece suit from the latest pret summer collection.
Product Detail
Embroidered Shirt With Dupatta
Shirt
Round Neckline With V Slit, Embroidered Sleeves, Straight Shirt
Fabric: Cambric
Color: Orange
Dupatta
Embroidered Dupatta
Fabric: Chiffon
Color: Orange
Note:
Product color may vary slightly due to photographic lighting sources or monitor settings.",https://nishatlinen.com/products/pe24-129,"image_2_159_1.jpg, image_2_159_2.jpg, image_2_159_3.jpg"
Embroidered Trousers - PS24-262 - XS,"Rs. 2,560.00 Rs. 1,536.00","Make your day memorable by wearing this embroidered trousers from the latest pret summer collection.
Product Detail
Embroidered Trousers
Trousers
Loose Straight Pants With Embroidered Hem
Fabric: Cambric
Color: Off White
Note:
Product color may vary slightly due to photographic lighting sources or monitor settings.",https://nishatlinen.com/products/ps24-262,"image_2_160_1.jpg, image_2_160_2.jpg, image_2_160_3.jpg"
3 Piece - Printed Loose Fabric - 42403261 - Shirt / 3 / 3,Rs. 455.00 - Rs. 527.00,"Unleash your creativity and create a unique style with this printed three-piece from the latest freedom to buy summer collection.
Product Detail:
Tarkashi Patterns In Printed Style Shirt with Dupatta and Trousers
SHIRT
Shirt: 3 Meter (RS 750/-Mtr)
Fabric: Lawn
Color: Red
DUPATTA
Dupatta: 2.5 Meter (RS 780/-Mtr)
Fabric: Voile
Color: Red
TROUSERS
Trousers: 2.5 Meter (RS 680/-Mtr)
Fabric: Cambric
Color: ﻿Red
Note:
Product color may slightly vary due to photographic lighting sources or your device settings.",https://nishatlinen.com/collections/women/products/42403261,"image_2_161_1.jpg, image_2_161_2.jpg, image_2_161_3.jpg"
Embroidered Trousers - PS24-160 - XS,"Rs. 2,770.00 Rs. 1,662.00","For a stylish upgrade to your wardrobe, try this embroidered trousers from the latest pret summer collection. 
Product Detail
Embroidered Trousers
Trousers
Loose Straight Trousers With Embroidered Hem
Fabric: Cambric
Color: White
Note:
Product color may vary slightly due to photographic lighting sources or monitor settings.",https://nishatlinen.com/collections/women/products/ps24-160,"image_2_162_1.jpg, image_2_162_2.jpg, image_2_162_3.jpg"
3 Piece - Jacquard Suit - 42402123,"Rs. 9,990.00 Rs. 7,992.00","Revitalize your style with this jacquard three-piece from the latest unstitched summer collection.
Product Detail:
Abstract Leafy Motifs Style Shirt with Dupatta and Trousers
SHIRT
Jacquard Shirt: 3 Meter
Fabric: Jacquard
Color: Green
DUPATTA
Digital Printed Crinkle Chiffon Dupatta: 2.5 Meter
Fabric: Crinkle Chiffon
Color: Green
TROUSERS
Jacquard Trousers: 2.5 Meter
Fabric: Jacquard
Color: Green
Note:
Product color may slightly vary due to photographic lighting sources or your device settings.",https://nishatlinen.com/collections/women/products/42402123,"image_2_163_1.jpg, image_2_163_2.jpg, image_2_163_3.jpg"
Embroidered Shirt - PE24-331 - XS,"Rs. 4,300.00 Rs. 2,580.00","Look effortlessly chic and on-trend with this embroidered shirt from the latest pret summer collection.
Product Detail
Embroidered Shirt
Shirt
Round Neckline With Slit & Piping, Embroidered Front & Sleeves
Fabric: Cambric
Color: Clay
Note:
Product color may vary slightly due to photographic lighting sources or monitor settings.",https://nishatlinen.com/collections/women/products/pe24-331,"image_2_164_1.jpg, image_2_164_2.jpg, image_2_164_3.jpg"
3 Piece - Printed Loose Fabric - 42403375 - Shirt / 3 / 3,Rs. 455.00 - Rs. 533.00,"Adopt an enthralling look by wearing this printed three-piece from the latest freedom to buy summer collection.
Product Detail
Mughal Motifs In Printed Form Shirt with Dupatta and Trousers 
SHIRT
Shirt: 3 Meter (RS 780/-Mtr) 
Fabric: Lawn
Color: Green
DUPATTA
Dupatta: 2.5 Meter (RS 800/-Mtr) 
Fabric: Voile
Color: Green
TROUSERS
Trousers: 2.5 Meter (RS 700/-Mtr) 
Fabric: Cambric
Color: Green
Note:
Product color may slightly vary due to photographic lighting sources or your device settings.",https://nishatlinen.com/products/42403375,"image_2_165_1.jpg, image_2_165_2.jpg, image_2_165_3.jpg"
2 piece - Digital Printed Embroidered Suit - 42401739,"Rs. 5,130.00 Rs. 3,334.50","Get a stunning & fabulous blend of eye-catching by wearing this digital printed embroidered two-piece from the latest unstitched summer collection.
Product Detail:
Floral Prints Style Shirt with Trousers
SHIRT
Solid Cambric Shirt: 3 Meter
Embroidered Neckline
Fabric: Cambric
Color: Black
TROUSERS
Digital Printed Cambric Trousers: 2.5 Meter
Fabric: Cambric
Color: Black
Note:
Product color may slightly vary due to photographic lighting sources or your device settings.",https://nishatlinen.com/products/42401739,"image_2_166_1.jpg, image_2_166_2.jpg, image_2_166_3.jpg"
3 Piece - Printed Embroidered Suit - 42401559,"Rs. 8,720.00 Rs. 5,668.00","Flourish your personality more with this printed embroidered three-piece from the latest unstitched summer collection. 
Product Detail:
Tie & Dye Textures Style Shirt with Dupatta and Trousers
SHIRT
Digital Printed Zari Lawn Shirt: 3 Meter
Embroidered Neckline + Border
Fabric: Lawn
Color: Black
DUPATTA
Digital Printed Zari Lawn Dupatta: 2.5 Meter
Fabric: Lawn
Color: Black
TROUSERS
Dyed Cambric Trousers: 2.5 Meter
Fabric: Cambric
Color: Black
Note:
Product color may slightly vary due to photographic lighting sources or your device settings.",https://nishatlinen.com/collections/women/products/42401559,"image_2_167_1.jpg, image_2_167_2.jpg, image_2_167_3.jpg"
1 Piece - Digital Printed Loose Fabric - 42403388 - Shirt / 3 / 3,Rs. 830.00 Rs. 540.00,"Turn every moment into an everlasting memory with our digital printed one-piece from the latest freedom to buy summer collection.
Product Detail:
Linear Floral Jaal Printed Style Shirt 
SHIRT
Shirt: 3 Meter (RS 830/-Mtr)
Fabric: Dobby Lawn
Color: Off White

Note:
Product color may slightly vary due to photographic lighting sources or your device settings.",https://nishatlinen.com/products/42403388,"image_2_168_1.jpg, image_2_168_2.jpg, image_2_168_3.jpg"
3 Piece - Printed Suit - 42401465,"Rs. 5,130.00 Rs. 3,334.50","Make your day magnificent by wearing this printed three-piece from the latest unstitched summer collection.
Product Detail:
Bold Modern Floral With Lace Shirt Style with Dupatta and Trousers
SHIRT
Printed Super Fine Lawn Shirt: 3 Meter
Fabric: Lawn
Color: Black
DUPATTA
Digital Printed Crinkle Chiffon Dupatta: 2.5 Meter
Fabric: Crinkle Chiffon
Color: Black
TROUSERS
Dyed Cambric Trousers: 2.5 Meter
Fabric: Cambric
Color: Black
Note:
Product color may slightly vary due to photographic lighting sources or your device settings.",https://nishatlinen.com/products/42401465,"image_2_169_1.jpg, image_2_169_2.jpg, image_2_169_3.jpg"
3 Piece - Embroidered Suit - 42401649,"Rs. 9,740.00 Rs. 6,331.00","Brighten up your life to remember this embroidered three-piece from the latest unstitched summer collection.
Product Detail:
Textures With Embellished Borders Style Shirt with Dupatta and Trousers
SHIRT
Dyed Cambric Shirt: 3 Meter
Embroidered Front + Border
Fabric: Cambric
Color: Purple
DUPATTA
Digital Printed Organza Chiffon Dupatta: 2.5 Meter
Fabric: Organza Chiffon
Color: Purple
TROUSERS
Dyed Cambric Trousers: 2.5 Meter
Fabric: Cambric
Color: ﻿Purple
Note:
Product color may slightly vary due to photographic lighting sources or your device settings.",https://nishatlinen.com/products/42401649,"image_2_170_1.jpg, image_2_170_2.jpg, image_2_170_3.jpg"
Slip - PS24-284 - XS,"Rs. 1,430.00 Rs. 1,144.00","Add comfort and a soft and smooth feel to your daily wear with this slip from the latest winter collection. 
Product Detail
Basic Slip
Slip
Stylized V Neckline
Fabric: Voile
Color: White
Note:
Product color may slightly vary due to photographic lighting sources or your monitor settings.",https://nishatlinen.com/collections/women/products/ps24-284,image_2_171_1.jpg
3 Piece - Printed Embroidered Suit - 42402042,"Rs. 7,690.00 Rs. 4,998.50","Get the natural attraction of women towards the new and dynamic printed embroidered three-piece from the latest unstitched summer collection.
Product Detail:
Floral Silhouettes Prints Style Shirt with Dupatta & Trousers
SHIRT
Printed Super Fine Lawn Shirt: 3 Meter
Embroidered Neckline + Motifs 
Fabric: Lawn
Color: Black & Brown
DUPATTA
Digital Printed Crinkle Chiffon Dupatta: 2.5 Meter
Fabric: Crinkle Chiffon
Color: Black & Brown
TROUSERS
Solid Cambric Trousers: 2.5 Meter
Fabric: Cambric
Color: Brown
Note:
Product color may slightly vary due to photographic lighting sources or your device settings.",https://nishatlinen.com/collections/women/products/42402042,"image_2_172_1.jpg, image_2_172_2.jpg, image_2_172_3.jpg"
3 Piece - Printed Loose Fabric - 42403048 - Shirt / 3 / 3,Rs. 670.00 Rs. 436.00,"Brighten up your wardrobe with this printed three-piece from the latest freedom to buy summer collection.
Product Detail:
Paisleys Printed Style Shirt with Dupatta and Trousers
SHIRT
Shirt: 3 Meter (RS 730/-Mtr)
Fabric: Lawn
Color: Dull Pink
DUPATTA
Dupatta: 2.5 Meter (RS 750/-Mtr)
Fabric: Voile
Color: Dull Pink
TROUSERS
Trousers: 2.5 Meter (RS 650/-Mtr)
Fabric: Cambric
Color: ﻿Dull Pink
Note:
Product color may slightly vary due to photographic lighting sources or your device settings.",https://nishatlinen.com/collections/women/products/42403048,"image_2_173_1.jpg, image_2_173_2.jpg, image_2_173_3.jpg"
1 Piece - Gold Printed Loose Fabric - 42403234 - Dupatta / 2.5 / 2.5,Rs. 750.00 Rs. 488.00,"For a fashionable statement adorn this gold printed one-piece from the latest freedom to buy summer collection.
Product Detail:
Bold Patterns Printed Style Dupatta
DUPATTA
Dupatta: 2.5 Meter (RS 800/-Mtr)
Fabric: Voile
Color: Beige

Note:
Product color may slightly vary due to photographic lighting sources or your device settings.",https://nishatlinen.com/products/42403234,image_2_174_1.jpg
2 Piece - Printed Embroidered Suit - 42401567,"Rs. 5,130.00 Rs. 3,334.50","Get a stunning & fabulous blend of eye-catching by wearing this printed embroidered two-piece from the latest unstitched summer collection.
Product Detail:
Cross Stitch Patterns Prints Style Shirt with Dupatta
SHIRT
Printed Super Fine Lawn Shirt: 3 Meter
Embroidered Motifs
Fabric: Lawn
Color: Beige Green
DUPATTA
Digital Printed Muzlin Dupatta: 2.5 Meter
Fabric: Muzlin
Color: Beige Green
Note:
Product color may slightly vary due to photographic lighting sources or your device settings.",https://nishatlinen.com/products/42401567,"image_2_175_1.jpg, image_2_175_2.jpg, image_2_175_3.jpg"
Embroidered Shirt - PE24-126 - XS,"Rs. 6,660.00 Rs. 3,996.00","Ease your confusion for styling by wearing this embroidered shirt from the latest pret summer collection.

Product Detail
Embroidered Shirt
Shirt
Round Neckline With Piping & Slit, Embroidered Neckline, Sleeves & Side Panels
Fabric: Jacquard
Color: Coral
Note:
Product color may vary slightly due to photographic lighting sources or monitor settings.",https://nishatlinen.com/products/pe24-126,"image_2_176_1.jpg, image_2_176_2.jpg, image_2_176_3.jpg"
3 Piece - Jacquard Embroidered Suit - 42401925,"Rs. 8,690.00 Rs. 5,648.50","Make your day memorable with this graceful jacquard embroidered three-piece from the latest unstitched summer collection.
Product Detail:
Embellished Style Shirt with Dupatta and Trousers
SHIRT
Solid Jacquard Shirt: 3 Meter
Embroidered Neckline + Patch
Fabric: Jacquard
Color: Magenta
DUPATTA
Digital Printed Zari Lawn Dupatta: 2.5 Meter
Fabric: Zari Lawn
Color: Magenta
TROUSERS
Solid Cambric Trousers: 2.5 Meter
Fabric: Cambric
Color: Magenta
Note:
Product color may slightly vary due to photographic lighting sources or your device settings.",https://nishatlinen.com/collections/women/products/42401925,"image_2_177_1.jpg, image_2_177_2.jpg, image_2_177_3.jpg"
Printed Dress - FE24-80 - XS,"Rs. 10,260.00 Rs. 6,156.00","Dive into a world of captivating aesthetics with this printed dress from the latest pret summer collection.
Product Detail
Printed dress
Dress
Round Neckline With Piping & Tassels Detail, Lace Detail On Sleeves & Sides, Boxy Cut Dress
Fabric: Jacquard
Color: Off White
Note:
Product color may vary slightly due to photographic lighting sources or monitor settings.",https://nishatlinen.com/products/fe24-80,"image_2_178_1.jpg, image_2_178_2.jpg, image_2_178_3.jpg"
2 Piece - Embroidered Suit - PE24-112 - XS,"Rs. 9,230.00 Rs. 5,538.00","Make a stylish addition to your collection with this embroidered two-piece suit from the latest pret summer collection. 
Product Detail
Embroidered Shirt With Dupatta
Shirt
Round Neckline With Piping & Slit, Embroidered Neckline
Fabric: Texture
Color: Peach
Dupatta
Fabric: Jacquard
Color: Peach
Note:
Product color may vary slightly due to photographic lighting sources or monitor settings.",https://nishatlinen.com/collections/women/products/pe24-112,"image_2_179_1.jpg, image_2_179_2.jpg, image_2_179_3.jpg"
2 Piece - Printed Suit - AS24-64 - XS,"Rs. 5,020.00 Rs. 3,012.00","Get instant timeless appeal and stay effortlessly chic with this printed two-piece suit from the latest pret summer collection.
Product Detail
Printed Shirt With Trousers
Shirt
Band Neckline With Placket
Fabric: Cambric
Color: Off White
Trousers
Printed Loose Trousers
Fabric: Cambric
Color: Off White
Note:
Product color may vary slightly due to photographic lighting sources or monitor settings.",https://nishatlinen.com/products/as24-64,"image_2_180_1.jpg, image_2_180_2.jpg, image_2_180_3.jpg"
3 Piece - Embroidered Suit - 42402059,"Rs. 8,720.00 Rs. 5,668.00","Adorn grace with this embroidered three-piece from the latest unstitched summer collection.
Product Detail:
Embellished Mughal Motifs Style Shirt with Dupatta & Trousers
SHIRT
Solid Slub Cambric Shirt: 3 Meter
Embroidered Front + Sleeves + Border
Fabric: Slub Cambric
Color: Black 
DUPATTA
Digital Printed Slub Dupatta: 2.5 Meter
Fabric: Slub
Color: Black
TROUSERS
Solid Cambric Trousers: 2.5 Meter
Fabric: Cambric
Color: Black
Note:
Product color may slightly vary due to photographic lighting sources or your device settings.",https://nishatlinen.com/collections/women/products/42402059,"image_2_181_1.jpg, image_2_181_2.jpg, image_2_181_3.jpg"
3 Piece - Embroidered Suit - 42401084,"Rs. 9,230.00 Rs. 5,999.50","Style up with this new designer dress embroidered three-piece from the latest unstitched summer collection.
Product Detail:
Floral Style Shirt with Dupatta and Trousers
SHIRT
Embroidered Cambric Front: 1.15 Meter
Dyed Cambric Back & Sleeves: 1.85 Meter
Embroidered Border
Fabric: Cambric
Color: Black
DUPATTA
Digital Printed Soft Net Dupatta: 2.5 Meter
Fabric: Net
Color: Black
TROUSERS
Dyed Cambric Trousers: 2.5 Meter
Fabric: Cambric
Color: ﻿Black
Note:
Product color may slightly vary due to photographic lighting sources or your device settings.",https://nishatlinen.com/collections/women/products/42401084,"image_2_182_1.jpg, image_2_182_2.jpg, image_2_182_3.jpg"
Embroidered Shirt - PE24-142 - XS,"Rs. 5,130.00 Rs. 3,078.00","Ease your confusion for styling by wearing this embroidered shirt from the latest pret summer collection.
Product Detail
Embroidered Shirt
Shirt
Band Neckline With Piping & Tassels Detail, Embroidered Sleeves
Fabric: Jacquard
Color: Orchid
Note:
Product color may vary slightly due to photographic lighting sources or monitor settings.",https://nishatlinen.com/products/pe24-142,"image_2_183_1.jpg, image_2_183_2.jpg, image_2_183_3.jpg"
3 Piece - Printed Loose Fabric - 42403167 - Shirt / 3 / 3,Rs. 830.00 Rs. 540.00,"Command attention and leave a lasting impression with this printed three-piece from the latest freedom to buy summer collection.
Product Detail:
Abstract Flower Bunches Printed Style Shirt with Dupatta and Trousers
SHIRT
Shirt: 3 Meter (RS 730/-Mtr)
Fabric: Lawn
Color: Skin
DUPATTA
Dupatta: 2.5 Meter (RS 750/-Mtr)
Fabric: Voile
Color: Skin
TROUSERS
Trousers: 2.5 Meter (RS 650/-Mtr)
Fabric: Cambric
Color: Skin
Note:
Product color may slightly vary due to photographic lighting sources or your device settings.",https://nishatlinen.com/collections/women/products/42403167,"image_2_184_1.jpg, image_2_184_2.jpg, image_2_184_3.jpg"
3 Piece - Gold Printed Embroidered Suit - 42401865,"Rs. 7,690.00 Rs. 4,998.50","Look perfect with this gold printed embroidered three-piece from the latest unstitched summer collection.
Product Detail:
Chain Stitch & Ethnic Patterns Style Shirt with Dupatta and Trousers
SHIRT
Gold Paste Printed Super Fine Lawn Shirt: 3 Meter
Embroidered Neckline + Border
Fabric: Lawn
Color: Green
DUPATTA
Gold Paste Printed Voile Dupatta: 2.5 Meter
Fabric: Voile
Color: Green
TROUSERS
Solid Cambric Trousers: 2.5 Meter
Fabric: Cambric
Color: Green
Note:
Product color may slightly vary due to photographic lighting sources or your device settings.",https://nishatlinen.com/products/42401865,"image_2_185_1.jpg, image_2_185_2.jpg, image_2_185_3.jpg"
3 Piece - White Paste Printed Embroidered Suit - 42401912,"Rs. 8,720.00 Rs. 5,668.00","Make your day pleasingly memorable with this digital printed embroidered three-piece from the latest unstitched summer collection.
Product Detail:
Floral Bunches Style Shirt with Dupatta and Trousers
SHIRT
White Paste Printed Super Fine Lawn Shirt: 3 Meter
Embroidered Motifs + 2 Borders
Fabric: Lawn
Color: Light Grey
DUPATTA
White Paste Printed Voile Dupatta: 2.5 Meter
Fabric: Voile
Color: Light Grey
TROUSERS
Dyed Cambric Trousers: 2.5 Meter
Fabric: Cambric
Color: Light Grey
Note:
Product color may slightly vary due to photographic lighting sources or your device settings.",https://nishatlinen.com/collections/women/products/42401912,"image_2_186_1.jpg, image_2_186_2.jpg, image_2_186_3.jpg"
2 Piece - Embroidered Loose Fabric - 42402002 - Shirt Front + Sleeves / 2 / 2,Rs. 436.00 - Rs. 663.00,"Strut in style with this embroidered two-piece from the latest freedom to buy summer collection.
Product Detail:
Shirt & Trousers 
Measurements: 
Shirt Front + Sleeves Fabric: 2 Meter (RS 1750/-Mtr)
Shirt Back + Trousers Fabric: 3.75 Meter (RS 650/-Mtr)
Fabric: Cambric
Color: Sage Green
Note:
Product color may slightly vary due to photographic lighting sources or your device settings.",https://nishatlinen.com/products/42402002,"image_2_187_1.jpg, image_2_187_2.jpg, image_2_187_3.jpg"
2-Piece - Printed Embroidered Suit  - PS24-255 - XS,"Rs. 7,790.00 Rs. 4,674.00","Create a statement-making festive look with this printed embroidered two-piece suit from the latest pret summer collection. 
Product Detail
Printed Embroidered Shirt With Dupatta
Shirt
Round Neckline With Slit & Buttons Detail On Piping, Straight Printed Shirt
Fabric: Lawn
Color: Off White
Dupatta
Tassels Detail At Dupatta Corners
Fabric: Voile
Color: Off White
Note:
Product color may vary slightly due to photographic lighting sources or monitor settings.",https://nishatlinen.com/collections/women/products/ps24-255,"image_2_188_1.jpg, image_2_188_2.jpg, image_2_188_3.jpg"
Slips - PS23-04 - XS,"Rs. 1,050.00 Rs. 840.00","Slip adds comfort, soft and smooth feel to your daily wear. Try this breathable and durable stuff slip from the latest summer collection.
Product Detail
V Neck Slip
Color: Black
Fabric: Voile
Note:
Product color may slightly vary due to photographic lighting sources or your monitor settings.",https://nishatlinen.com/collections/women/products/ps23-04,image_2_189_1.jpg
3 Piece - Embroidered Suit - 42401793,"Rs. 10,770.00 Rs. 7,000.50","Get a visible presentation by wearing this embroidered three-piece from the latest unstitched summer collection.
Product Detail:
Banarsi Style Shirt with Dupatta and Trousers
SHIRT
Solid Satin Shirt: 3 Meter
Embroidered Neckline + Sleeves + Motifs + Border
Fabric: Satin
Color: Light Blue
DUPATTA
Fancy Banarsi Dupatta: 2.5 Meter
Fabric: Banarsi
Color: Light Blue
TROUSERS
Solid Satin Trousers: 2.5 Meter
Fabric: Satin
Color: Light Blue
Note:
Product color may slightly vary due to photographic lighting sources or your device settings.",https://nishatlinen.com/products/42401793,"image_2_190_1.jpg, image_2_190_2.jpg, image_2_190_3.jpg"
Printed Embroidered Shirt - PE24-287 - XS,"Rs. 4,510.00 Rs. 2,706.00","Wrap yourself in an aura of enchantment with this printed embroidered shirt from the latest pret summer collection.
Product Detail
Printed Embroidered Shirt
Shirt
Round Neckline With Slit & Pearls Detail On Piping, Embroidered Sleeves
Fabric: Lawn
Color: Baby Pink
Note:
Product color may vary slightly due to photographic lighting sources or monitor settings.",https://nishatlinen.com/collections/women/products/pe24-287,"image_2_191_1.jpg, image_2_191_2.jpg, image_2_191_3.jpg"
3 Piece - Printed Embroidered Suit - 42402072,"Rs. 8,690.00 Rs. 5,648.50","Be yourself fabulous by wearing this printed embroidered three-piece from the latest unstitched summer collection.
Product Detail:
Ethnic Style Shirt with Dupatta and Trousers
SHIRT
Printed Super Fine Lawn Shirt: 3 Meter
Embroidered Neckline + Border
Fabric: Lawn
Color: Lilac
DUPATTA
Digital Printed Fancy Jacquard Dupatta: 2.5 Meter
Fabric: Jacquard
Color: Lilac
TROUSERS
Solid Cambric Trousers: 2.5 Meter
Fabric: Cambric
Color: Lilac
Note:
Product color may slightly vary due to photographic lighting sources or your device settings.",https://nishatlinen.com/products/42402072,"image_2_192_1.jpg, image_2_192_2.jpg, image_2_192_3.jpg"
2 Piece - Printed Suit - PS24-344 - XS,"Rs. 6,150.00 Rs. 3,690.00","Enrich your festive look with this printed two-piece suit from the latest pret summer collection.
Product Detail
Printed Shirt With Dupatta
Shirt
Lace Detail On Sleeves Edges, Straight Shirt
Fabric: Lawn
Color: Blue
Dupatta
Printed Dupatta
Fabric: Voile
Color: Blue
Note:
Product color may vary slightly due to photographic lighting sources or monitor settings.",https://nishatlinen.com/collections/women/products/ps24-344,"image_2_193_1.jpg, image_2_193_2.jpg, image_2_193_3.jpg"
3 Piece - Printed Loose Fabric - 42403308 - Shirt / 3 / 3,Rs. 880.00 Rs. 572.00,"Find your magic with this gorgeous printed three-piece from the latest freedom to buy summer collection.
Product Detail:
Florals With Lace Borders Style Shirt with Dupatta and Trousers 
SHIRT
Shirt: 3 Meter (RS 750/-Mtr)
Fabric: Lawn
Color: Beige
DUPATTA
Dupatta: 2.5 Meter (RS 780/-Mtr)
Fabric: Voile
Color: Beige
TROUSERS
Trousers: 2.5 Meter (RS 680/-Mtr)
Fabric: Cambric
Color: Beige
Note:
Product color may slightly vary due to photographic lighting sources or your device settings.",https://nishatlinen.com/products/42403308,"image_2_194_1.jpg, image_2_194_2.jpg, image_2_194_3.jpg"
2 Piece - Printed Embroidered Suit - 42401764,"Rs. 5,130.00 Rs. 3,334.50","Try this most exhilarating design printed embroidered two-piece from the latest unstitched summer collection.
Product Detail:
Ethnic Patterns With Textured Base Style Shirt with Dupatta
SHIRT
Printed Super Fine Lawn Shirt: 3 Meter
Embroidered Motifs + Border
Fabric: Lawn
Color: Orange
DUPATTA
Printed Crinkle Chiffon Dupatta: 2.5 Meter
Fabric: Crinkle Chiffon
Color: Orange
Note:
Product color may slightly vary due to photographic lighting sources or your device settings.",https://nishatlinen.com/collections/women/products/42401764,"image_2_195_1.jpg, image_2_195_2.jpg, image_2_195_3.jpg"
2 Piece - Printed Suit - 42401961,"Rs. 2,870.00 Rs. 1,865.50","Catch elegance beauty with this printed two-piece from the latest unstitched summer collection.
Product Detail:
Block Printed Style Shirt with Trousers
SHIRT
Printed Super Fine Lawn Shirt: 3 Meter
Fabric: Lawn
Color: Mustard
TROUSERS
Solid Cambric Trousers: 2.5 Meter
Fabric: Cambric
Color: Mustard
Note:
Product color may slightly vary due to photographic lighting sources or your device settings.",https://nishatlinen.com/collections/women/products/42401961,"image_2_196_1.jpg, image_2_196_2.jpg, image_2_196_3.jpg"
3 Piece - Gold Printed Embroidered Suit - 42401373,"Rs. 9,740.00 Rs. 6,331.00","Look adorable in this bright gold printed embroidered three-piece from the latest unstitched summer collection.
Product Detail:
Banarsi Style Shirt with Dupatta and Trousers
SHIRT
Gold Paste Printed Sateen Shirt: 3 Meter
Embroidered Neckline + Motifs + Border
Fabric: Sateen
Color: Carrot Red
DUPATTA
Fancy Banarsi Dupatta: 2.5 Meter
Fabric: Banarsi
Color: Carrot Red
TROUSERS
Dyed Sateen Trousers: 2.5 Meter
Fabric: Sateen
Color: Carrot Red
Note:
Product color may slightly vary due to photographic lighting sources or your device settings.",https://nishatlinen.com/collections/women/products/42401373,"image_2_197_1.jpg, image_2_197_2.jpg, image_2_197_3.jpg"
2 Piece - Embroidered Suit - PE24-143 - XS / S,"Rs. 5,640.00 Rs. 3,384.00","Put on this vibrant and pastel-colored embroidered two-piece suit from the latest pret summer collection. 
Product Detail
Embroidered Shirt With Trousers
Shirt
Collar Neckline With Placket & Buttons Detail, Boxy Shirt
Fabric: Cambric
Color: Yellow
Trousers
Fitted Trousers With Embroidered Hem
Fabric: Cambric
Color: Yellow
Note:
Product color may vary slightly due to photographic lighting sources or monitor settings.",https://nishatlinen.com/products/pe24-143,"image_2_198_1.jpg, image_2_198_2.jpg, image_2_198_3.jpg"
2 Piece - Printed Suit With Laces - 42401599,"Rs. 5,130.00 Rs. 3,334.50","Strut in style with this printed two-piece from the latest unstitched summer collection.
Product Detail:
Ethnic Printed Style Shirt with Dupatta
SHIRT
Printed Super Fine Lawn Shirt: 3 Meter
1 Lace: 1.25 Meter
1 Lace: 2.5 Meter
Fabric: Lawn
Color: Light Blue
DUPATTA
Digital Printed Banarsi Slub Dupatta: 2.5 Meter
Fabric: Banarsi Slub
Color: ﻿Light Blue
Note:
Product color may slightly vary due to photographic lighting sources or your device settings.",https://nishatlinen.com/products/42401599,"image_2_199_1.jpg, image_2_199_2.jpg, image_2_199_3.jpg"
Printed Dress - FE24-06 - XS,"Rs. 8,200.00 Rs. 4,920.00","Look and feel your best by wearing this printed dress from the latest pret summer collection. 
Product Detail
Printed Dress
Dress
Round Neckline, Yoke With Gathers Detail
Fabric: Monar Gold
Color: Dark Green
Note:
Product color may vary slightly due to photographic lighting sources or monitor settings.",https://nishatlinen.com/collections/women/products/fe24-06,"image_2_200_1.jpg, image_2_200_2.jpg, image_2_200_3.jpg"
2 Piece - Dyed Embroidered Suit - 42401728,"Rs. 5,640.00 Rs. 3,666.00","Get sober look by wearing this dyed embroidered two-piece from the latest unstitched summer collection.
Product Detail:
Shirt with Trousers
SHIRT
Solid Cambric Shirt: 3 Meter
Embroidered Front + Border
Fabric: Cambric
Color: Green
TROUSERS
Solid Cambric Trousers: 2.5 Meter
Fabric: Cambric
Color: Green
Note:
Product color may slightly vary due to photographic lighting sources or your device settings.",https://nishatlinen.com/products/42401728,"image_2_201_1.jpg, image_2_201_2.jpg, image_2_201_3.jpg"
2 Piece - Jacquard Embroidered Suit - 42402163,"Rs. 6,990.00 Rs. 5,592.00","Elevate your daily style with this jacquard embroidered two-piece from the latest unstitched summer collection.
Product Detail:
Ethnic Style Shirt with Dupatta
SHIRT
Jacquard Shirt: 3 Meter
Embroidered Neckline + Motifs
Fabric: Jacquard
Color: Orange
DUPATTA
Jacquard Dupatta: 2.5 Meter
Fabric: Jacquard
Color: Orange
Note:
Product color may slightly vary due to photographic lighting sources or your device settings.",https://nishatlinen.com/collections/women/products/42402163,"image_2_202_1.jpg, image_2_202_2.jpg, image_2_202_3.jpg"
3 Piece - White & Gold Paste Printed Embroidered Suit - 42401898,"Rs. 8,720.00 Rs. 5,668.00","Elevate your fashion identity with white & gold paste printed embroidered three-piece from the latest unstitched summer collection.
Product Detail:
Ethnic Style Shirt with Dupatta and Trousers
SHIRT
Gold & White Paste Printed Super Fine Lawn Shirt: 3 Meter
Embroidered Motifs
Fabric: Lawn
Color: Yellow
DUPATTA
Gold & White Paste Printed Lawn Dupatta: 2.5 Meter
Fabric: Lawn
Color: Yellow
TROUSERS
Dyed Cambric Trousers: 2.5 Meter
Fabric: Cambric
Color: ﻿Yellow
Note:
Product color may slightly vary due to photographic lighting sources or your device settings.",https://nishatlinen.com/products/42401898,"image_2_203_1.jpg, image_2_203_2.jpg, image_2_203_3.jpg"
3 Piece - Printed Loose Fabric - 42403253 - Trouser / 2.5 / 2.5,Rs. 455.00 - Rs. 527.00,"Uncover the timeless elegance of our printed three-piece from the latest freedom to buy summer collection.
Product Detail:
Abstract Printed Style Shirt with Dupatta and Trousers
SHIRT
Shirt: 3 Meter (RS 750/-Mtr)
Fabric: Lawn
Color: Black
DUPATTA
Dupatta: 2.5 Meter (RS 780/-Mtr)
Fabric: Voile
Color: Black & White
TROUSERS
Trousers: 2.5 Meter (RS 680/-Mtr)
Fabric: Cambric
Color: Black
Note:
Product color may slightly vary due to photographic lighting sources or your device settings.",https://nishatlinen.com/products/42403253,"image_2_204_1.jpg, image_2_204_2.jpg, image_2_204_3.jpg"
2 Piece - Embroidered Suit - PE24-131 - XS,"Rs. 7,180.00 Rs. 4,308.00","Build your core wardrobe with this embroidered two-piece suit from the latest pret summer collection. 
Product Detail
Embroidered Shirt With Dupatta
Shirt
Front Open Paneled Embroidered Shirt
Fabric: Cambric
Color: Lilac
Dupatta
Tassels Detail At Dupatta Corners
Fabric: Net
Color: Lilac
Note:
Product color may vary slightly due to photographic lighting sources or monitor settings.",https://nishatlinen.com/collections/women/products/pe24-131,"image_2_205_1.jpg, image_2_205_2.jpg, image_2_205_3.jpg"
2 Piece - Printed Suit - PS24-251 - XS,"Rs. 6,150.00 Rs. 3,690.00","Indulge in a world of sheer enchantment with this printed two-piece suit from the latest pret summer collection.
Product Detail
Printed Shirt With Trousers
Shirt
Band Neckline With Slit Placket, Paneled Shirt
Fabric: Lawn 
Color: Cream
Trousers
Straight Trousers
Fabric: Cambric 
Color: Orange
Note:
Product color may vary slightly due to photographic lighting sources or monitor settings.",https://nishatlinen.com/collections/women/products/ps24-251,"image_2_206_1.jpg, image_2_206_2.jpg, image_2_206_3.jpg"
Printed Dress - FS24-63 - XS,"Rs. 8,490.00 Rs. 5,094.00","Feel confident and beautiful every time with this printed dress from the latest pret summer collection. 
Product Detail
Printed Long Dress
Long Dress
Round Neckline With V Gusset & Adda Detailing, Tassels On Front, Cuffed Sleeves
Fabric: Lawn
Color: Beige
Note:
Product color may vary slightly due to photographic lighting sources or monitor settings.",https://nishatlinen.com/collections/women/products/fs24-63,"image_2_207_1.jpg, image_2_207_2.jpg, image_2_207_3.jpg"
Printed Shirt - PS24-244 - XS,"Rs. 4,190.00 Rs. 2,514.00","Look and feel your best by wearing this printed shirt from the latest pret summer collection. 
Product Detail
Printed Shirt
Shirt
Round Neckline With Slit & Buttons Detail On Piping, Straight Shirt
Fabric: Lawn
Color: Slate Grey
Note:
Product color may vary slightly due to photographic lighting sources or monitor settings.",https://nishatlinen.com/collections/women/products/ps24-244,"image_2_208_1.jpg, image_2_208_2.jpg, image_2_208_3.jpg"
2 piece - Digital Printed Embroidered Suit - 42401740,"Rs. 5,130.00 Rs. 3,334.50","Adorn yourself by wearing this digital printed embroidered two-piece from the latest unstitched summer collection.
Product Detail:
Floral Prints Style Shirt with Trousers
SHIRT
Digital Printed Cambric Shirt: 3 Meter
2 Embroidered Motifs
Fabric: Cambric
Color: Yellow
TROUSERS
Solid Cambric Trousers: 2.5 Meter
Fabric: Cambric
Color: Yellow
Note:
Product color may slightly vary due to photographic lighting sources or your device settings.",https://nishatlinen.com/collections/women/products/42401740,"image_2_209_1.jpg, image_2_209_2.jpg, image_2_209_3.jpg"
3 Piece - Printed Embroidered Suit - 42401706,"Rs. 7,690.00 Rs. 4,998.50","Look stylish with our daily wear printed embroidered three-piece from the latest unstitched summer collection.
Product Detail:
Ethnic Style Shirt with Dupatta and Trousers
SHIRT
Printed Super Fine Lawn Shirt: 3 Meter
Embroidered Neckline + Motifs + Border
Fabric: Lawn
Color: Red
DUPATTA
Printed Voile Dupatta: 2.5 Meter
Fabric: Voile
Color: Off White
TROUSERS
Printed Cambric Trousers: 2.5 Meter
Fabric: Cambric
Color: ﻿Red
Note:
Product color may slightly vary due to photographic lighting sources or your device settings.",https://nishatlinen.com/collections/women/products/42401706,"image_2_210_1.jpg, image_2_210_2.jpg, image_2_210_3.jpg"
3 Piece - Printed Loose Fabric - 42403109 - Shirt / 3 / 3,Rs. 830.00 Rs. 540.00,"Make truly glamorous statement in this printed three-piece from the latest freedom to buy summer collection.
Product Detail:
Textured Printed Style Shirt with Dupatta and Trousers
SHIRT
Shirt: 3 Meter (RS 730/-Mtr)
Fabric: Lawn
Color: Purple
DUPATTA
Dupatta: 2.5 Meter (RS 750/-Mtr)
Fabric: Voile
Color: Purple
TROUSERS
Trousers: 2.5 Meter (RS 690/-Mtr)
Fabric: Cambric
Color: Purple
Note:
Product color may slightly vary due to photographic lighting sources or your device settings.",https://nishatlinen.com/products/42403109,"image_2_211_1.jpg, image_2_211_2.jpg, image_2_211_3.jpg"
3 Piece - Embroidered Suit - 42402176,"Rs. 10,490.00 Rs. 8,392.00","Mesmerize in this trendy embroidered three-piece from the latest unstitched summer collection.
Product Detail:
Tie & Dye Style Shirt with Dupatta and Trousers
SHIRT
Solid Satin Shirt: 3 Meter
Embroidered Front + Border
Fabric: Satin
Color: Light Brown
DUPATTA
Printed Khadi Silk Dupatta: 2.23 Meter
Fabric: Khadi Silk
Color: Yellow
TROUSERS
Solid Satin Trousers: 2.5 Meter
Fabric: Satin
Color: Light Brown
Note:
Product color may slightly vary due to photographic lighting sources or your device settings.",https://nishatlinen.com/collections/women/products/42402176,"image_2_212_1.jpg, image_2_212_2.jpg, image_2_212_3.jpg"
2 Piece - Printed Suit - PE24-401 - XS,"Rs. 4,570.00 Rs. 2,742.00","Style this elegantly designed printed two-piece suit from the latest pret summer collection. 
Product Detail
Printed Shirt With Trousers
Shirt
Collar Neckline, Straight Shirt
Fabric: Cambric
Color: Brown
Trousers
Straight Trousers
Fabric: Cambric
Color: Brown
Note:
Product color may vary slightly due to photographic lighting sources or monitor settings.",https://nishatlinen.com/collections/women/products/pe24-401,"image_2_213_1.jpg, image_2_213_2.jpg, image_2_213_3.jpg"
2 Piece - Printed Suit - 42402145,"Rs. 3,290.00 Rs. 2,632.00","Brighten up your wardrobe with this printed two-piece from the latest unstitched summer collection.
Product Detail:
Block Printed Style Shirt with Trousers
SHIRT
Digital Printed Cambric Shirt: 3 Meter
Fabric: Cambric
Color: Mint Blue
TROUSERS
Digital Printed Cambric Trousers: 2.5 Meter
Fabric: Cambric
Color: Mint Blue
Note:
Product color may slightly vary due to photographic lighting sources or your device settings.",https://nishatlinen.com/products/42402145,"image_2_214_1.jpg, image_2_214_2.jpg, image_2_214_3.jpg"
2 Piece - Printed Embroidered Suit - 42401770,"Rs. 5,130.00 Rs. 3,334.50","Make your personality rejuvenate by wearing this printed embroidered two-piece from the latest unstitched summer collection.
Product Detail:
Animal Print And Polkas Mix With Flowers Style Shirt with Dupatta
SHIRT
Printed Super Fine Lawn Shirt: 3 Meter
Embroidered Motifs + Border
Fabric: Lawn
Color: Black
DUPATTA
Digital Printed Crinkle Chiffon Dupatta: 2.5 Meter
Fabric: Crinkle Chiffon
Color: Black
Note:
Product color may slightly vary due to photographic lighting sources or your device settings.",https://nishatlinen.com/collections/women/products/42401770,"image_2_215_1.jpg, image_2_215_2.jpg, image_2_215_3.jpg"
2 Piece - Printed Suit - 42401721,"Rs. 3,070.00 Rs. 1,995.50","For an elegant appearance printed two-piece from the latest unstitched summer collection.
Product Detail:
Ethnic Prints Style Shirt with Dupatta
SHIRT
Printed Super Fine Lawn Shirt: 3 Meter
Fabric: Lawn
Color: Off White & Pink
DUPATTA
Printed Voile Dupatta: 2.5 Meter
Fabric: Voile
Color: Off White & Pink
Note:
Product color may slightly vary due to photographic lighting sources or your device settings.",https://nishatlinen.com/collections/women/products/42401721,"image_2_216_1.jpg, image_2_216_2.jpg, image_2_216_3.jpg"
3 Piece - Silver Paste Printed Embroidered Suit - 42401896,"Rs. 8,720.00 Rs. 5,668.00","Elevate your wardrobe with silver paste printed embroidered three-piece from the latest unstitched summer collection.
Product Detail:
Ethnic Motifs In Chain Stitch Style Shirt with Dupatta and Trousers
SHIRT
Silver Paste Printed Super Fine Lawn Shirt: 3 Meter
Embroidered Neckline + Motifs
Fabric: Lawn
Color: Off White
DUPATTA
Silver Paste Printed Lawn Dupatta: 2.5 Meter
Fabric: Lawn
Color: Off White
TROUSERS
Dyed Cambric Trousers: 2.5 Meter
Fabric: Cambric
Color: Black
Note:
Product color may slightly vary due to photographic lighting sources or your device settings.",https://nishatlinen.com/collections/women/products/42401896,"image_2_217_1.jpg, image_2_217_2.jpg, image_2_217_3.jpg"
Printed Embroidered Shirt - PE24-289 - XS,"Rs. 4,300.00 Rs. 2,580.00","Look and feel your best by wearing this printed embroidered shirt from the latest pret summer collection.
Product Detail
Printed Embroidered Shirt
Shirt
Round Neckline With Piping & Slit, Embroidered Neckline & Sleeves
Fabric: Lawn
Color: Pink
Note:
Product color may vary slightly due to photographic lighting sources or monitor settings.",https://nishatlinen.com/products/pe24-289,"image_2_218_1.jpg, image_2_218_2.jpg, image_2_218_3.jpg"
3 Piece - Printed Suit - 42401206,"Rs. 6,660.00 Rs. 4,329.00","Be a style icon with printed three-piece from the latest unstitched summer collection.
Product Detail:
Floral Ethnic Mix Prints Style Shirt with Dupatta and Trousers
SHIRT
Printed Super Fine Lawn Shirt: 3 Meter
Fabric: Lawn
Color: Skin
DUPATTA
Digital Printed Crinkle Chiffon Dupatta: 2.5 Meter
Fabric: Crinkle Chiffon
Color: Skin
TROUSERS
Printed Cambric Trousers: 2.5 Meter
Fabric: Cambric
Color: ﻿Skin
Note:
Product color may slightly vary due to photographic lighting sources or your device settings.",https://nishatlinen.com/products/42401206,"image_2_219_1.jpg, image_2_219_2.jpg, image_2_219_3.jpg"
2 Piece - Jacquard Embroidered Suit - 42402163,"Rs. 6,990.00 Rs. 5,592.00","Elevate your daily style with this jacquard embroidered two-piece from the latest unstitched summer collection.
Product Detail:
Ethnic Style Shirt with Dupatta
SHIRT
Jacquard Shirt: 3 Meter
Embroidered Neckline + Motifs
Fabric: Jacquard
Color: Orange
DUPATTA
Jacquard Dupatta: 2.5 Meter
Fabric: Jacquard
Color: Orange
Note:
Product color may slightly vary due to photographic lighting sources or your device settings.",https://nishatlinen.com/products/42402163,"image_2_220_1.jpg, image_2_220_2.jpg, image_2_220_3.jpg"
3 Piece - Digital Printed Embroidered Suit - 42401965,"Rs. 9,740.00 Rs. 6,331.00","Delicate your look with this digital printed embroidered three-piece from the latest unstitched summer collection.
Product Detail:
Floral Chintz With Laces Style Shirt with Dupatta and Trousers
SHIRT
Digital Printed Chicken Kari Shirt: 3 Meter
Fabric: Chicken Kari
Color: Aqua
DUPATTA
Digital Printed Voile Dupatta: 2.5 Meter
Fabric: Voile
Color: Aqua
TROUSERS
Solid Cambric Trousers: 2.5 Meter
Fabric: Cambric
Color: Aqua
Note:
Product color may slightly vary due to photographic lighting sources or your device settings.",https://nishatlinen.com/collections/women/products/42401965,"image_2_221_1.jpg, image_2_221_2.jpg, image_2_221_3.jpg"
3 Piece - Printed Embroidered Suit - 42402025,"Rs. 9,490.00 Rs. 6,168.50","Get sober look by wearing this printed embroidered three-piece from the latest unstitched summer collection.
Product Detail:
Textures In Printed Form Shirt with Dupatta and Trousers
SHIRT
Printed Super Fine Lawn Shirt: 3 Meter
Embroidered Neckline + 2 Borders
Fabric: Lawn
Color: Magenta
DUPATTA
Printed Banarsi Brochia Dupatta: 2.5 Meter
Fabric: Banarsi Brochia
Color: Magenta
TROUSERS
Solid Cambric Trousers: 2.5 Meter
Fabric: Cambric
Color: Magenta
Note:
Product color may slightly vary due to photographic lighting sources or your device settings.",https://nishatlinen.com/products/42402025,"image_2_222_1.jpg, image_2_222_2.jpg, image_2_222_3.jpg"
2 Piece - Printed Embroidered Suit - 42401953,"Rs. 5,640.00 Rs. 3,666.00","Radiate positivity and vibrancy in this printed embroidered two-piece from the latest unstitched summer collection.
Product Detail:
Jewel Studded Embroidered Motifs Style Shirt with Dupatta
SHIRT
Printed Super Fine Lawn Shirt: 3 Meter
Embroidered Front + Border
Fabric: Lawn
Color: Black
DUPATTA
Digital Printed Silk Dupatta: 2.5 Meter
Fabric: Silk
Color: Black
Note:
Product color may slightly vary due to photographic lighting sources or your device settings.",https://nishatlinen.com/collections/women/products/42401953,"image_2_223_1.jpg, image_2_223_2.jpg, image_2_223_3.jpg"
3 Piece - Digital Printed Embroidered Suit - 42401969,"Rs. 9,740.00 Rs. 6,331.00","Look impressive ensembles with this digital printed embroidered three-piece from the latest unstitched summer collection.
Product Detail:
Floral With Laces Style Shirt with Dupatta and Trousers
SHIRT
Digital Printed Chicken Kari Shirt: 3 Meter
Fabric: Chicken Kari
Color: Brown
DUPATTA
Digital Printed Voile Dupatta: 2.5 Meter
Fabric: Voile
Color: Brown
TROUSERS
Solid Cambric Trousers: 2.5 Meter
Fabric: Cambric
Color: Brown
Note:
Product color may slightly vary due to photographic lighting sources or your device settings.",https://nishatlinen.com/products/42401969,"image_2_224_1.jpg, image_2_224_2.jpg, image_2_224_3.jpg"
3 Piece - Printed Embroidered Suit - 42401359,"Rs. 8,200.00 Rs. 5,330.00","Experience the joy of self-expression with this printed embroidered three-piece from the latest unstitched summer collection.
Product Detail:
Tie & Dye Lines Style Shirt with Dupatta and Trousers
SHIRT
Printed Cambric Shirt: 3 Meter
Embroidered Motifs + Border
Fabric: Cambric
Color: Pink
DUPATTA
Block Printed Khadi Silk Dupatta: 2.5 Meter
Fabric: Khadi Silk
Color: Pink & Orange
TROUSERS
Dyed Cambric Trousers: 3 Meter
Fabric:  Cambric
Color: Pink
Note:
Product color may slightly vary due to photographic lighting sources or your device settings.",https://nishatlinen.com/collections/women/products/42401359,"image_2_225_1.jpg, image_2_225_2.jpg, image_2_225_3.jpg"
2 Piece - Printed Suit - PS24-261 - XS / S,"Rs. 5,130.00 Rs. 3,078.00","Look and feel your best by wearing this printed two-piece suit from the latest pret summer collection.
Product Detail
Printed Shirt With Trousers
Shirt
Bell-Shaped Sleeves, Back Forward High & Low Shirt
Fabric: Cambric
Color: Black
Trousers
Loose Trousers
Fabric: Cambric
Color: Black
Note:
Product color may vary slightly due to photographic lighting sources or monitor settings.",https://nishatlinen.com/products/ps24-261,"image_2_226_1.jpg, image_2_226_2.jpg, image_2_226_3.jpg"
2 Piece - Embroidered Suit - PE24-149 - XS,"Rs. 8,200.00 Rs. 4,920.00","Radiate positivity and vibrancy in this embroidered two-piece suit from the latest pret summer collection. 
Product Detail
Embroidered Shirt With Dupatta
Shirt
Round Neckline With V Slit, Embroidered Front, Lace Detail on Sleeves Edges, Long Shirt
Fabric: Cambric
Color: Rust
Dupatta
Tassels Detail At Dupatta Corners
Fabric: Maysuri
Color: Rust
Note:
Product color may vary slightly due to photographic lighting sources or monitor settings.",https://nishatlinen.com/collections/women/products/pe24-149,"image_2_227_1.jpg, image_2_227_2.jpg, image_2_227_3.jpg"
1 Piece - Digital Printed Loose Fabric - 42403204 - Shirt / 3 / 3,Rs. 830.00 Rs. 540.00,"Capture hearts and mesmerize souls with our digital printed one-piece from the latest freedom to buy summer collection.
Product Detail:
Abstract Booti Motifs Printed Style Shirt 
SHIRT
Shirt: 3 Meter (RS 830/-Mtr)
Fabric: Dobby Check
Color: Skin

Note:
Product color may slightly vary due to photographic lighting sources or your device settings.",https://nishatlinen.com/collections/women/products/42403204,"image_2_228_1.jpg, image_2_228_2.jpg, image_2_228_3.jpg"
2 Piece - Printed Suit - PS24-251 - XS,"Rs. 6,150.00 Rs. 3,690.00","Indulge in a world of sheer enchantment with this printed two-piece suit from the latest pret summer collection.
Product Detail
Printed Shirt With Trousers
Shirt
Band Neckline With Slit Placket, Paneled Shirt
Fabric: Lawn 
Color: Cream
Trousers
Straight Trousers
Fabric: Cambric 
Color: Orange
Note:
Product color may vary slightly due to photographic lighting sources or monitor settings.",https://nishatlinen.com/products/ps24-251,"image_2_229_1.jpg, image_2_229_2.jpg, image_2_229_3.jpg"
3 Piece - Jacquard Suit - 42402127,"Rs. 9,990.00 Rs. 7,992.00","Get ready for garden parties by styling our jacquard three-piece from the latest unstitched summer collection.
Product Detail:
Chunri Style Shirt with Dupatta and Trousers
SHIRT
Jacquard Shirt: 3 Meter
1 Lace: 1.25 Meter
1 Lace: 2.5 Meter
Fabric: Jacquard
Color: Pastel Purple
DUPATTA
Digital Printed Crinkle Chiffon Dupatta: 2.5 Meter
Fabric: Crinkle Chiffon
Color: Pastel Purple
TROUSERS
Jacquard Trousers: 2.5 Meter
Fabric: Jacquard
Color: Pastel Purple
Note:
Product color may slightly vary due to photographic lighting sources or your device settings.",https://nishatlinen.com/collections/women/products/42402127,"image_2_230_1.jpg, image_2_230_2.jpg, image_2_230_3.jpg"
3 Piece - Gold Printed Embroidered Suit - 42401374,"Rs. 9,740.00 Rs. 6,331.00","Get an essential graceful look in this gold printed embroidered three-piece from the latest unstitched summer collection.  
Product Detail:
Banarsi Borders With Stripes Style Shirt with Dupatta and Trousers
SHIRT
Gold Paste Printed Sateen Shirt: 3 Meter
Embroidered Neckline + Motifs + Border
Fabric: Sateen
Color: Red
DUPATTA
Fancy Banarsi Dupatta: 2.5 Meter
Fabric: Banarsi
Color: Red
TROUSERS
Dyed Sateen Trousers: 2.5 Meter
Fabric: Sateen
Color: Red
Note:
Product color may slightly vary due to photographic lighting sources or your device settings.",https://nishatlinen.com/products/42401374,"image_2_231_1.jpg, image_2_231_2.jpg, image_2_231_3.jpg"
2 Piece - Embroidered Suit - PE24-334 - XS,"Rs. 6,660.00 Rs. 3,996.00","Be the center of attention by wearing this embroidered two-piece suit from the latest pret summer collection. 
Product Detail
Embroidered Shirt With Trousers
Shirt
Band Neckline With Slit & Piping, Top Stitching Detail At Sleeves, Embroidered Front
Fabric: Cambric
Color: Cream
Trousers
Straight Trousers
Fabric: Cambric
Color: Cream
Note:
Product color may vary slightly due to photographic lighting sources or monitor settings.",https://nishatlinen.com/collections/women/products/pe24-334,"image_2_232_1.jpg, image_2_232_2.jpg, image_2_232_3.jpg"
1 Piece - Digital Printed Loose Fabric - 42403180 - Shirt / 3 / 3,Rs. 750.00 Rs. 488.00,"Create a dreamy look with this digital printed one-piece from the latest freedom to buy summer collection.
Product Detail:
Multi Color Floral Mix Printed Style Shirt 
SHIRT
Shirt: 3 Meter (RS 750/-Mtr)
Fabric: Lawn
Color: Green

Note:
Product color may slightly vary due to photographic lighting sources or your device settings.",https://nishatlinen.com/collections/women/products/42403180,"image_2_233_1.jpg, image_2_233_2.jpg, image_2_233_3.jpg"
1 Piece - Digital Printed Loose Fabric - 42403194 - Shirt / 3 / 3,Rs. 830.00 Rs. 540.00,"Make a regal impression with this digital printed one-piece from the latest freedom to buy summer collection.
Product Detail:
Block Printed Style Shirt 
SHIRT
Shirt: 3 Meter (RS 830/-Mtr)
Fabric: Dobby Lawn
Color: Lilac

Note:
Product color may slightly vary due to photographic lighting sources or your device settings.",https://nishatlinen.com/products/42403194,image_2_234_1.jpg
1 Piece - Digital Printed Loose Fabric - 42403066 - Shirt / 3 / 3,Rs. 830.00 Rs. 540.00,"An effortless daily summer look with this digital printed one-piece from the latest freedom to buy summer collection.
Product Detail:
Modern Brush Stroke Florals Printed Style Shirt
SHIRT
Shirt: 3 Meter (RS 1090/-Mtr)
Fabric: Lurix Stripe
Color: Pink

Note:
Product color may slightly vary due to photographic lighting sources or your device settings.",https://nishatlinen.com/collections/women/products/42403066,"image_2_235_1.jpg, image_2_235_2.jpg, image_2_235_3.jpg"
3 Piece - Printed Loose Fabric - 42403298 - Trouser / 2.5 / 2.5,Rs. 880.00 Rs. 572.00,"Look graceful in this printed three-piece from the latest freedom to buy summer collection.
Product Detail:
Modern Ikkat Style Motifs In Printed Form Shirt with Dupatta and Trousers 
SHIRT
Shirt: 3 Meter (RS 750/-Mtr)
Fabric: Lawn
Color: Multi
DUPATTA
Dupatta: 2.5 Meter (RS 780/-Mtr)
Fabric: Voile
Color: Multi
TROUSERS
Trousers: 2.5 Meter (RS 680/-Mtr)
Fabric: Cambric
Color: White
Note:
Product color may slightly vary due to photographic lighting sources or your device settings.",https://nishatlinen.com/products/42403298,"image_2_236_1.jpg, image_2_236_2.jpg, image_2_236_3.jpg"
1 Piece - Digital Printed Loose Fabric - 42403341 - Shirt / 3 / 3,Rs. 880.00 Rs. 572.00,"Make your catchy with this wonderful digital printed one-piece from the latest freedom to buy summer collection.
Product Detail:
Ikkat Textures In Printed Form Shirt 
SHIRT
Shirt: 3 Meter (RS 780/-Mtr)
Fabric: Lawn
Color: Black & Blue
Note:
Product color may slightly vary due to photographic lighting sources or your device settings.",https://nishatlinen.com/collections/women/products/42403341,"image_2_237_1.jpg, image_2_237_2.jpg, image_2_237_3.jpg"
Printed Dress - FS24-61 - XS,"Rs. 7,700.00 Rs. 4,620.00","Shop the perfect look for yourself today with this printed long dress from the latest pret summer collection.
Product Detail
Printed Long Dress
Long Dress
Round Neckline With Placket, Lace Detail On Front Yoke, Gathers On Sleeves, Below Yoke & Frills
Fabric: Lawn
Color: Yellow
Note:
Product color may vary slightly due to photographic lighting sources or monitor settings.",https://nishatlinen.com/collections/women/products/fs24-61,"image_2_238_1.jpg, image_2_238_2.jpg, image_2_238_3.jpg"
3 Piece - Printed Loose Fabric - 42403299 - Shirt / 3 / 3,Rs. 880.00 Rs. 572.00,"Be a style icon with printed three-piece from the latest freedom to buy summer collection.
Product Detail:
Baroque & Floral Mix Printed Style Shirt with Dupatta and Trousers 
SHIRT
Shirt: 3 Meter (RS 780/-Mtr)
Fabric: Lawn
Color: Light Pink
DUPATTA
Dupatta: 2.5 Meter (RS 800/-Mtr)
Fabric: Voile
Color: Light Pink
TROUSERS
Trousers: 2.5 Meter (RS 750/-Mtr)
Fabric: Cambric
Color: Light Pink
Note:
Product color may slightly vary due to photographic lighting sources or your device settings.",https://nishatlinen.com/products/42403299,"image_2_239_1.jpg, image_2_239_2.jpg, image_2_239_3.jpg"
2 Piece - Printed Embroidered Suit - 42401576,"Rs. 5,130.00 Rs. 3,334.50","Get a stunning & fabulous blend of eye-catching by wearing this printed embroidered two-piece from the latest unstitched summer collection.
Product Detail:
Vintage Prints Style Shirt with Dupatta
SHIRT
Printed Super Fine Lawn Shirt: 3 Meter
Embroidered Motifs
Fabric: Lawn
Color: Light Blue
DUPATTA
Digital Printed Muzlin Dupatta: 2.5 Meter
Fabric: Muzlin
Color: ﻿Light Blue
Note:
Product color may slightly vary due to photographic lighting sources or your device settings.",https://nishatlinen.com/products/42401576,"image_2_240_1.jpg, image_2_240_2.jpg, image_2_240_3.jpg"
3 Piece - Printed Loose Fabric - 42403250 - Dupatta / 2.5 / 2.5,Rs. 455.00 - Rs. 527.00,"Enchant hearts and captivate souls with this mesmerizing printed three-piece from the latest freedom to buy summer collection.
Product Detail:
Modern Printed Style Shirt with Dupatta and Trousers
SHIRT
Shirt: 3 Meter (RS 750/-Mtr)
Fabric: Lawn
Color: Yellow
DUPATTA
Dupatta: 2.5 Meter (RS 780/-Mtr)
Fabric: Voile
Color: Yellow
TROUSERS
Trousers: 2.5 Meter (RS 680/-Mtr)
Fabric: Cambric
Color: ﻿Yellow
Note:
Product color may slightly vary due to photographic lighting sources or your device settings.",https://nishatlinen.com/products/42403250,"image_2_241_1.jpg, image_2_241_2.jpg, image_2_241_3.jpg"
2 Piece - Printed Suit - PE24-408 - XS / S,"Rs. 4,570.00 Rs. 2,742.00","Get an ultimate classy look with this printed two-piece suit from the latest pret summer collection.
Product Detail
Printed Shirt With Trousers
Shirt
Round Neckline With V Slit, Straight Long Shirt
Fabric: Cambric
Color: Yellow
Trousers
Printed Straight Trousers
Fabric: Cambric
Color: Yellow
Note:
Product color may vary slightly due to photographic lighting sources or monitor settings.",https://nishatlinen.com/products/pe24-408,"image_2_242_1.jpg, image_2_242_2.jpg, image_2_242_3.jpg"
3 Piece - Printed Loose Fabric - 42403365 - Dupatta / 2.5 / 2.5,Rs. 455.00 - Rs. 533.00,"Unveil your summer story with the timeless elegance of our printed three-piece from the latest freedom to buy summer collection.
Product Detail
Modern Printed Style Shirt with Dupatta and Trousers 
SHIRT
Shirt: 3 Meter (RS 780/-Mtr) 
Fabric: Lawn
Color: Yellow
DUPATTA
Dupatta: 2.5 Meter (RS 800/-Mtr) 
Fabric: Voile
Color: Yellow
TROUSERS
Trousers: 2.5 Meter (RS 700/-Mtr) 
Fabric: Cambric
Color: White
Note:
Product color may slightly vary due to photographic lighting sources or your device settings.",https://nishatlinen.com/products/42403365,"image_2_243_1.jpg, image_2_243_2.jpg, image_2_243_3.jpg"
3 Piece - Gold Printed Embroidered Suit - 42401859,"Rs. 7,690.00 Rs. 4,998.50","Become the ultimate trendsetter with our stylish gold printed embroidered three-piece from the latest unstitched summer collection.
Product Detail:
Dori Work Motifs Style Shirt with Dupatta and Trousers
SHIRT
Gold Paste Printed Super Fine Lawn Shirt: 3 Meter
Embroidered Border
Fabric: Lawn
Color: Maroon
DUPATTA
Gold Paste Printed Voile Dupatta: 2.5 Meter
Fabric: Voile
Color: Maroon
TROUSERS
Solid Cambric Trousers: 2.5 Meter
Fabric: Cambric
Color: Maroon
Note:
Product color may slightly vary due to photographic lighting sources or your device settings.",https://nishatlinen.com/collections/women/products/42401859,"image_2_244_1.jpg, image_2_244_2.jpg, image_2_244_3.jpg"
3 Piece - White & Pink Paste Printed Embroidered Suit - 42401911,"Rs. 8,720.00 Rs. 5,668.00","Make your day pleasingly memorable with this digital printed embroidered three-piece from the latest unstitched summer collection.
Product Detail:
Mughal Floral Booti Style Shirt with Dupatta and Trousers
SHIRT
White & Pink Paste Printed Super Fine Lawn Shirt: 3 Meter
Embroidered Motifs + Border
Fabric: Lawn
Color: Black
DUPATTA
White & Pink Paste Printed Voile Dupatta: 2.5 Meter
Fabric: Voile
Color: Black
TROUSERS
Dyed Cambric Trousers: 2.5 Meter
Fabric: Cambric
Color: Black
Note:
Product color may slightly vary due to photographic lighting sources or your device settings.",https://nishatlinen.com/products/42401911,"image_2_245_1.jpg, image_2_245_2.jpg, image_2_245_3.jpg"
3 Piece - Embroidered Suit - 42402002,"Rs. 9,740.00 Rs. 6,331.00","Command attention with your magnetic charm while wearing this embroidered three-piece from the latest unstitched summer collection.
Product Detail:
Floral Style Shirt with Dupatta and Trousers
SHIRT
Solid Swiss Lawn Shirt: 3 Meter
Embroidered Front + Motifs
Fabric: Swiss Lawn
Color: Deep Pink
DUPATTA
Embroidered Swiss Voile Dupatta: 2.5 Meter
Fabric: Swiss Voile
Color: Deep Pink
TROUSERS
Solid Cambric Trousers: 2.5 Meter
Fabric: Cambric
Color: Deep Pink
Note:
Product color may slightly vary due to photographic lighting sources or your device settings.",https://nishatlinen.com/products/42402002-1,"image_2_246_1.jpg, image_2_246_2.jpg, image_2_246_3.jpg"
3 Piece - Embroidered Suit - 42401998,"Rs. 9,740.00 Rs. 6,331.00","Radiate with striking attractiveness by adorning yourself with this elegant embroidered three-piece from the latest unstitched summer collection.
Product Detail:
Floral Style Shirt with Dupatta and Trousers
SHIRT
Solid Lawn Shirt: 3 Meter
Embroidered Front + 2 Motifs
Fabric: Lawn
Color: Peach
DUPATTA
Embroidered Swiss Voile Dupatta: 2.5 Meter
Fabric: Swiss Voile
Color: Peach
TROUSERS
Solid Cambric Trousers: 2.5 Meter
Fabric: Cambric
Color: Peach
Note:
Product color may slightly vary due to photographic lighting sources or your device settings.",https://nishatlinen.com/collections/women/products/42401998,"image_2_247_1.jpg, image_2_247_2.jpg, image_2_247_3.jpg"
Printed Embroidered Shirt - PE24-329 - XS / S,"Rs. 4,300.00 Rs. 2,580.00","Unleash your inner enchantress with this printed embroidered shirt from the latest pret summer collection.
Product Detail
Printed Embroidered Shirt
Shirt
Round Neckline, Embroidered Front
Fabric: Lawn
Color: Orange
Note:
Product color may vary slightly due to photographic lighting sources or monitor settings.",https://nishatlinen.com/collections/women/products/pe24-329,"image_2_248_1.jpg, image_2_248_2.jpg, image_2_248_3.jpg"
3 Piece - Printed Suit - 42402010,"Rs. 4,100.00 Rs. 2,665.00","Glow up for evening events by wearing this printed three-piece from the latest unstitched summer collection.
Product Detail:
Banarsi Printed Style Shirt with Dupatta and Trousers
SHIRT
Printed Lawn Shirt: 3 Meter
Fabric: Lawn
Color: Pink
DUPATTA
Printed Voile Dupatta: 2.5 Meter
Fabric: Voile
Color: Pink
TROUSERS
Solid Cambric Trousers: 2.5 Meter
Fabric: Cambric
Color: Pink
Note:
Product color may slightly vary due to photographic lighting sources or your device settings.",https://nishatlinen.com/products/42402010-1,"image_2_249_1.jpg, image_2_249_2.jpg, image_2_249_3.jpg"
2 Piece - Printed Suit - PS24-313 - XS,"Rs. 5,130.00 Rs. 3,078.00","Embrace glamour & shine like a star with this printed two-piece suit from the latest pret summer collection. 
Product Detail
Printed Shirt With Trousers
Shirt
Band Neckline With Pearl & Loop Detail, A-Line Flared Shirt
Fabric: Cambric
Color: Beige
Trousers
Printed Fitted Trousers
Fabric: Cambric
Color: Beige
Note:
Product color may vary slightly due to photographic lighting sources or monitor settings.",https://nishatlinen.com/collections/women/products/ps24-313,"image_2_250_1.jpg, image_2_250_2.jpg, image_2_250_3.jpg"
2 Piece - Basic Suit - PS24-43 - XS,"Rs. 6,660.00 Rs. 3,996.00","Experience a newfound confidence with this exquisite basic two-piece suit from the latest pret summer collection.
Product Detail
Basic Shirt With Trousers
Shirt
Round Neckline with Slit, Round Hem, Lace Detail at Sleeves, Pleats Detail at Back Panel
Fabric: Jacquard
Color: Peach
Trousers
Straight Trousers
Fabric: Cambric
Color: Peach
Note:
Product color may vary slightly due to photographic lighting sources or monitor settings.",https://nishatlinen.com/products/ps24-43,"image_2_251_1.jpg, image_2_251_2.jpg, image_2_251_3.jpg"
3 Piece - Jacquard Embroidered Suit - 42401930,"Rs. 8,720.00 Rs. 5,668.00","Try this most exhilarating design of jacquard embroidered three-piece from the latest unstitched summer collection.
Product Detail:
Baroque Style Shirt with Dupatta and Trousers
SHIRT
Jacquard Shirt: 3 Meter
Embroidered Border + Patch
Fabric: Jacquard
Color: Brown
DUPATTA
Digital Printed Zari Lawn Dupatta: 2.5 Meter
Fabric: Zari Lawn
Color: Brown
TROUSERS
Solid Cambric Trousers: 2.5 Meter
Fabric: Cambric
Color: Brown
Note:
Product color may slightly vary due to photographic lighting sources or your device settings.",https://nishatlinen.com/products/42401930,"image_2_252_1.jpg, image_2_252_2.jpg, image_2_252_3.jpg"
3 Piece - Printed Suit - 42401205,"Rs. 6,660.00 Rs. 4,329.00","Showcase effortless elegance with printed three-piece from the latest unstitched summer collection.
Product Detail:
Ethnic Prints Style Shirt with Dupatta and Trousers
SHIRT
Printed Super Fine Lawn Shirt: 3 Meter
Fabric: Lawn
Color: Black
DUPATTA
Digital Printed Crinkle Chiffon Dupatta: 2.5 Meter
Fabric: Crinkle Chiffon
Color: Black
TROUSERS
Printed Cambric Trousers: 2.5 Meter
Fabric: Cambric
Color: ﻿Black
Note:
Product color may slightly vary due to photographic lighting sources or your device settings.",https://nishatlinen.com/collections/women/products/42401205,"image_2_253_1.jpg, image_2_253_2.jpg, image_2_253_3.jpg"
3 Piece - Basic Suit - PE24-27 - XS,"Rs. 6,770.00 Rs. 4,062.00","Add sophistication to your wardrobe with this basic three-piece suit from the latest pret summer collection.
Product Detail
Basic Shirt With Dupatta & Trousers
Shirt
V Neckline With Placket, Round Hem
Fabric: Cambric
Color: Ferozi
Dupatta
Fabric: Chiffon
Color: Ferozi
Trousers
Loose Straight Trousers
Fabric: Cambric 
Color: Ferozi
Note:
Product color may vary slightly due to photographic lighting sources or monitor settings.",https://nishatlinen.com/products/pe24-27,"image_2_254_1.jpg, image_2_254_2.jpg, image_2_254_3.jpg"
2 Piece - Printed Embroidered Suit - PE24-349 - XS,"Rs. 4,820.00 Rs. 2,892.00","Radiate positivity and vibrancy in this printed embroidered two-piece suit from the latest pret summer collection.
Product Detail
Printed Embroidered Shirt With Trousers
Shirt
Band Neckline With Placket, Printed Shirt
Fabric: Cambric
Color: Mustard
Trousers
Printed Trousers With Embroidered Hem
Fabric: Cambric
Color: Mustard
Note:
Product color may vary slightly due to photographic lighting sources or monitor settings.",https://nishatlinen.com/collections/women/products/pe24-349,"image_2_255_1.jpg, image_2_255_2.jpg, image_2_255_3.jpg"
3 Piece - Printed Suit - 42401677,"Rs. 4,100.00 Rs. 2,665.00","Look famous with this printed three-piece from the latest unstitched summer collection.
Product Detail:
Ethnic Printed Style Shirt with Dupatta and Trousers
SHIRT
Printed Lawn Shirt: 3 Meter
Fabric: Lawn
Color: Orange
DUPATTA
Printed Voile Dupatta: 2.5 Meter
Fabric: Voile
Color: Orange & Pink
TROUSERS
Solid Cambric Trousers: 2.5 Meter
Fabric: Cambric
Color: Pink
Note:
Product color may slightly vary due to photographic lighting sources or your device settings.",https://nishatlinen.com/products/42401677,"image_2_256_1.jpg, image_2_256_2.jpg, image_2_256_3.jpg"
2 Piece - Printed Embroidered Suit - 42401717,"Rs. 5,640.00 Rs. 3,666.00","Style Up with this new designer dress printed embroidered two-piece from the latest unstitched summer collection.
Product Detail:
Embroidery Style Decorative Motifs Style Shirt with Dupatta
SHIRT
Printed Super Fine Lawn Shirt: 3 Meter
Embroidered Neckline + Border
Fabric: Lawn
Color: Black
DUPATTA
Digital Printed Zari Chiffon Dupatta: 2.5 Meter
Fabric: Chiffon
Color: Black
Note:
Product color may slightly vary due to photographic lighting sources or your device settings.",https://nishatlinen.com/products/42401717,"image_2_257_1.jpg, image_2_257_2.jpg, image_2_257_3.jpg"
3 Piece - Digital Printed Loose Fabric - 42403319 - Dupatta / 2.5 / 2.5,Rs. 880.00 Rs. 572.00,"Explore the new version of fashion digital printed three-piece from the latest freedom to buy summer collection.
Product Detail:
Roses Prints Style Shirt with Dupatta and Trousers 
SHIRT
Shirt: 3 Meter (RS 780/-Mtr)
Fabric: Lawn
Color: Blue
DUPATTA
Dupatta: 2.5 Meter (RS 800/-Mtr)
Fabric: Voile
Color: Blue
TROUSERS
Trousers: 2.5 Meter (RS 680/-Mtr)
Fabric: Cambric
Color: Blue
Note:
Product color may slightly vary due to photographic lighting sources or your device settings.",https://nishatlinen.com/products/42403319,"image_2_258_1.jpg, image_2_258_2.jpg, image_2_258_3.jpg"
Embroidered Shirt - AS24-66 - XS,"Rs. 4,920.00 Rs. 2,952.00","Make your look lavish by wearing this embroidered shirt from the latest pret summer collection.
Product Detail
Embroidered Shirt
Shirt
Band Neckline With Placket & Buttons Detail, Top Stitches Detail On Sleeves Edges, Embroidered Motif On Front, Button Down Shirt
Fabric: Jacquard
Color: Red
Note:
Product color may vary slightly due to photographic lighting sources or monitor settings.",https://nishatlinen.com/collections/women/products/as24-66,"image_2_259_1.jpg, image_2_259_2.jpg, image_2_259_3.jpg"
2-Piece - Printed Embroidered Suit  - PS24-127 - XS,"Rs. 6,190.00 Rs. 3,714.00","Make your day magnificent by wearing this printed embroidered two-piece suit from the latest pret summer collection. 
Product Detail
Printed Embroidered Shirt With Trousers
Shirt
Round Neckline With Slit & Piping, Embroidered Neckline, Lace Detail On Sleeves, Straight Shirt
Fabric: Cambric
Color: Yellow
Trousers
Straight Trousers
Fabric: Cambric
Color: Yellow
Note:
Product color may vary slightly due to photographic lighting sources or monitor settings.",https://nishatlinen.com/products/ps24-127,"image_2_260_1.jpg, image_2_260_2.jpg, image_2_260_3.jpg"
Printed Shirt - PE24-271 - XS,"Rs. 3,590.00 Rs. 2,154.00","Look and feel your best by wearing this printed shirt from the latest pret summer collection.
Product Detail
Printed Shirt
Shirt
Notched Collar Neckline, Lace Detail on Sleeves
Fabric: Lawn
Color: Pink
Note:
Product color may vary slightly due to photographic lighting sources or monitor settings.",https://nishatlinen.com/collections/women/products/pe24-271,"image_2_261_1.jpg, image_2_261_2.jpg, image_2_261_3.jpg"
Printed Embroidered Shirt - PE24-337 - XS,"Rs. 4,300.00 Rs. 2,580.00","Unleash your inner muse by wearing this printed embroidered shirt from the latest pret summer collection.
Product Detail
Printed Embroidered Shirt
Shirt
Band Neckline With Slit & Piping, Embroidered Sleeves
Fabric: Lawn
Color: Light Grey
Note:
Product color may vary slightly due to photographic lighting sources or monitor settings.",https://nishatlinen.com/products/pe24-337,"image_2_262_1.jpg, image_2_262_2.jpg, image_2_262_3.jpg"
2-Piece - Embroidered Suit  - PS24-353 - XS,"Rs. 6,690.00 Rs. 4,014.00","Create a statement-making festive look with this embroidered two-piece suit from the latest pret summer collection.
Product Detail
Embroidered Shirt With Trousers
Shirt
Round Neckline, Embroidered Neckline & Sleeves Edges, Straight Shirt
Fabric: Cambric
Color: Green
Trousers
Fitted Trousers
Fabric: Cambric
Color: Green
Note:
Product color may vary slightly due to photographic lighting sources or monitor settings.",https://nishatlinen.com/products/ps24-353,"image_2_263_1.jpg, image_2_263_2.jpg, image_2_263_3.jpg"
Basic Shirt - PS24-44 - XL,"Rs. 4,100.00 Rs. 2,460.00","Meet elegance by wearing this contemporary basic shirt from the latest pret summer collection. 
Product Detail
Basic Shirt
Shirt
Band Neckline With Adda Work
Fabric: Jacquard
Color: Sage
Note:
Product color may vary slightly due to photographic lighting sources or monitor settings.",https://nishatlinen.com/products/ps24-44,"image_2_264_1.jpg, image_2_264_2.jpg, image_2_264_3.jpg"
Basic Shirt - PE24-115 - S,"Rs. 3,280.00 Rs. 1,968.00","Enliven your style by wearing this basic shirt from the latest pret summer collection. 
Product Detail
Basic Shirt
Shirt
Band Neckline With Piping & Top Stitches Detail, Pintucks Detail On Sleeves
Fabric: Cambric
Color: Lavender
Note:
Product color may vary slightly due to photographic lighting sources or monitor settings.",https://nishatlinen.com/collections/women/products/pe24-115,"image_2_265_1.jpg, image_2_265_2.jpg, image_2_265_3.jpg"
2 Piece - Printed Suit - 42401636,"Rs. 3,590.00 Rs. 2,333.50","Get most stunning look by wearing this printed two-piece from the latest unstitched summer collection.
Product Detail:
Ethnic Printed Style Shirt with Dupatta
SHIRT
Printed Super Fine Lawn Shirt: 3 Meter
Fabric: Lawn
Color: Red
DUPATTA
Digital Printed Crinkle Chiffon Dupatta: 2.5 Meter
Fabric: Crinkle Chiffon
Color: ﻿Red
Note:
Product color may slightly vary due to photographic lighting sources or your device settings.",https://nishatlinen.com/products/42401636,"image_2_266_1.jpg, image_2_266_2.jpg, image_2_266_3.jpg"
3 Piece - Embroidered Suit - 42401798,"Rs. 10,770.00 Rs. 7,000.50","Glow-up for evening events by wearing this embroidered three-piece from the latest unstitched summer collection.
Product Detail:
Banarsi Style Shirt with Dupatta and Trousers
SHIRT
Solid Satin Shirt: 3 Meter
Embroidered Front + Motifs + Border
Fabric: Satin
Color: Red
DUPATTA
Fancy Banarsi Dupatta: 2.5 Meter
Fabric: Banarsi
Color: Red
TROUSERS
Solid Satin Trousers: 2.5 Meter
Fabric: Satin
Color: Red
Note:
Product color may slightly vary due to photographic lighting sources or your device settings.",https://nishatlinen.com/collections/women/products/42401798,"image_2_267_1.jpg, image_2_267_2.jpg, image_2_267_3.jpg"
Printed Tunic - PS24-337 - XS,"Rs. 3,090.00 Rs. 1,854.00","Express yourself with confidence by wearing this printed tunic from the latest pret summer collection. 
Product Detail
Printed Tunic
Tunic
Round Neckline With Tie-Up Dorri & Tassels Detail, Gathered Sleeves, Back Forward Hem
Fabric: Cambric
Color: White
Note:
Product color may vary slightly due to photographic lighting sources or monitor settings.",https://nishatlinen.com/products/ps24-337,"image_2_268_1.jpg, image_2_268_2.jpg, image_2_268_3.jpg"
3 Piece - Embroidered Suit - 42401084,"Rs. 9,230.00 Rs. 5,999.50","Style up with this new designer dress embroidered three-piece from the latest unstitched summer collection.
Product Detail:
Floral Style Shirt with Dupatta and Trousers
SHIRT
Embroidered Cambric Front: 1.15 Meter
Dyed Cambric Back & Sleeves: 1.85 Meter
Embroidered Border
Fabric: Cambric
Color: Black
DUPATTA
Digital Printed Soft Net Dupatta: 2.5 Meter
Fabric: Net
Color: Black
TROUSERS
Dyed Cambric Trousers: 2.5 Meter
Fabric: Cambric
Color: ﻿Black
Note:
Product color may slightly vary due to photographic lighting sources or your device settings.",https://nishatlinen.com/products/42401084,"image_2_269_1.jpg, image_2_269_2.jpg, image_2_269_3.jpg"
Basic Shirt - PS24-32 - XS,"Rs. 5,340.00 Rs. 3,204.00","Combine comfort and style with this basic shirt from the latest pret pre summer collection.  
Product Detail
Basic Shirt
Shirt
Round Neckline With Tie-Up Dorri & Tassels Detail
Fabric: Jacquard
Color: Ivory
Note:
Product color may vary slightly due to photographic lighting sources or monitor settings.",https://nishatlinen.com/products/ps24-32,"image_2_270_1.jpg, image_2_270_2.jpg, image_2_270_3.jpg"
2 Piece - Printed Suit - 42402151,"Rs. 3,290.00 Rs. 2,632.00","Elevate your daily style with this printed two-piece from the latest unstitched summer collection.
Product Detail:
Modern Printed Style Shirt with Trousers
SHIRT
Digital Printed Cambric Shirt: 3 Meter
Fabric: Cambric
Color: Black
TROUSERS
Digital Printed Cambric Trousers: 2.5 Meter
Fabric: Cambric
Color: Black
Note:
Product color may slightly vary due to photographic lighting sources or your device settings.",https://nishatlinen.com/collections/women/products/42402151,"image_2_271_1.jpg, image_2_271_2.jpg, image_2_271_3.jpg"
2 Piece - Embroidered Suit - PE24-155 - XS,"Rs. 7,690.00 Rs. 4,614.00","Find the perfect look for you with this embroidered two-piece suit from the latest pret summer collection.
Product Detail
Embroidered Shirt With Dupatta
Shirt
Round Neckline With Tie-Up Dorri & Tassels Detail, Mottie Detail On Sleeves Edges, Straight Paneled Shirt
Fabric: Cambric
Color: Coral
Dupatta
Fabric: Silk
Color: Coral
Note:
Product color may vary slightly due to photographic lighting sources or monitor settings.",https://nishatlinen.com/collections/women/products/pe24-155,"image_2_272_1.jpg, image_2_272_2.jpg, image_2_272_3.jpg"
Embroidered Shirt - PE24-18 - XL,"Rs. 5,650.00 Rs. 3,390.00","Look and feel your best by wearing this embroidered shirt from the latest pret summer collection.
Product Detail
Embroidered Shirt
Shirt
Round Neckline With Slit & Piping, Pockets At Both Sides, Embroidered Neckline & Sleeves, Panel Shirt
Fabric: Cambric
Color: Orange
Note:
Product color may vary slightly due to photographic lighting sources or monitor settings.",https://nishatlinen.com/products/pe24-18,"image_2_273_1.jpg, image_2_273_2.jpg, image_2_273_3.jpg"
1 Piece - Dyed Loose Fabric - 42402004-2 - Trouser / 2.5 / 2.5,Rs. 670.00 Rs. 436.00,"Look classy with this dyed one-piece from the latest freedom to buy summer collection.
Product Detail:
Trousers
TROUSERS
Trousers: 2.5 Meter (RS 650/-Mtr)
Fabric: Cambric
Color: ﻿Light Yellow
Note:
Product color may slightly vary due to photographic lighting sources or your device settings.",https://nishatlinen.com/products/42402004-2,"image_2_274_1.jpg, image_2_274_2.jpg, image_2_274_3.jpg"
Printed Dress - FS24-52 - XS,"Rs. 8,420.00 Rs. 5,052.00","Make your day memorable with this printed dress from the latest pret summer collection.
Product Detail
Printed Dress
Dress
T Shirt Neckline, Belt Detail On Waist With Back Knot, Flared Sleeves
Fabric: Chicken Kari
Color: Powder Pink
Note:
Product color may vary slightly due to photographic lighting sources or monitor settings.",https://nishatlinen.com/products/fs24-52,"image_2_275_1.jpg, image_2_275_2.jpg, image_2_275_3.jpg"
3 Piece - Printed Embroidered Suit - 42402064,"Rs. 8,720.00 Rs. 5,668.00","Command attention and leave a lasting impression with this printed embroidered three-piece from the latest unstitched summer collection.
Product Detail:
Embellished Motifs Style Shirt with Dupatta & Trousers
SHIRT
Printed Super Fine Lawn Shirt: 3 Meter
Embroidered Neckline + Motifs + Border 
Fabric: Lawn
Color: Black 
DUPATTA
Digital Printed Fancy Jacquard Dupatta: 2.5 Meter
Fabric: Jacquard
Color: Black
TROUSERS
Solid Cambric Trousers: 2.5 Meter
Fabric: Cambric
Color: Black
Note:
Product color may slightly vary due to photographic lighting sources or your device settings.",https://nishatlinen.com/collections/women/products/42402064,"image_2_276_1.jpg, image_2_276_2.jpg, image_2_276_3.jpg"
3 Piece - Printed Embroidered Suit - 42401328,"Rs. 11,790.00 Rs. 7,663.50","Immerse yourself in a world of impeccable taste with this printed embroidered three-piece from the latest unstitched summer collection.
Product Detail:
Floral Print With Chiffle Embroidered Style Shirt with Dupatta and Trousers
SHIRT
Printed Embroidered Swiss Lawn Front 
Printed Swiss Lawn Back & Sleeves
Embroidered Organza Sleeves Patch: 1 Meter 
Fabric: Swiss Lawn
Color: Black
DUPATTA
Dyed Embroidered Swiss Voile Dupatta
2 Embroidered Organza Dupatta Pallu Patch
Fabric: Swiss Voile
Color: Black
TROUSERS
Printed Cambric Trousers: 2.5 Meter
Fabric: Cambric
Color: Black
Note:
Product color may slightly vary due to photographic lighting sources or your device settings.",https://nishatlinen.com/collections/women/products/42401328,"image_2_277_1.jpg, image_2_277_2.jpg, image_2_277_3.jpg"
1 Piece - Gold Printed Loose Fabric - 42403329 - Shirt / 3 / 3,Rs. 880.00 Rs. 572.00,"Look radiant in this gold printed one-piece from the latest freedom to buy summer collection.
Product Detail:
Stars Printed Style Shirt 
SHIRT
Shirt: 3 Meter (RS 800/-Mtr)
Fabric: Lawn
Color: Brown
Note:
Product color may slightly vary due to photographic lighting sources or your device settings.",https://nishatlinen.com/products/42403329,"image_2_278_1.jpg, image_2_278_2.jpg, image_2_278_3.jpg"
3 Piece - Yarn Dyed Embroidered Suit - 42402171,"Rs. 8,490.00 Rs. 6,792.00","Build your core wardrobe with this yarn dyed embroidered three-piece from the latest unstitched summer collection.
Product Detail:
Yarn Dyed Dupatta With Checkered Shirt and Trousers
SHIRT
Yarn Dyed Shirt: 3 Meter
4 Embroidered Motifs + Border
Fabric: Yarn Dyed
Color: Peach
DUPATTA
Yarn Dyed Dupatta: 2.5 Meter
Fabric: Yarn Dyed
Color: Pink
TROUSERS
Solid Cambric Trousers: 2.5 Meter
Fabric: Solid Cambric
Color: Peach
Note:
Product color may slightly vary due to photographic lighting sources or your device settings.",https://nishatlinen.com/products/42402171,"image_2_279_1.jpg, image_2_279_2.jpg, image_2_279_3.jpg"
2 Piece - Printed Suit - AS24-82 - XS,"Rs. 5,340.00 Rs. 3,204.00","Add some life to your daily attire with this printed two-piece suit from the latest pret summer collection.
Product Detail
Printed Shirt With Trousers
Shirt
Band Neckline With Slit, Printed Shirt
Fabric: Cambric
Color: Multi
Trousers
Printed Trousers
Fabric: Cambric
Color: Multi
Note:
Product color may vary slightly due to photographic lighting sources or monitor settings.",https://nishatlinen.com/collections/women/products/as24-82,"image_2_280_1.jpg, image_2_280_2.jpg, image_2_280_3.jpg"
2 Piece - Printed Embroidered Suit - PS24-298 - XS / S,"Rs. 5,130.00 Rs. 3,078.00","Embrace glamour & shine like a star with this printed embroidered two-piece suit from the latest pret summer collection.
Product Detail
Printed Embroidered Tunic With Trousers
Tunic
Band Neckline With Placket, Embroidered Sleeves Edges
Fabric: Cambric
Color: Mint
Trousers
Printed Straight Trousers
Fabric: Cambric
Color: Mint
Note:
Product color may vary slightly due to photographic lighting sources or monitor settings.",https://nishatlinen.com/products/ps24-298,"image_2_281_1.jpg, image_2_281_2.jpg, image_2_281_3.jpg"
3 Piece - Printed Loose Fabric - 42403124 - Shirt / 3 / 3,Rs. 750.00 Rs. 488.00,"Create a statement-making festive look with this printed three-piece from the latest freedom to buy summer collection.
Product Detail:
Textures With Vector Pomegranates Printed Style Shirt with Dupatta and Trousers
SHIRT
Shirt: 3 Meter (RS 730/-Mtr)
Fabric: Lawn
Color: Maroon
DUPATTA
Dupatta: 2.5 Meter (RS 750/-Mtr)
Fabric: Voile
Color: Teal
Note: Fabric used in shoot for shirt is dupatta fabric
TROUSERS
Trousers: 2.5 Meter (RS 650/-Mtr)
Fabric: Cambric
Color: Teal
Note:
Product color may slightly vary due to photographic lighting sources or your device settings.",https://nishatlinen.com/products/42403124,"image_2_282_1.jpg, image_2_282_2.jpg, image_2_282_3.jpg"
Embroidered Shirt - PS24-126 - XS,"Rs. 5,690.00 Rs. 3,414.00","Elevate your look with this embroidered shirt from the latest pret summer collection.
Product Detail
Embroidered Shirt
Shirt
Round Neckline, Embroidered Neckline, Sleeves & Hem, Embroidered Patch On Both Side Slit Till Arm Hole
Fabric: Cambric
Color: Blue
Note:
Product color may vary slightly due to photographic lighting sources or monitor settings.",https://nishatlinen.com/products/ps24-126,"image_2_283_1.jpg, image_2_283_2.jpg, image_2_283_3.jpg"
2 Piece - Printed Embroidered Suit - 42402081,"Rs. 3,990.00 Rs. 2,593.50","Look famous with this printed embroidered two-piece from the latest unstitched summer collection.
Product Detail:
Embroidered Motif Style Shirt with Trousers
SHIRT
Printed Cambric Shirt: 3 Meter
Embroidered Neckline + Border
Fabric: Cambric
Color: Burnt Orange
TROUSERS
Printed Cambric Trousers: 2.5 Meter
Fabric: Cambric
Color: Burnt Orange
Note:
Product color may slightly vary due to photographic lighting sources or your device settings.",https://nishatlinen.com/products/42402081,"image_2_284_1.jpg, image_2_284_2.jpg, image_2_284_3.jpg"
2 Piece - Printed Embroidered Suit - 42401713,"Rs. 5,640.00 Rs. 3,666.00","Dress up like a princess with this printed embroidered two-piece from the latest unstitched summer collection.
Product Detail:
Floral Prints Style Shirt with Dupatta
SHIRT
Printed Super Fine Lawn Shirt: 3 Meter
Embroidered Border
Fabric: Lawn
Color: Black
DUPATTA
Digital Printed Zari Chiffon Dupatta: 2.5 Meter
Fabric: Chiffon
Color: Black
Note:
Product color may slightly vary due to photographic lighting sources or your device settings.",https://nishatlinen.com/products/42401713,"image_2_285_1.jpg, image_2_285_2.jpg, image_2_285_3.jpg"
2 Piece - Printed Suit - PE24-402 - XS / S,"Rs. 4,570.00 Rs. 2,742.00","Look perfect in this aesthetically appealing printed two-piece suit from the latest pret summer collection.
Product Detail
Printed Shirt With Trousers
Shirt
Wide Collar Neckline With Pearls Detail on Slit, Printed Shirt
Fabric: Cambric
Color: Green
Trousers
Printed Straight Trousers
Fabric: Cambric
Color: Green
Note:
Product color may vary slightly due to photographic lighting sources or monitor settings.",https://nishatlinen.com/collections/women/products/pe24-402,"image_2_286_1.jpg, image_2_286_2.jpg, image_2_286_3.jpg"
2 Piece - Printed Suit - PE24-400 - XS,"Rs. 4,570.00 Rs. 2,742.00","Get most iconic look by wearing this printed two-piece suit from the latest pret summer collection.
Product Detail
Printed Shirt With Trousers
Shirt
Round Neckline With Overlapped Placket, Flared Shirt
Fabric: Cambric
Color: Blue
Trousers
Straight Fitted Trousers
Fabric: Cambric
Color: Blue
Note:
Product color may vary slightly due to photographic lighting sources or monitor settings.",https://nishatlinen.com/collections/women/products/pe24-400,"image_2_287_1.jpg, image_2_287_2.jpg, image_2_287_3.jpg"
Embroidered Trousers - PE24-265 - XS,"Rs. 2,560.00 Rs. 1,536.00","Upgrade your wardrobe with this embroidered trousers from the latest pret summer collection.
Product Detail
Embroidered Trousers
Trousers
Straight Trousers With Embroidered Hem
Fabric: Cambric
Color: Off White
Note:
Product color may vary slightly due to photographic lighting sources or monitor settings.",https://nishatlinen.com/products/pe24-265,"image_2_288_1.jpg, image_2_288_2.jpg, image_2_288_3.jpg"
3 Piece - Printed Suit - 42401885,"Rs. 5,640.00 Rs. 3,666.00","Get a sober look by wearing this printed three-piece from the latest unstitched summer collection.
Product Detail:
Arches With Lotus Flowers Prints Style Shirt with Dupatta and Trousers
SHIRT
Printed Super Fine Lawn Shirt: 3 Meter
Fabric: Lawn
Color: Off White
DUPATTA
Digital Printed Muzlin Dupatta: 2.5 Meter
Fabric: Muzlin
Color: Off White
TROUSERS
Dyed Cambric Trousers: 2.5 Meter
Fabric: Cambric
Color: Off White
Note:
Product color may slightly vary due to photographic lighting sources or your device settings.",https://nishatlinen.com/products/42401885,"image_2_289_1.jpg, image_2_289_2.jpg, image_2_289_3.jpg"
3 Piece - Printed Loose Fabric - 42403106 - Shirt / 3 / 3,Rs. 830.00 Rs. 540.00,"Illustrate your style with this printed three-piece from the latest freedom to buy summer collection.
Product Detail:
Sunflowers With Textures Printed Style Shirt with Dupatta and Trousers
SHIRT
Shirt: 3 Meter (RS 730/-Mtr)
Fabric: Lawn
Color: Black
DUPATTA
Dupatta: 2.5 Meter (RS 750/-Mtr)
Fabric: Voile
Color: White
Note: Fabric used in shoot for gown is dupatta fabric
TROUSERS
Trousers: 2.5 Meter (RS 690/-Mtr)
Fabric: Cambric
Color: Black
Note:
Product color may slightly vary due to photographic lighting sources or your device settings.",https://nishatlinen.com/products/42403106,"image_2_290_1.jpg, image_2_290_2.jpg, image_2_290_3.jpg"
2 Piece - Dyed Embroidered Suit - 42402139,"Rs. 4,290.00 Rs. 3,432.00","Exude grace in this dyed embroidered two-piece from the latest unstitched summer collection.
Product Detail:
Gara Embroidered Style Shirt with Trousers
SHIRT
Solid Cambric Shirt: 3 Meter
Embroidered Front + Sleeves + Border
Fabric: Cambric
Color: Green
TROUSERS
Solid Cambric Trousers: 2.5 Meter
Fabric: Cambric
Color: Green
Note:
Product color may slightly vary due to photographic lighting sources or your device settings.",https://nishatlinen.com/products/42402139,"image_2_291_1.jpg, image_2_291_2.jpg, image_2_291_3.jpg"
3 Piece - Yarn Dyed Embroidered Suit - 42401975,"Rs. 13,330.00 Rs. 8,664.50","Make your day memorable with this graceful yarn dyed embroidered three-piece from the latest unstitched summer collection.
Product Detail:
Banarsi Style Shirt with Dupatta and Trousers
SHIRT
Yarn Dyed Banarsi Shirt: 3 Meter
Embroidered Front + Motifs + Border
Fabric: Banarsi
Color: Blue
DUPATTA
Banarsi Jacquard Dupatta: 2.5 Meter
Fabric: Jacquard
Color: Blue
TROUSERS
Yarn Dyed Banarsi Trousers: 2.5 Meter
Fabric: Banarsi
Color: Blue
Note:
Product color may slightly vary due to photographic lighting sources or your device settings.",https://nishatlinen.com/collections/women/products/42401975,"image_2_292_1.jpg, image_2_292_2.jpg, image_2_292_3.jpg"
3 Piece - Printed Embroidered Suit - 42401842,"Rs. 7,690.00 Rs. 4,998.50","Look gorgeous effortlessly by wearing printed embroidered three-piece from the latest unstitched summer collection.
Product Detail:
Ethnic Floral Mix Print Style Shirt with Dupatta and Trousers
SHIRT
Printed Lawn Shirt: 3 Meter
Embroidered Neckline + Border
Fabric: Lawn
Color: Carrot 
DUPATTA
Digital Printed Zari Lawn Dupatta: 2.5 Meter
Fabric: Zari Lawn
Color: Green
TROUSERS
Solid Cambric Trousers: 2.5 Meter
Fabric: Cambric
Color: Carrot
Note:
Product color may slightly vary due to photographic lighting sources or your device settings.",https://nishatlinen.com/collections/women/products/42401842,"image_2_293_1.jpg, image_2_293_2.jpg, image_2_293_3.jpg"
Embroidered Trousers - PS24-271 - XS,"Rs. 2,560.00 Rs. 1,536.00","Preserve your beautiful memories by wearing this embroidered trousers from the latest pret summer collection.
Product Detail
Embroidered Trousers
Trousers
Loose Straight Pants With Lace Detail On Embroidered
Fabric: Cambric
Color: Black
Note:
Product color may vary slightly due to photographic lighting sources or monitor settings.",https://nishatlinen.com/products/ps24-271,"image_2_294_1.jpg, image_2_294_2.jpg, image_2_294_3.jpg"
3 Piece - Printed Loose Fabric - 42403269 - Shirt / 3 / 3,Rs. 455.00 - Rs. 527.00,"Experience the hug-like softness of printed three-piece from the latest freedom to buy summer collection.
Product Detail:
Block Prints Paisleys Style Shirt with Dupatta and Trousers
SHIRT
Shirt: 3 Meter (RS 750/-Mtr)
Fabric: Lawn
Color: Beige
DUPATTA
Dupatta: 2.5 Meter (RS 780/-Mtr)
Fabric: Voile
Color: Beige
TROUSERS
Trousers: 2.5 Meter (RS 680/-Mtr)
Fabric: Cambric
Color: Beige
Note:
Product color may slightly vary due to photographic lighting sources or your device settings.",https://nishatlinen.com/products/42403269,"image_2_295_1.jpg, image_2_295_2.jpg, image_2_295_3.jpg"
Embroidered Shirt - PS24-76 - XS,"Rs. 6,490.00 Rs. 3,894.00","Capture hearts and mesmerize souls with this embroidered shirt from the latest pret summer collection.  
Product Detail
Embroidered Shirt
Shirt
Round Neckline With Tassels Attachment, Embroidered Sleeves, Side Pockets & Panels Detail With Ladder Lace
Fabric: Off White
Color: Cambric
Note:
Product color may vary slightly due to photographic lighting sources or monitor settings.",https://nishatlinen.com/products/ps24-76,"image_2_296_1.jpg, image_2_296_2.jpg, image_2_296_3.jpg"
3 Piece - Digital Printed Loose Fabric - 42403376 - Shirt / 3 / 3,Rs. 455.00 - Rs. 533.00,"Strut in style with this digital printed three-piece from the latest freedom to buy summer collection.
Product Detail
Modern Printed Style Shirt with Dupatta and Trousers 
SHIRT
Shirt: 3 Meter (RS 800/-Mtr) 
Fabric: Lawn
Color: Off White
DUPATTA
Dupatta: 2.5 Meter (RS 820/-Mtr) 
Fabric: Voile
Color: Off White
TROUSERS
Trousers: 2.5 Meter (RS 700/-Mtr) 
Fabric: Cambric
Color: Off White
Note:
Product color may slightly vary due to photographic lighting sources or your device settings.",https://nishatlinen.com/collections/women/products/42403376,"image_2_297_1.jpg, image_2_297_2.jpg, image_2_297_3.jpg"
3 Piece - Printed Suit - 42401849,"Rs. 6,150.00 Rs. 3,997.50","Become the ultimate trendsetter with our stylish printed three-piece from the latest unstitched summer collection.
Product Detail:
Block Print Style Shirt with Dupatta and Trousers
SHIRT
Printed Lawn Shirt: 3 Meter
Fabric: Lawn
Color: Deep Blue
DUPATTA
Digital Printed Zari Lawn Dupatta: 2.5 Meter
Fabric: Zari Lawn
Color: Deep Blue
TROUSERS
Dyed Cambric Trousers: 2.5 Meter
Fabric: Cambric
Color: Deep Blue
Note:
Product color may slightly vary due to photographic lighting sources or your device settings.",https://nishatlinen.com/collections/women/products/42401849,"image_2_298_1.jpg, image_2_298_2.jpg, image_2_298_3.jpg"
3 Piece - Digital & Paste Printed Embroidered Suit - 42401920,"Rs. 13,850.00 Rs. 9,002.50","Keep your look ever classy with this digital & paste printed embroidered three-piece from the latest unstitched summer collection.
Product Detail:
Floral Style Shirt with Dupatta and Trousers
SHIRT
Schiffli Embroidered Printed Cambric Front & Back: 2 Meter
Schiffli Embroidered Printed Cambric Sleeves: 0.6 Meter
Fabric: Cambric
Color: Light Pink
DUPATTA
Digital Printed Chicken Kari Dupatta: 2.5 Meter
Fabric: Chicken Kari
Color: Light Pink
TROUSERS
Pink Paste Printed Cambric Trousers: 2.5 Meter
Fabric: Cambric
Color: Light Pink
Note:
Product color may slightly vary due to photographic lighting sources or your device settings.",https://nishatlinen.com/products/42401920,"image_2_299_1.jpg, image_2_299_2.jpg, image_2_299_3.jpg"
3 Piece - Embroidered Suit - 42401438,"Rs. 9,740.00 Rs. 6,331.00","Experience the freedom to express your unique style with this versatile embroidered three-piece from the latest unstitched summer collection.
Product Detail:
Modern Style Floral Arrangements In Shape Of Circles Prints Style Shirt with Dupatta and Trousers
SHIRT
Dyed Cambric Shirt: 3 Meter
Embroidered Front + Border
Fabric: Cambric
Color: Green & White
DUPATTA
Digital Printed Pure Chiffon Dupatta: 2.5 Meter
Fabric: Chiffon
Color: Green & White
TROUSERS
Dyed Cambric Trousers: 2.5 Meter
Fabric: Cambric
Color: White
Note:
Product color may slightly vary due to photographic lighting sources or your device settings.",https://nishatlinen.com/products/42401438,"image_2_300_1.jpg, image_2_300_2.jpg, image_2_300_3.jpg"
1 Piece - Dyed Loose Fabric - 42402018-1 - Shirt / 3 / 3,Rs. 830.00 Rs. 540.00,"Look gorgeous effortlessly by wearing this dyed one-piece from the latest freedom to buy summer collection.
Product Detail:
Shirt 
SHIRT
Shirt: 3 Meter (RS 650/-Mtr)
Fabric: Cambric
Color: Mint

Note:
Product color may slightly vary due to photographic lighting sources or your device settings.",https://nishatlinen.com/products/42402018-1,image_2_301_1.jpg
Embroidered Trousers - PE24-395 - XS,"Rs. 2,250.00 Rs. 1,350.00","Add a touch of magic and glamour to your wardrobe with this embroidered trousers from the latest pret summer collection. 
Product Detail
Embroidered Trousers
Trousers
Loose Straight Trousers With Embroidered Hem
Fabric: Cambric
Color: Off White
Note:
Product color may vary slightly due to photographic lighting sources or monitor settings.",https://nishatlinen.com/collections/women/products/pe24-395,"image_2_302_1.jpg, image_2_302_2.jpg, image_2_302_3.jpg"
3 Piece - Printed Embroidered Suit - 42402038,"Rs. 7,690.00 Rs. 4,998.50","Uplift your style with our printed embroidered three-piece from the latest unstitched summer collection.
Product Detail:
Watercolor Floral Style Shirt with Dupatta and Trousers
SHIRT
Printed Super Fine Lawn Shirt: 3 Meter
Embroidered Neckline + Border
Fabric: Lawn
Color: Light Pink
DUPATTA
Digital Printed Crinkle Chiffon Dupatta: 2.5 Meter
Fabric: Crinkle Chiffon
Color: Light Pink
TROUSERS
Solid Cambric Trousers: 2.5 Meter
Fabric: Cambric
Color: Light Pink
Note:
Product color may slightly vary due to photographic lighting sources or your device settings.",https://nishatlinen.com/collections/women/products/42402038,"image_2_303_1.jpg, image_2_303_2.jpg, image_2_303_3.jpg"
3 Piece - Printed Loose Fabric - 42403307 - Dupatta / 2.5 / 2.5,Rs. 880.00 Rs. 572.00,"Brighten up your day in printed three-piece from the latest freedom to buy summer collection.
Product Detail:
Floral Jaal Printed Style Shirt with Dupatta and Trousers 
SHIRT
Shirt: 3 Meter (RS 750/-Mtr)
Fabric: Lawn
Color: Light Green
DUPATTA
Dupatta: 2.5 Meter (RS 780/-Mtr)
Fabric: Voile
Color: Light Green
TROUSERS
Trousers: 2.5 Meter (RS 680/-Mtr)
Fabric: Cambric
Color: Light Green
Note:
Product color may slightly vary due to photographic lighting sources or your device settings.",https://nishatlinen.com/collections/women/products/42403307,"image_2_304_1.jpg, image_2_304_2.jpg, image_2_304_3.jpg"
Embroidered Shirt - PE24-116 - XS,"Rs. 5,130.00 Rs. 3,078.00","Ease your confusion for styling by wearing this embroidered shirt from the latest pret summer collection.
Product Detail
Embroidered Shirt
Shirt
Round Neckline With Piping & Slit, Embroidered Front & Sleeves With Top Stitching Detail
Fabric: Cambric
Color: Grey
Note:
Product color may vary slightly due to photographic lighting sources or monitor settings.",https://nishatlinen.com/collections/women/products/pe24-116,"image_2_305_1.jpg, image_2_305_2.jpg, image_2_305_3.jpg"
3 Piece - Printed Loose Fabric - 42403030 - Shirt / 3 / 3,Rs. 670.00 Rs. 436.00,"Strut in style with this printed three-piece from the latest freedom to buy summer collection.
Product Detail:
Modern Printed Style Shirt with Dupatta and Trousers
SHIRT
Shirt: 3 Meter (RS 730/-Mtr)
Fabric: Lawn
Color: Black
DUPATTA
Dupatta: 2.5 Meter (RS 750/-Mtr)
Fabric: Voile
Color: Black
Note: Fabric used in shoot for gown is dupatta fabric
TROUSERS
Trousers: 2.5 Meter (RS 690/-Mtr)
Fabric: Cambric
Color: ﻿Black
Note:
Product color may slightly vary due to photographic lighting sources or your device settings.",https://nishatlinen.com/products/42403030,"image_2_306_1.jpg, image_2_306_2.jpg, image_2_306_3.jpg"
2 Piece - Printed Suit - PE24-419 - XS,"Rs. 4,570.00 Rs. 2,742.00","Enhance the value of the entire piece of clothing for a lovely and stunning appearance with this printed two-piece suit from the latest pret summer collection.
Product Detail
Printed Shirt With Trousers
Shirt
Band Neckline, Straight Shirt
Fabric: Cambric
Color: Red
Trousers
Printed Loose Trousers
Fabric: Cambric
Color: Red
Note:
Product color may vary slightly due to photographic lighting sources or monitor settings.",https://nishatlinen.com/products/pe24-419,"image_2_307_1.jpg, image_2_307_2.jpg, image_2_307_3.jpg"
3 Piece - Embroidered Suit - 42401800,"Rs. 10,770.00 Rs. 7,000.50","Express yourself with an embroidered three-piece from the latest unstitched summer collection.
Product Detail:
Banarsi Style Shirt with Dupatta and Trousers
SHIRT
Solid Satin Shirt: 3 Meter
Embroidered Front + Neckline + Sleeves + 2 Motifs
Fabric: Satin
Color: White
DUPATTA
Fancy Banarsi Dupatta: 2.5 Meter
Fabric: Banarsi
Color: White
TROUSERS
Solid Satin Trousers: 2.5 Meter
Fabric: Satin
Color: White
Note:
Product color may slightly vary due to photographic lighting sources or your device settings.",https://nishatlinen.com/collections/women/products/42401800,"image_2_308_1.jpg, image_2_308_2.jpg, image_2_308_3.jpg"
3 Piece - Printed Suit - 42402018,"Rs. 5,130.00 Rs. 3,334.50","Build your core wardrobe with this printed three-piece from the latest unstitched summer collection.
Product Detail:
Ethnic Printed Style Shirt with Dupatta and Trousers
SHIRT
Printed Super Fine Lawn Shirt: 3 Meter
Fabric: Lawn
Color: Black
DUPATTA
Digital Printed Crinkle Chiffon Dupatta: 2.5 Meter
Fabric: Crinkle Chiffon
Color: Black & White
TROUSERS
Solid Cambric Trousers: 2.5 Meter
Fabric: Cambric
Color: Black
Note:
Product color may slightly vary due to photographic lighting sources or your device settings.",https://nishatlinen.com/products/42402018,"image_2_309_1.jpg, image_2_309_2.jpg, image_2_309_3.jpg"
3 Piece - Printed Embellished Suit - 42401354,"Rs. 10,260.00 Rs. 6,669.00","Elevate your style to new heights with this printed embellished three-piece from the latest unstitched summer collection.
Product Detail:
Mukaish Work Style Shirt with Dupatta and Trousers
SHIRT
Embroidered Cambric Front: 1.15 Meter
Dyed Cambric Back & Sleeves: 1.85 Meter
Embroidered Neckline + Motifs
Fabric: Cambric
Color: Mustard
DUPATTA
Printed Mukaish Chiffon Dupatta: 2.4 Meter
Fabric: Mukaish Chiffon
Color: Mustard
TROUSERS
Dyed Cambric Trousers: 2.5 Meter
Fabric: Cambric
Color: Mustard
Note:
Product color may slightly vary due to photographic lighting sources or your device settings.",https://nishatlinen.com/collections/women/products/42401354,"image_2_310_1.jpg, image_2_310_2.jpg, image_2_310_3.jpg"
Printed Shirt - AS24-26 - XS,"Rs. 3,290.00 Rs. 1,974.00","Look and feel your best by wearing this printed shirt from the latest pret summer collection.
Product Detail
Printed Shirt
Shirt
Band Neckline With V Slit, Round Hem, High & Low Short Shirt
Fabric: Silk
Color: Multi
Note:
Product color may vary slightly due to photographic lighting sources or monitor settings.",https://nishatlinen.com/products/as24-26,"image_2_311_1.jpg, image_2_311_2.jpg, image_2_311_3.jpg"
3 Piece - Digital Printed Loose Fabric - 42403128 - Dupatta / 2.5 / 2.5,Rs. 830.00 Rs. 540.00,"Look famous wih this digital printed three-piece from the latest freedom to buy summer collection.
Product Detail:
Textures Printed Style Shirt with Dupatta and Trousers
SHIRT
Shirt: 3 Meter (RS 750/-Mtr)
Fabric: Lawn
Color: Black
Note: Fabric used at neckline, sleeves & trousers hem are shirt fabric
DUPATTA
Dupatta: 2.5 Meter (RS 780/-Mtr)
Fabric: Voile
Color: Black
Note: Fabric used in shoot for gown is dupatta fabric.
TROUSERS
Trousers: 2.5 Meter (RS 650/-Mtr)
Fabric: Cambric
Color: Black
Note:
Product color may slightly vary due to photographic lighting sources or your device settings.",https://nishatlinen.com/products/42403128,"image_2_312_1.jpg, image_2_312_2.jpg, image_2_312_3.jpg"
3 Piece - White Paste Printed Embroidered Suit - 42401912,"Rs. 8,720.00 Rs. 5,668.00","Make your day pleasingly memorable with this digital printed embroidered three-piece from the latest unstitched summer collection.
Product Detail:
Floral Bunches Style Shirt with Dupatta and Trousers
SHIRT
White Paste Printed Super Fine Lawn Shirt: 3 Meter
Embroidered Motifs + 2 Borders
Fabric: Lawn
Color: Light Grey
DUPATTA
White Paste Printed Voile Dupatta: 2.5 Meter
Fabric: Voile
Color: Light Grey
TROUSERS
Dyed Cambric Trousers: 2.5 Meter
Fabric: Cambric
Color: Light Grey
Note:
Product color may slightly vary due to photographic lighting sources or your device settings.",https://nishatlinen.com/products/42401912,"image_2_313_1.jpg, image_2_313_2.jpg, image_2_313_3.jpg"
1 Piece - Dyed Loose Fabric - 42403098 - Shirt / 3 / 3,Rs. 670.00 Rs. 436.00,"Captivate in majestic featuring dyed one-piece from the latest freedom to buy summer collection.
Product Detail:
Shirt
SHIRT
Shirt: 3 Meter (RS 690/-Mtr)
Fabric: Cambric
Color: Off White
Note:
Product color may slightly vary due to photographic lighting sources or your device settings.",https://nishatlinen.com/products/42403098,"image_2_314_1.jpg, image_2_314_2.jpg, image_2_314_3.jpg"
1 Piece - Digital Printed Loose Fabric - 42403060 - Shirt / 3 / 3,Rs. 670.00 Rs. 436.00,"Unveil your summer story with the timeless elegance of our digital printed one-piece from the latest freedom to buy summer collection.
Product Detail:
Floral Printed Style Shirt
SHIRT
Shirt: 3 Meter (RS 1090/-Mtr)
Fabric: Fancy Strip
Color: Off White
Note:
Product color may slightly vary due to photographic lighting sources or your device settings.",https://nishatlinen.com/products/42403060,"image_2_315_1.jpg, image_2_315_2.jpg, image_2_315_3.jpg"
2 Piece - Fancy Embroidered Suit - 42401291,"Rs. 6,150.00 Rs. 3,997.50","Create a gleaming statement in this fancy embroidered two-piece from the latest unstitched summer collection. 
Product Detail:
Shirt with Dupatta
SHIRT
Embroidered Super Fine Lawn Front: 1.15 Meter
Dyed Super Fine Lawn Back & Sleeves: 1.85 Meter
Embroidered Border
Fabric: Lawn
Color: Beige
DUPATTA
Sequin Dupatta: 2.5 Meter
Fabric: Sequin
Color: Beige
Note:
Product color may slightly vary due to photographic lighting sources or your device settings.",https://nishatlinen.com/products/42401291,"image_2_316_1.jpg, image_2_316_2.jpg, image_2_316_3.jpg"
Basic Trousers - PE24-398 - XS,"Rs. 2,050.00 Rs. 1,230.00","Add a layer of glamour to your summer outfit with this basic trousers from the latest pret summer collection.
Product Detail
Basic Trousers
Trousers
Loose Straight Trousers With Lace Detail
Fabric: Cambric
Color: Beige
Note:
Product color may vary slightly due to photographic lighting sources or monitor settings.",https://nishatlinen.com/products/pe24-398,"image_2_317_1.jpg, image_2_317_2.jpg, image_2_317_3.jpg"
3 Piece - Printed Suit - 42402104,"Rs. 4,990.00 Rs. 3,992.00","Be special in this unique printed three-piece from the latest unstitched summer collection.
Product Detail:
Tie & Dye Printed Style Shirt with Dupatta and Trousers
SHIRT
Printed Lawn Shirt: 3 Meter
Fabric: Lawn
Color: Red
DUPATTA
Printed Doriya Dupatta: 2.5 Meter
Fabric: Doriya
Color: Red
TROUSERS
Solid Cambric Trousers: 2.5 Meter
Fabric: Cambric
Color: Red
Note:
Product color may slightly vary due to photographic lighting sources or your device settings.",https://nishatlinen.com/products/42402104,"image_2_318_1.jpg, image_2_318_2.jpg, image_2_318_3.jpg"
3 Piece - Gold Printed Loose Fabric - 42403310 - Dupatta / 2.5 / 2.5,Rs. 880.00 Rs. 572.00,"Brighten up your day in gold printed three-piece from the latest freedom to buy summer collection.
Product Detail:
Chunri Style Shirt with Dupatta and Trousers 
SHIRT
Shirt: 3 Meter (RS 800/-Mtr)
Fabric: Lawn
Color: Magenta
DUPATTA
Dupatta: 2.5 Meter (RS 850/-Mtr)
Fabric: Voile
Color: Magenta
TROUSERS
Trousers: 2.5 Meter (RS 680/-Mtr)
Fabric: Cambric
Color: Magenta
Note:
Product color may slightly vary due to photographic lighting sources or your device settings.",https://nishatlinen.com/products/42403310,"image_2_319_1.jpg, image_2_319_2.jpg, image_2_319_3.jpg"
3 Piece - Printed Loose Fabric - 42403264 - Shirt / 3 / 3,Rs. 455.00 - Rs. 527.00,"Effortlessly capture attention with the printed three-piece from the latest freedom to buy summer collection.
Product Detail:
Tile Art Patterns In Printed Form Shirt with Dupatta and Trousers
SHIRT
Shirt: 3 Meter (RS 750/-Mtr)
Fabric: Lawn
Color: Mustard
DUPATTA
Dupatta: 2.5 Meter (RS 780/-Mtr)
Fabric: Voile
Color: Mustard
TROUSERS
Trousers: 2.5 Meter (RS 680/-Mtr)
Fabric: Cambric
Color: ﻿Mustard
Note:
Product color may slightly vary due to photographic lighting sources or your device settings.",https://nishatlinen.com/collections/women/products/42403264,"image_2_320_1.jpg, image_2_320_2.jpg, image_2_320_3.jpg"
2 Piece - Jacquard Embroidered Suit - 42402159,"Rs. 6,990.00 Rs. 5,592.00","For a statement look this jacquard embroidered two-piece from the latest unstitched summer collection.
Product Detail:
Stripes  Style Shirt with Dupatta
SHIRT
Jacquard Shirt: 3 Meter
Embroidered Neckline + Border
Fabric: Jacquard
Color: Denim Blue
DUPATTA
Jacquard Dupatta: 2.5 Meter
Fabric: Jacquard
Color: Denim Blue
Note:
Product color may slightly vary due to photographic lighting sources or your device settings.",https://nishatlinen.com/products/42402159,"image_2_321_1.jpg, image_2_321_2.jpg, image_2_321_3.jpg"
3 Piece - Printed Loose Fabric - 42403146 - Shirt / 3 / 3,Rs. 830.00 Rs. 540.00,"Unleash your inner muse with this printed three-piece from the latest freedom to buy summer collection.
Product Detail:
Chintz Printed Style Shirt with Dupatta and Trousers
SHIRT
Shirt: 3 Meter (RS 730/-Mtr)
Fabric: Lawn
Color: Green
DUPATTA
Dupatta: 2.5 Meter (RS 750/-Mtr)
Fabric: Voile
Color: Green
TROUSERS
Trousers: 2.5 Meter (RS 650/-Mtr)
Fabric: Cambric
Color: Green
Note:
Product color may slightly vary due to photographic lighting sources or your device settings.",https://nishatlinen.com/products/42403146,"image_2_322_1.jpg, image_2_322_2.jpg, image_2_322_3.jpg"
2 Piece - Printed Suit - PS24-287 - XS,"Rs. 4,820.00 Rs. 2,892.00","Add a touch of cool affection to every day looks with this printed two-piece suit from the latest pret summer collection. 
Product Detail
Printed Shirt With Trousers
Shirt
Stylized Collar Neckline, Straight Gathered Sleeves, Straight Shirt
Fabric: Cambric
Color: Black
Trousers
Straight Trousers
Fabric: Cambric
Color: Black
Note:
Product color may vary slightly due to photographic lighting sources or monitor settings.",https://nishatlinen.com/collections/women/products/ps24-287,"image_2_323_1.jpg, image_2_323_2.jpg, image_2_323_3.jpg"
3 Piece - Printed Embroidered Suit - 42401398,"Rs. 7,180.00 Rs. 4,667.00","Step into the spotlight of elegance by wearing this printed embroidered three-piece from the latest unstitched summer collection.
Product Detail:
Ralli Motifs With Flowers Style Shirt with Dupatta and Trousers
SHIRT
Embroidered Super Fine Lawn Front: 1.15 Meter
Printed Super Fine Lawn Back & Sleeves: 1.18 Meter
Embroidered Border
Fabric: Lawn
Color: Light Pink
DUPATTA
Digital Printed Banarsi Slub Dupatta: 2.5 Meter
Fabric: Banarsi Slub
Color: Light Pink
TROUSERS
Printed Cambric Trousers: 2.5 Meter
Fabric: Cambric
Color: Light Pink
Note:
Product color may slightly vary due to photographic lighting sources or your device settings.",https://nishatlinen.com/collections/women/products/42401398,"image_2_324_1.jpg, image_2_324_2.jpg, image_2_324_3.jpg"
2 Piece - Printed Suit - 42401719,"Rs. 3,070.00 Rs. 1,995.50","Strut in style with this printed two-piece from the latest unstitched summer collection.
Product Detail:
Floral Stems Prints Style Shirt with Dupatta
SHIRT
Printed Super Fine Lawn Shirt: 3 Meter
Fabric: Lawn
Color: Pashmina
DUPATTA
Printed Voile Dupatta: 2.5 Meter
Fabric: Voile
Color: Pashmina
Note:
Product color may slightly vary due to photographic lighting sources or your device settings.",https://nishatlinen.com/collections/women/products/42401719,"image_2_325_1.jpg, image_2_325_2.jpg, image_2_325_3.jpg"
3 Piece - Printed Loose Fabric - 42403036 - Shirt / 3 / 3,Rs. 670.00 Rs. 436.00,"For a fashionable statement adorn this three-piece from the latest freedom to buy summer collection.
Product Detail:
Modern Printed Style Shirt with Dupatta and Trousers
SHIRT
Shirt: 3 Meter (RS 730/-Mtr)
Fabric: Lawn
Color: Dark Green
DUPATTA
Dupatta: 2.5 Meter (RS 750/-Mtr)
Fabric: Voile
Color: Dark Green
TROUSERS
Trousers: 2.5 Meter (RS 690/-Mtr)
Fabric: Cambric
Color: ﻿Dark Green
Note:
Product color may slightly vary due to photographic lighting sources or your device settings",https://nishatlinen.com/products/42403036,"image_2_326_1.jpg, image_2_326_2.jpg, image_2_326_3.jpg"
Embroidered Shirt - PE24-123 - XS,"Rs. 4,820.00 Rs. 2,892.00","Make a pleasing and appealing look with this embroidered shirt from the latest pret summer collection. 
Product Detail
Embroidered Shirt
Shirt
Round Neckline With Piping & Slit, Pintucks Detail On Sleeves, Embroidered Front
Fabric: Cambric
Color: Green
Note:
Product color may vary slightly due to photographic lighting sources or monitor settings.",https://nishatlinen.com/products/pe24-123,"image_2_327_1.jpg, image_2_327_2.jpg, image_2_327_3.jpg"
2-Piece - Embroidered Suit  - PS24-123 - XS,"Rs. 7,790.00 Rs. 4,674.00","Create a statement-making festive look with this embroidered two-piece suit from the latest pret summer collection.   
Product Detail
Embroidered Shirt With Dupatta
Shirt
Band Neckline With Overlapped Placket, Gotta Lace Detail On Sleeves, Embroidered Front 
Fabric: Cambric
Color: Beige
Dupatta
Embroidered Dupatta Borders
Fabric: Monar
Color: Beige
Note:
Product color may vary slightly due to photographic lighting sources or monitor settings.",https://nishatlinen.com/collections/women/products/ps24-123,"image_2_328_1.jpg, image_2_328_2.jpg, image_2_328_3.jpg"
1 Piece - Paste Printed Loose Fabric - 42403087 - Trouser / 2.5 / 2.5,Rs. 670.00 Rs. 436.00,"Encapsulate the essence of modern and timeless refinement with our paste printed one-piece from the latest freedom to buy summer collection.
Product Detail:
Floral Block Prints Style Trousers
TROUSERS
Trousers: 2.5 Meter (RS 690/-Mtr)
Fabric: Cambric
Color: ﻿Black
Note:
Product color may slightly vary due to photographic lighting sources or your device settings.",https://nishatlinen.com/products/42403087,"image_2_329_1.jpg, image_2_329_2.jpg, image_2_329_3.jpg"
3 Piece - Embroidered Suit - 42401078,"Rs. 9,230.00 Rs. 5,999.50","Add some more substance to your personality by wearing this embroidered three-piece from the latest unstitched summer collection.
Product Detail:
Paisleys Prints Style Shirt with Dupatta and Trousers
SHIRT
Dyed Cambric Shirt: 3 Meter
Embroidered Front + Border
Fabric: Cambric
Color: Beige
DUPATTA
Digital Printed Soft Net Dupatta: 2.5 Meter
Fabric: Net
Color: Beige & Skin
TROUSERS
Dyed Cambric Trousers: 2.5 Meter
Fabric: Cambric
Color: ﻿Beige
Note:
Product color may slightly vary due to photographic lighting sources or your device settings.",https://nishatlinen.com/collections/women/products/42401078,"image_2_330_1.jpg, image_2_330_2.jpg, image_2_330_3.jpg"
Printed Shirt - PE24-362 - XS,"Rs. 3,280.00 Rs. 1,968.00","Get instant timeless appeal and stay effortlessly chic with this printed shirt from the latest pret summer collection. 
Product Detail
Printed Shirt
Shirt
Round Neckline With Tie-Up Dorri & Tassels Detail, Printed Shirt
Fabric: Lawn 
Color: Off White
Note:
Product color may vary slightly due to photographic lighting sources or monitor settings.",https://nishatlinen.com/products/pe24-362,"image_2_331_1.jpg, image_2_331_2.jpg, image_2_331_3.jpg"
1 Piece - Digital Printed Loose Fabric - 42403063 - Shirt / 3 / 3,Rs. 830.00 Rs. 540.00,"Look gorgeous effortlessly by wearing this digital printed one-piece from the latest freedom to buy summer collection.
Product Detail:
Floral Printed Styles Shirt
SHIRT
Shirt: 3 Meter (RS 1090/-Mtr)
Fabric: Lurix Stripe
Color: Tea Pink

Note:
Product color may slightly vary due to photographic lighting sources or your device settings.",https://nishatlinen.com/products/42403063,"image_2_332_1.jpg, image_2_332_2.jpg, image_2_332_3.jpg"
2 Piece - Printed Embroidered Suit - 42401572,"Rs. 5,130.00 Rs. 3,334.50","Get ready for garden parties by styling this printed embroidered two-piece from the latest unstitched summer collection.
Product Detail:
Chunri Prints Style Shirt with Dupatta
SHIRT
Printed Super Fine Lawn Shirt: 3 Meter
Embroidered Neckline
Fabric: Lawn
Color: Blue
DUPATTA
Digital Printed Muzlin Dupatta: 2.5 Meter
Fabric: Muzlin
Color: ﻿Blue
Note:
Product color may slightly vary due to photographic lighting sources or your device settings.",https://nishatlinen.com/collections/women/products/42401572,"image_2_333_1.jpg, image_2_333_2.jpg, image_2_333_3.jpg"
3 Piece - Digital Printed Suit - 42401551,"Rs. 8,200.00 Rs. 5,330.00","Look absolutely stunning by wearing this digital printed three-piece from the latest unstitched summer collection.
Product Detail:
Ethnic Style Shirt with Dupatta and Trousers
SHIRT
Digital Printed Brochia Jacquard Shirt: 3 Meter
Fabric: Jacquard
Color: Green
DUPATTA
Digital Printed Brochia Jacquard Dupatta: 2.5 Meter
Fabric: Jacquard
Color: Green
TROUSERS
Dyed Cambric Trousers: 2.5 Meter
Fabric: Cambric
Color: Green
Note:
Product color may slightly vary due to photographic lighting sources or your device settings.",https://nishatlinen.com/products/42401551,"image_2_334_1.jpg, image_2_334_2.jpg, image_2_334_3.jpg"
3 Piece - Jacquard Embroidered Suit - 42401933,"Rs. 8,720.00 Rs. 5,668.00","Feel the joy of life in this jacquard embroidered three-piece from the latest unstitched summer collection.
Product Detail:
Allover Floral Style Shirt with Dupatta and Trousers
SHIRT
Jacquard Shirt: 3 Meter
Embroidered Neckline + Border
Fabric: Jacquard
Color: Tea Pink
DUPATTA
Digital Printed Zari Lawn Dupatta: 2.5 Meter
Fabric: Zari Lawn
Color: Tea Pink
TROUSERS
Solid Cambric Trousers: 2.5 Meter
Fabric: Cambric
Color: Tea Pink
Note:
Product color may slightly vary due to photographic lighting sources or your device settings.",https://nishatlinen.com/collections/women/products/42401933,"image_2_335_1.jpg, image_2_335_2.jpg, image_2_335_3.jpg"
Slips - PS23-08 - XS,"Rs. 1,370.00 Rs. 1,096.00","Slip adds comfort & a soft, smooth feel to your daily wear. Try this breathable and durable slip from the latest summer collection.
Product Detail
V Neck Slip
Color: Beige
Fabric: Voile
Note:
Product color may slightly vary due to photographic lighting sources or your monitor settings.",https://nishatlinen.com/products/ps23-08,image_2_336_1.jpg
1 Piece - Printed Loose Fabric - 42403082 - Dupatta / 2.5 / 2.5,Rs. 670.00 Rs. 436.00,"Uplift your persona with the allure of our printed one-piece from the latest freedom to buy summer collection.
Product Detail:
Gradient Printed Style Dupatta
DUPATTA
Dupatta: 2.5 Meter (RS 750/-Mtr)
Fabric: Voile
Color: Yellow
Note:
Product color may slightly vary due to photographic lighting sources or your device settings",https://nishatlinen.com/products/42403082,"image_2_337_1.jpg, image_2_337_2.jpg, image_2_337_3.jpg"
3 Piece - Printed Embroidered Suit - 42402024,"Rs. 9,490.00 Rs. 6,168.50","Be dedicated in this printed embroidered three-piece from the latest unstitched summer collection.
Product Detail:
Rug Patterns In Printed Form Shirt with Dupatta and Trousers
SHIRT
Printed Super Fine Lawn Shirt: 3 Meter
Embroidered Neckline + Border
Fabric: Lawn
Color: Sea Green
DUPATTA
Printed Banarsi Brochia Dupatta: 2.5 Meter
Fabric: Banarsi Brochia
Color: Sea Green
TROUSERS
Solid Cambric Trousers: 2.5 Meter
Fabric: Cambric
Color: Sea Green
Note:
Product color may slightly vary due to photographic lighting sources or your device settings.",https://nishatlinen.com/collections/women/products/42402024,"image_2_338_1.jpg, image_2_338_2.jpg, image_2_338_3.jpg"
3 Piece - Printed Suit - 42401883,"Rs. 5,640.00 Rs. 3,666.00","Get special attention is given by wearing this printed three-piece from the latest unstitched summer collection.
Product Detail:
Chunri Printed Style Shirt with Dupatta and Trousers
SHIRT
Printed Super Fine Lawn Shirt: 3 Meter
Fabric: Lawn
Color: Blue
DUPATTA
Digital Printed Muzlin Dupatta: 2.5 Meter
Fabric: Muzlin
Color: Blue
TROUSERS
Dyed Cambric Trousers: 2.5 Meter
Fabric: Cambric
Color: Blue
Note:
Product color may slightly vary due to photographic lighting sources or your device settings.",https://nishatlinen.com/products/42401883,"image_2_339_1.jpg, image_2_339_2.jpg, image_2_339_3.jpg"
Slip - PW24-98 - XS,"Rs. 1,250.00 Rs. 1,000.00","Add comfort and a soft and smooth feel to your daily wear with this slip from the latest winter collection.   
Product Detail
Basic Slip
Slip
Round Neckline Slip
Fabric: Voile
Color: Off White
Note:
Product color may slightly vary due to photographic lighting sources or your monitor settings.",https://nishatlinen.com/products/pw24-98,image_2_340_1.jpg
2 Piece - Printed Suit - 42401780,"Rs. 4,610.00 Rs. 2,996.50","Make your day glorious in this printed two-piece from the latest unstitched summer collection.
Product Detail:
Mughal Motifs In Printed Form Shirt with Dupatta
SHIRT
Printed Super Fine Lawn Shirt: 3 Meter
Fabric: Lawn
Color: Black
DUPATTA
Digital Printed Crinkle Chiffon Dupatta: 2.5 Meter
Fabric: Crinkle Chiffon
Color: Black
Note:
Product color may slightly vary due to photographic lighting sources or your device settings.",https://nishatlinen.com/products/42401780,"image_2_341_1.jpg, image_2_341_2.jpg, image_2_341_3.jpg"
3 Piece - Printed Embroidered Suit - 42401357,"Rs. 8,200.00 Rs. 5,330.00","Unlock the secret language of style by wearing this printed embroidered three-piece from the latest unstitched summer collection.
Product Detail:
Block Print With Textures Style Shirt with Dupatta and Trousers
SHIRT
Printed Cambric Shirt: 3 Meter
Embroidered Motifs + Border
Fabric: Cambric
Color: Dull Magenta
DUPATTA
Block Printed Khadi Silk Dupatta: 2.5 Meter
Fabric: Khadi Silk
Color: Dull Magenta
TROUSERS
Dyed Cambric Trousers: 3 Meter
Fabric: Cambric
Color: Light Yellow
Note:
Product color may slightly vary due to photographic lighting sources or your device settings.",https://nishatlinen.com/collections/women/products/42401357,"image_2_342_1.jpg, image_2_342_2.jpg, image_2_342_3.jpg"
3 Piece - Digital Printed Embroidered Suit - 42401784,"Rs. 8,200.00 Rs. 5,330.00","Make your day memorable with this graceful digital printed embroidered three-piece from the latest unstitched summer collection.
Product Detail:
Floral Print Style Shirt with Dupatta and Trousers
SHIRT
Digital Printed Super Fine Lawn Shirt: 3 Meter
Embroidered Motifs + Border
Fabric: Lawn
Color: Black
DUPATTA
Digital Printed Silk Dupatta: 2.5 Meter
Fabric: Silk
Color: Black
TROUSERS
Solid Cambric Trousers: 2.5 Meter
Fabric: Cambric
Color: Black
Note:
Product color may slightly vary due to photographic lighting sources or your device settings.",https://nishatlinen.com/products/42401784,"image_2_343_1.jpg, image_2_343_2.jpg, image_2_343_3.jpg"
1 Piece - Digital Printed Loose Fabric - 42403343 - Shirt / 3 / 3,Rs. 880.00 Rs. 572.00,"Exude grace in this digital printed one-piece from the latest freedom to buy summer collection.
Product Detail:
Tie & Dye Textures In Printed Form Shirt 
SHIRT
Shirt: 3 Meter (RS 780/-Mtr)
Fabric: Lawn
Color: Black
Note:
Product color may slightly vary due to photographic lighting sources or your device settings.",https://nishatlinen.com/collections/women/products/42403343,"image_2_344_1.jpg, image_2_344_2.jpg, image_2_344_3.jpg"
2 Piece - Printed Embroidered Suit - PE24-136 - XS,"Rs. 7,690.00 Rs. 4,614.00","Keep it subtle yet glamorous with this printed embroidered two-piece suit from the latest pret summer collection.
Product Detail
Printed Embroidered Shirt With Dupatta
Shirt
Band Neckline With V Slit, Embroidered Front & Sleeves With Tilla Lace Insertion Detail On Edges, Straight Shirt
Fabric: Cambric
Color: Ice Blue
Dupatta
Pearls Detail On Dupatta Edges
Fabric: Sequence
Color: Ice Blue
Note:
Product color may vary slightly due to photographic lighting sources or monitor settings.",https://nishatlinen.com/collections/women/products/pe24-136,"image_2_345_1.jpg, image_2_345_2.jpg, image_2_345_3.jpg"
2 Piece - Printed Suit - PS24-346 - XS,"Rs. 4,820.00 Rs. 2,892.00","Radiate positivity and vibrancy in this printed two-piece suit from the latest pret summer collection.
Product Detail
Printed Shirt With Trousers
Shirt
Collar Neckline, Round Hem, Printed Shirt
Fabric: Cambric
Color: Beige
Trousers
Fitted Trousers
Fabric: Cambric
Color: Beige
Note:
Product color may vary slightly due to photographic lighting sources or monitor settings.",https://nishatlinen.com/collections/women/products/ps24-346,"image_2_346_1.jpg, image_2_346_2.jpg, image_2_346_3.jpg"
3 Piece - Printed Loose Fabric - 42403027 - Shirt / 3 / 3,Rs. 670.00 Rs. 436.00,"Your style, your story with our printed three-piece from the latest freedom to buy summer collection.
Product Detail:
Stylised Flower & Paisleys Printed Style Shirt with Dupatta and Trousers
SHIRT
Shirt: 3 Meter (RS 730/-Mtr)
Fabric: Lawn
Color: Off White
DUPATTA
Dupatta: 2.5 Meter (RS 750/-Mtr)
Fabric: Voile
Color: Off White
TROUSERS
Trousers: 2.5 Meter (RS 650/-Mtr)
Fabric: Cambric
Color: ﻿Off White
Note:
Product color may slightly vary due to photographic lighting sources or your device settings.",https://nishatlinen.com/products/42403027,"image_2_347_1.jpg, image_2_347_2.jpg, image_2_347_3.jpg"
3 Piece - Printed Suit - 42402112,"Rs. 4,990.00 Rs. 3,992.00","Level up your wardrobe with gorgeous printed three-piece from the latest unstitched summer collection.
Product Detail:
Ethnic & Abstract Mix Printed Style Shirt with Dupatta and Trousers
SHIRT
Printed Lawn Shirt: 3 Meter
Fabric: Lawn
Color: Black
DUPATTA
Printed Doriya Dupatta: 2.5 Meter
Fabric: Doriya
Color: Black 
TROUSERS
Solid Cambric Trousers: 2.5 Meter
Fabric: Cambric
Color: Black
Note:
Product color may slightly vary due to photographic lighting sources or your device settings.",https://nishatlinen.com/products/42402112,"image_2_348_1.jpg, image_2_348_2.jpg, image_2_348_3.jpg"
2 Piece - Printed Suit - 42401781,"Rs. 4,610.00 Rs. 2,996.50","Make your day glorious in this printed two-piece from the latest unstitched summer collection.
Product Detail:
Embellished Style Shirt with Dupatta
SHIRT
Printed Super Fine Lawn Shirt: 3 Meter
Fabric: Lawn
Color: Pink
DUPATTA
Digital Printed Crinkle Chiffon Dupatta: 2.5 Meter
Fabric: Crinkle Chiffon
Color: Pink
Note:
Product color may slightly vary due to photographic lighting sources or your device settings.",https://nishatlinen.com/collections/women/products/42401781,"image_2_349_1.jpg, image_2_349_2.jpg, image_2_349_3.jpg"
3 Piece - Printed Embroidered Suit - 42402029,"Rs. 9,490.00 Rs. 6,168.50","Look gorgeous effortlessly by wearing this printed embroidered three-piece from the latest unstitched summer collection.
Product Detail:
Abstract Style Shirt with Dupatta and Trousers
SHIRT
Printed Super Fine Lawn Shirt: 3 Meter
Embroidered Neckline + Border
Fabric: Lawn
Color: Coral
DUPATTA
Printed Banarsi Brochia Dupatta: 2.5 Meter
Fabric: Banarsi Brochia
Color: Coral
TROUSERS
Solid Cambric Trousers: 2.5 Meter
Fabric: Cambric
Color: Coral
Note:
Product color may slightly vary due to photographic lighting sources or your device settings.",https://nishatlinen.com/collections/women/products/42402029,"image_2_350_1.jpg, image_2_350_2.jpg, image_2_350_3.jpg"
3 Piece - Digital Printed Suit - 42401556,"Rs. 8,200.00 Rs. 5,330.00","Make your look flawless on your special days with this digital printed three-piece from the latest unstitched summer collection.
Product Detail:
Ethnic Jaal Style Shirt with Dupatta and Trousers
SHIRT
Digital Printed Brochia Jacquard Shirt: 3 Meter
Fabric: Jacquard
Color: Light Beige
DUPATTA
Digital Printed Brochia Jacquard Dupatta: 2.5 Meter
Fabric: Jacquard
Color: Light Beige
TROUSERS
Dyed Cambric Trousers: 2.5 Meter
Fabric: Cambric
Color: ﻿Light Beige
Note:
Product color may slightly vary due to photographic lighting sources or your device settings.",https://nishatlinen.com/products/42401556,"image_2_351_1.jpg, image_2_351_2.jpg, image_2_351_3.jpg"
3 Piece - Gold Printed Embroidered Suit - 42401371,"Rs. 9,740.00 Rs. 6,331.00","Preserve your beautiful memories in this gold printed embroidered three-piece from the latest unstitched summer collection. 
Product Detail:
Banarsi Patterns With Chevrons Style Shirt with Dupatta and Trousers
SHIRT
Gold Paste Printed Sateen Shirt: 3 Meter
Embroidered Motifs + Border
Fabric: Sateen
Color: Teal
DUPATTA
Fancy Banarsi Dupatta: 2.5 Meter
Fabric: Banarsi
Color: Teal
TROUSERS
Dyed Sateen Trousers: 2.5 Meter
Fabric: Sateen
Color: Teal
Note:
Product color may slightly vary due to photographic lighting sources or your device settings.",https://nishatlinen.com/collections/women/products/42401371,"image_2_352_1.jpg, image_2_352_2.jpg, image_2_352_3.jpg"
2 Piece - Basic Suit  - PS24-86 - XS,"Rs. 5,690.00 Rs. 3,414.00","Look and feel your best by wearing this basic two-piece suit from the latest pret summer collection. 
Product Detail
Basic Shirt With Trousers
Shirt
Round Neckline With Placket & Stylized Pleats, Embellished Sleeves
Fabric: Cambric
Color: Pink
Trousers
Straight Trousers
Fabric: Cambric
Color: Pink
Note:
Product color may vary slightly due to photographic lighting sources or monitor settings.",https://nishatlinen.com/collections/women/products/ps24-86,"image_2_353_1.jpg, image_2_353_2.jpg, image_2_353_3.jpg"
2 Piece - Printed Suit - 42401773,"Rs. 4,610.00 Rs. 2,996.50","Catch a versatile look by wearing this printed two-piece from the latest unstitched summer collection.
Product Detail:
Scenic Print Style Shirt with Dupatta
SHIRT
Printed Super Fine Lawn Shirt: 3 Meter
Fabric: Lawn
Color: Grey
DUPATTA
Digital Printed Crinkle Chiffon Dupatta: 2.5 Meter
Fabric: Crinkle Chiffon
Color: Multi
Note:
Product color may slightly vary due to photographic lighting sources or your device settings.",https://nishatlinen.com/collections/women/products/42401773,"image_2_354_1.jpg, image_2_354_2.jpg, image_2_354_3.jpg"
Printed Embroidered Shirt - PE24-377 - XS,"Rs. 3,790.00 Rs. 2,274.00","Make your look surpassing with this printed embroidered shirt from the latest pret summer collection.
Product Detail
Printed Embroidered Shirt
Shirt
Band Neckline With Slit & Adda Detail On Piping, Embroidered Sleeves
Fabric: Lawn
Color: Peach
Note:
Product color may vary slightly due to photographic lighting sources or monitor settings.",https://nishatlinen.com/collections/women/products/pe24-377,"image_2_355_1.jpg, image_2_355_2.jpg, image_2_355_3.jpg"
1 Piece - Digital Printed Loose Fabric - 42403223 - Shirt / 3 / 3,Rs. 830.00 Rs. 540.00,"Immerse yourself in the exquisite elegance of this digital printed one-piece from the latest freedom to buy summer collection.
Product Detail:
Tropical Trees Printed Style Shirt 
SHIRT
Shirt: 3 Meter (RS 800/-Mtr)
Fabric: Dobby Lawn
Color: Off White

Note:
Product color may slightly vary due to photographic lighting sources or your device settings.",https://nishatlinen.com/products/42403223,"image_2_356_1.jpg, image_2_356_2.jpg, image_2_356_3.jpg"
Basic Trousers - PE24-378 - XS,"Rs. 1,740.00 Rs. 1,044.00","Get a stunning & fabulous blend of eye-catching looks with this basic trousers from the latest pret summer collection.
Product Detail
Basic Trousers
Trousers
Loose Straight Trousers With Pleats Detail At Hem
Fabric: Cambric
Color: Beige
Note:
Product color may vary slightly due to photographic lighting sources or monitor settings.",https://nishatlinen.com/products/pe24-378,"image_2_357_1.jpg, image_2_357_2.jpg, image_2_357_3.jpg"
3 Piece - Printed Embroidered Suit - 42402027,"Rs. 9,490.00 Rs. 6,168.50","Get special attention is given by wearing this printed embroidered three-piece from the latest unstitched summer collection.
Product Detail:
Animal Prints Style Shirt with Dupatta and Trousers
SHIRT
Printed Super Fine Lawn Shirt: 3 Meter
Embroidered Neckline + Border
Fabric: Lawn
Color: Black & Brown
DUPATTA
Printed Banarsi Brochia Dupatta: 2.5 Meter
Fabric: Banarsi Brochia
Color: Black & Brown
TROUSERS
Solid Cambric Trousers: 2.5 Meter
Fabric: Cambric
Color: Black 
Note:
Product color may slightly vary due to photographic lighting sources or your device settings.",https://nishatlinen.com/products/42402027,"image_2_358_1.jpg, image_2_358_2.jpg, image_2_358_3.jpg"
1 Piece - Gold & Glitter Paste Printed Loose Fabric - 42403338 - Shirt / 3 / 3,Rs. 880.00 Rs. 572.00,"Add a pop of color with this gold & glitter paste printed one-piece from the latest freedom to buy summer collection.
Product Detail:
Embellished Style Shirt 
SHIRT
Shirt: 3 Meter (RS 800/-Mtr)
Fabric: Lawn
Color: Red
Note:
Product color may slightly vary due to photographic lighting sources or your device settings.",https://nishatlinen.com/products/42403338,"image_2_359_1.jpg, image_2_359_2.jpg, image_2_359_3.jpg"
3 Piece - Printed Suit - 42401665,"Rs. 5,640.00 Rs. 3,666.00","Upgrade your evening outdoor look with our printed three-piece from the latest unstitched summer collection.
Product Detail:
Chunri Printed Style Style Shirt with Dupatta and Trousers
SHIRT
Printed Super Fine Lawn Shirt: 3 Meter
Fabric: Lawn
Color: White
DUPATTA
Digital Printed Muzlin Dupatta: 2.5 Meter
Fabric: Muzlin
Color: White
TROUSERS
Dyed Cambric Trousers: 2.5 Meter
Fabric: Cambric
Color: White
Note:
Product color may slightly vary due to photographic lighting sources or your device settings.",https://nishatlinen.com/products/42401665,"image_2_360_1.jpg, image_2_360_2.jpg, image_2_360_3.jpg"
3 Piece - Embroidered Suit - 42401799,"Rs. 10,770.00 Rs. 7,000.50","Glow-up for evening events by wearing this embroidered three-piece from the latest unstitched summer collection.
Product Detail:
Banarsi Style Shirt with Dupatta and Trousers
SHIRT
Solid Satin Shirt: 3 Meter
Embroidered Front + Motifs + Border
Fabric: Satin
Color: Mink
DUPATTA
Fancy Banarsi Dupatta: 2.5 Meter
Fabric: Banarsi
Color: Mink
TROUSERS
Solid Satin Trousers: 2.5 Meter
Fabric: Satin
Color: Mink
Note:
Product color may slightly vary due to photographic lighting sources or your device settings.",https://nishatlinen.com/products/42401799,"image_2_361_1.jpg, image_2_361_2.jpg, image_2_361_3.jpg"
2 piece - Digital Printed Embroidered Suit - 42401744,"Rs. 5,130.00 Rs. 3,334.50","Look absolutely stunning by wearing this digital printed embroidered two-piece from the latest unstitched summer collection.

Product Detail:
Modern Floral Mix Prints Style Shirt with Trousers
SHIRT
Digital Printed Cambric Shirt: 3 Meter
Embroidered Motifs
Fabric: Cambric
Color: Black
TROUSERS
Solid Cambric Trousers: 2.5 Meter
Fabric: Cambric
Color: Black
Note:
Product color may slightly vary due to photographic lighting sources or your device settings.",https://nishatlinen.com/collections/women/products/42401744,"image_2_362_1.jpg, image_2_362_2.jpg, image_2_362_3.jpg"
2 Piece - Printed Embroidered Suit - 42401280,"Rs. 4,610.00 Rs. 2,996.50","Keep your look subtle yet chic with this printed embroidered two-piece from the latest unstitched summer collection.
Product Detail:
Floral Jaal Printed Style Style Shirt with Trousers
SHIRT
Printed Super Fine Lawn Shirt: 3 Meter
Embroidered Border
Fabric: Lawn
Color: Light Brown
TROUSERS
Printed Cambric Trousers: 2.5 Meter
Fabric: Cambric
Color: Light Brown
Note:
Product color may slightly vary due to photographic lighting sources or your device settings.",https://nishatlinen.com/collections/women/products/42401280,"image_2_363_1.jpg, image_2_363_2.jpg, image_2_363_3.jpg"
1 Piece - Dyed Loose Fabric - 42402020-1 - Shirt / 3 / 3,Rs. 750.00 Rs. 488.00,"Unleash your creativity and craft your unique style with dyed one-piece from the latest freedom to buy summer collection.
Product Detail:
Shirt 
SHIRT
Shirt: 3 Meter (RS 650/-Mtr)
Fabric: Cambric
Color: Light Orange

Note:
Product color may slightly vary due to photographic lighting sources or your device settings.",https://nishatlinen.com/collections/women/products/42402020-1,image_2_364_1.jpg
3 Piece - Printed Loose Fabric - 42403013 - Shirt / 3 / 3,Rs. 670.00 Rs. 436.00,"Adopt an enthralling look by wearing this printed three-piece from the latest freedom to buy summer collection.
Product Detail:
Modern Printed Style Shirt with Dupatta and Trousers
SHIRT
Shirt: 3 Meter (RS 730/-Mtr)
Fabric: Lawn
Color: Black & Off white
Note: Fabric used in shoot for gown is shirt fabric
DUPATTA
Dupatta: 2.5 Meter (RS 750/-Mtr)
Fabric: Voile
Color: Black & Off white
Note: Fabric used in shoot for shirt is dupatta fabric
TROUSERS
Trousers: 2.5 Meter (RS 690/-Mtr)
Fabric: Cambric
Color: Black & Off white
Note:
Product color may slightly vary due to photographic lighting sources or your device settings",https://nishatlinen.com/products/42403013,image_2_365_1.jpg
3 Piece - Yarn Dyed Embroidered Suit - 42402169,"Rs. 8,490.00 Rs. 6,792.00","Refresh your wardrobe with this yarn dyed embroidered three-piece from the latest unstitched summer collection.
Product Detail:
Yarn Dyed Dupatta With Checkered Style Shirt and Trousers
SHIRT
Yarn Dyed Shirt: 3 Meter
Embroidered Neckline + Border
Fabric: Yarn Dyed
Color: Mauve
DUPATTA
Yarn Dyed Dupatta: 2.5 Meter
Fabric: Yarn Dyed
Color: Mauve
TROUSERS
Solid Cambric Trousers: 2.5 Meter
Fabric: Solid Cambric
Color: Mauve
Note:
Product color may slightly vary due to photographic lighting sources or your device settings.",https://nishatlinen.com/collections/women/products/42402169,"image_2_366_1.jpg, image_2_366_2.jpg, image_2_366_3.jpg"
3 Piece - Printed Embroidered Suit - 42401330,"Rs. 11,790.00 Rs. 7,663.50","Escape to a world of enchanting beauty by wearing this printed embroidered three-piece from the latest unstitched summer collection.
Product Detail:
Floral Print With Chiffle Embroidered Style Shirt with Dupatta and Trousers
SHIRT
Printed Embroidered Swiss Lawn Front 
Printed Swiss Lawn Back & Sleeves
Fabric: Swiss Lawn
Color:- Blue & Off White
DUPATTA
Dyed Embroidered Swiss Voile Dupatta: 2.5 Meter
2 Embroidered Organza Dupatta Pallu Patch
Fabric: Swiss Voile
Color: Blue & Off White
TROUSERS
Printed Cambric Trousers: 2.5 Meter
Fabric: Cambric
Color: Blue & Off White
Note:
Product color may slightly vary due to photographic lighting sources or your device settings.",https://nishatlinen.com/products/42401330,"image_2_367_1.jpg, image_2_367_2.jpg, image_2_367_3.jpg"
Embroidered Shirt - PS24-69 - XS,"Rs. 6,150.00 Rs. 3,690.00","Celebrate style and grace with this embroidered shirt from the latest pret pre summer collection. 
Product Detail
Embroidered Shirt
Shirt
Band Neckline With Piping & Slit, Embroidered Neckline & Sleeves
Fabric: Jacquard
Color: Pink
Note:
Product color may vary slightly due to photographic lighting sources or monitor settings.",https://nishatlinen.com/products/ps24-69,"image_2_368_1.jpg, image_2_368_2.jpg, image_2_368_3.jpg"
3 Piece - Printed Suit - 42401816,"Rs. 6,660.00 Rs. 4,329.00","Become the ultimate trendsetter with our printed three-piece from the latest unstitched summer collection.
Product Detail:
Animal Print With Abstract Flowers Style Shirt with Dupatta and Trousers
SHIRT
Printed Super Fine Lawn Shirt: 3 Meter
Fabric: Lawn
Color: Black & Beige
DUPATTA
Digital Printed Crinkle Chiffon Dupatta: 2.5 Meter
Fabric: Crinkle Chiffon
Color: Black & Beige
TROUSERS
Printed Cambric Trousers: 2.5 Meter
Fabric: Cambric
Color: Back
Note:
Product color may slightly vary due to photographic lighting sources or your device settings.",https://nishatlinen.com/collections/women/products/42401816,"image_2_369_1.jpg, image_2_369_2.jpg, image_2_369_3.jpg"
3 Piece - Printed Loose Fabric - 42403026 - Shirt / 3 / 3,Rs. 670.00 Rs. 436.00,"Your style, your story with our printed three-piece from the latest freedom to buy summer collection.
Product Detail:
Ethnic Borders Printed Style Shirt with Dupatta and Trousers
SHIRT
Shirt: 3 Meter (RS 730/-Mtr)
Fabric: Lawn
Color: Light Pink
DUPATTA
Dupatta: 2.5 Meter (RS 750/-Mtr)
Fabric: Voile
Color: Light Pink
TROUSERS
Trousers: 2.5 Meter (RS 690/-Mtr)
Fabric: Cambric
Color: ﻿Light Pink
Note:
Product color may slightly vary due to photographic lighting sources or your device settings.",https://nishatlinen.com/collections/women/products/42403026,"image_2_370_1.jpg, image_2_370_2.jpg, image_2_370_3.jpg"
1 Piece - Digital Printed Loose Fabric - 42403069 - Shirt / 3 / 3,Rs. 830.00 Rs. 540.00,"Achieve a refined and elegant look with this digital printed one-piece from the latest freedom to buy summer collection.
Product Detail:
Decorative Floral Jaal Printed Style Shirt
SHIRT
Shirt: 3 Meter (RS 1090/-Mtr)
Fabric: Lurix Stripe
Color: Peach

Note:
Product color may slightly vary due to photographic lighting sources or your device settings.",https://nishatlinen.com/products/42403069,"image_2_371_1.jpg, image_2_371_2.jpg, image_2_371_3.jpg"
2 Piece - Jacquard Embroidered Suit - 42402159,"Rs. 6,990.00 Rs. 5,592.00","For a statement look this jacquard embroidered two-piece from the latest unstitched summer collection.
Product Detail:
Stripes  Style Shirt with Dupatta
SHIRT
Jacquard Shirt: 3 Meter
Embroidered Neckline + Border
Fabric: Jacquard
Color: Denim Blue
DUPATTA
Jacquard Dupatta: 2.5 Meter
Fabric: Jacquard
Color: Denim Blue
Note:
Product color may slightly vary due to photographic lighting sources or your device settings.",https://nishatlinen.com/collections/women/products/42402159,"image_2_372_1.jpg, image_2_372_2.jpg, image_2_372_3.jpg"
Basic Shirt - PS24-115 - XS,"Rs. 3,380.00 Rs. 2,028.00","Elevate your look with this basic shirt from the latest pret summer collection.
Product Detail
Basic Shirt
Shirt
Band Neckline With Slit, Cuffed Sleeves, Side Panels Detail
Fabric: Cambric
Color: Pink
Note:
Product color may vary slightly due to photographic lighting sources or monitor settings.",https://nishatlinen.com/products/ps24-115,"image_2_373_1.jpg, image_2_373_2.jpg, image_2_373_3.jpg"
Basic Trousers - PE24-389 - XS,"Rs. 2,050.00 Rs. 1,230.00","Make your look lavish by wearing this basic trousers from the latest pret summer collection.
Product Detail
Basic Trousers
Trousers
Loose Straight Trousers With Lace & Pleats Detail On Hem
Fabric: Cambric
Color: White
Note:
Product color may vary slightly due to photographic lighting sources or monitor settings.",https://nishatlinen.com/collections/women/products/pe24-389,"image_2_374_1.jpg, image_2_374_2.jpg, image_2_374_3.jpg"
2 Piece - Printed Embroidered Suit - PE24-391 - XS,"Rs. 7,180.00 Rs. 4,308.00","Radiate positivity and vibrancy in this printed embroidered two-piece suit from the latest pret summer collection.
Product Detail
Printed Embroidered Shirt With Shalwar
Shirt
Round Neckline With Piping & Buttons Detail, Embroidered Sleeves Edges, Loose Straight Shirt
Fabric: Lawn
Color: Ice Blue
Shalwar
Fabric: Cambric
Color: Ice Blue
Note:
Product color may vary slightly due to photographic lighting sources or monitor settings.",https://nishatlinen.com/collections/women/products/pe24-391,"image_2_375_1.jpg, image_2_375_2.jpg, image_2_375_3.jpg"
3 Piece - Printed Embroidered Suit - 42401359,"Rs. 8,200.00 Rs. 5,330.00","Experience the joy of self-expression with this printed embroidered three-piece from the latest unstitched summer collection.
Product Detail:
Tie & Dye Lines Style Shirt with Dupatta and Trousers
SHIRT
Printed Cambric Shirt: 3 Meter
Embroidered Motifs + Border
Fabric: Cambric
Color: Pink
DUPATTA
Block Printed Khadi Silk Dupatta: 2.5 Meter
Fabric: Khadi Silk
Color: Pink & Orange
TROUSERS
Dyed Cambric Trousers: 3 Meter
Fabric:  Cambric
Color: Pink
Note:
Product color may slightly vary due to photographic lighting sources or your device settings.",https://nishatlinen.com/products/42401359,"image_2_376_1.jpg, image_2_376_2.jpg, image_2_376_3.jpg"
3 Piece - Printed Embroidered Suit - 42401702,"Rs. 8,200.00 Rs. 5,330.00","Get the most significant look by wearing this printed embroidered three-piece from the latest unstitched summer collection.
Product Detail:
Intricate Ethnic Motifs Style Shirt with Dupatta and Trousers
SHIRT
Printed Super Fine Lawn Shirt: 3 Meter
Embroidered Neckline + Motifs + Border
Fabric: Lawn
Color: Charcole
DUPATTA
Digital Printed Voile Dupatta: 2.5 Meter
Fabric: Voile
Color: Charcole
TROUSERS
Printed Cambric Trousers: 2.5 Meter
Fabric: Cambric
Color: ﻿Charcole
Note:
Product color may slightly vary due to photographic lighting sources or your device settings.",https://nishatlinen.com/collections/women/products/42401702,"image_2_377_1.jpg, image_2_377_2.jpg, image_2_377_3.jpg"
3 Piece - Printed Loose Fabric - 42403158 - Shirt / 3 / 3,Rs. 750.00 Rs. 488.00,"Command attention and leave a lasting impression with this printed three-piece from the latest freedom to buy summer collection.
Product Detail:
Arak With Embellished Patterns Printed Style Shirt with Dupatta and Trousers
SHIRT
Shirt: 3 Meter (RS 730/-Mtr)
Fabric: Lawn
Color: Black
DUPATTA
Dupatta: 2.5 Meter (RS 750/-Mtr)
Fabric: Voile
Color: Black & Orange
TROUSERS
Trousers: 2.5 Meter (RS 650/-Mtr)
Fabric: Cambric
Color: Black
Note:
Product color may slightly vary due to photographic lighting sources or your device settings.",https://nishatlinen.com/collections/women/products/42403158,"image_2_378_1.jpg, image_2_378_2.jpg, image_2_378_3.jpg"
2 Piece - Printed Suit - PE24-417 - XS,"Rs. 4,570.00 Rs. 2,742.00","Express your style and personality with this graceful printed two-piece suit from the latest pret summer collection.
Product Detail
Printed Shirt With Trousers
Shirt
Band Neckline With Overlap Placket, Straight Shirt
Fabric: Cambric
Color: Maroon
Trousers
Printed Loose Trousers
Fabric: Cambric
Color: Maroon
Note:
Product color may vary slightly due to photographic lighting sources or monitor settings.",https://nishatlinen.com/products/pe24-417,"image_2_379_1.jpg, image_2_379_2.jpg, image_2_379_3.jpg"
3 Piece - Printed Embroidered Suit - 42402069,"Rs. 8,690.00 Rs. 5,648.50","Make your day magnificent by wearing this printed embroidered three-piece from the latest unstitched summer collection.
Product Detail:
Embellished Style Shirt with Dupatta and Trousers
SHIRT
Printed Super Fine Lawn Shirt: 3 Meter
Embroidered Neckline + Border
Fabric: Lawn
Color: Green
DUPATTA
Digital Printed Fancy Jacquard Dupatta: 2.5 Meter
Fabric: Jacquard
Color: Green
TROUSERS
Solid Cambric Trousers: 2.5 Meter
Fabric: Cambric
Color: Green
Note:
Product color may slightly vary due to photographic lighting sources or your device settings.",https://nishatlinen.com/products/42402069,"image_2_380_1.jpg, image_2_380_2.jpg, image_2_380_3.jpg"
2 Piece - Printed Suit - 42401581,"Rs. 3,590.00 Rs. 2,333.50","Get special attention is given by wearing this printed two-piece from the latest unstitched summer collection.
Product Detail:
Laces With Watercolor Flowers Printed Style Shirt with Dupatta
SHIRT
Printed Super Fine Lawn Shirt: 3 Meter
Fabric: Lawn
Color: Lilac
DUPATTA
Digital Printed Muzlin Dupatta: 2.5 Meter
Fabric: Muzlin
Color: ﻿Lilac
Note:
Product color may slightly vary due to photographic lighting sources or your device settings.",https://nishatlinen.com/products/42401581,"image_2_381_1.jpg, image_2_381_2.jpg, image_2_381_3.jpg"
2 Piece - Printed Suit - PE24-347 - XS,"Rs. 4,610.00 Rs. 2,766.00","Get a feminine sophistication look by wearing this printed two-piece suit from the latest pret summer collection.
Product Detail
Printed Shirt With Trousers
Shirt
Band Neckline With V Slit, Printed Shirt
Fabric: Cambric
Color: Green
Trousers
Printed Loose Straight Trousers
Fabric: Cambric
Color: Green
Note:
Product color may vary slightly due to photographic lighting sources or monitor settings.",https://nishatlinen.com/products/pe24-347,"image_2_382_1.jpg, image_2_382_2.jpg, image_2_382_3.jpg"
2 Piece - Printed Suit With Laces - 42401610,"Rs. 5,130.00 Rs. 3,334.50","Strut in style with this printed two-piece from the latest unstitched summer collection.
Product Detail:
Embellished Dori Patterns In Printed Form Shirt with Dupatta
SHIRT
Printed Super Fine Lawn Shirt: 3 Meter
1 Lace: 1.25 Meter
1 Lace: 2.5 Meter
Fabric: Lawn
Color: Black & Brown
DUPATTA
Digital Printed Banarsi Slub Dupatta: 2.5 Meter
Fabric: Banarsi Slub
Color: ﻿Black & Brown
Note:
Product color may slightly vary due to photographic lighting sources or your device settings.",https://nishatlinen.com/products/42401610,"image_2_383_1.jpg, image_2_383_2.jpg, image_2_383_3.jpg"
3 Piece - Gold Printed Embroidered Suit - 42401376,"Rs. 9,740.00 Rs. 6,331.00","Add a feminine touch to your looks with this gold printed embroidered three-piece from the latest unstitched summer collection.
Product Detail:
Floral Banarsi Style Shirt with Dupatta and Trousers
SHIRT
White Paste Printed Sateen Shirt: 3 Meter
Embroidered Neckline + Motifs + Border
Fabric: Sateen
Color: Black
DUPATTA
Fancy Banarsi Dupatta: 2.5 Meter
Fabric: Banarsi
Color: White & Black
TROUSERS
Dyed Sateen Trousers: 2.5 Meter
Fabric: Sateen
Color: Black
Note:
Product color may slightly vary due to photographic lighting sources or your device settings.",https://nishatlinen.com/collections/women/products/42401376,"image_2_384_1.jpg, image_2_384_2.jpg, image_2_384_3.jpg"
2 Piece - Printed Suit - PE24-345 - XS,"Rs. 4,610.00 Rs. 2,766.00","Elevate your individuality by wearing this printed two-piece suit from the latest pret summer collection.
Product Detail
Printed Shirt With Trousers
Shirt
Band Neckline With Buttons Detail On Placket, Button Down Shirt
Fabric: Cambric
Color: Light Green
Trousers
Printed Straight Trousers
Fabric: Cambric
Color: Light Green
Note:
Product color may vary slightly due to photographic lighting sources or monitor settings.",https://nishatlinen.com/collections/women/products/pe24-345,"image_2_385_1.jpg, image_2_385_2.jpg, image_2_385_3.jpg"
3 Piece - Printed Loose Fabric - 42403262 - Shirt / 3 / 3,Rs. 455.00 - Rs. 527.00,"Effortlessly capture attention with the printed three-piece from the latest freedom to buy summer collection.
Product Detail:
Ethnic Printed Style Shirt with Dupatta and Trousers
SHIRT
Shirt: 3 Meter (RS 750/-Mtr)
Fabric: Lawn
Color: Green
DUPATTA
Dupatta: 2.5 Meter (RS 780/-Mtr)
Fabric: Voile
Color: Green
TROUSERS
Trousers: 2.5 Meter (RS 680/-Mtr)
Fabric: Cambric
Color: ﻿Green
Note:
Product color may slightly vary due to photographic lighting sources or your device settings.",https://nishatlinen.com/collections/women/products/42403262,"image_2_386_1.jpg, image_2_386_2.jpg, image_2_386_3.jpg"
3 Piece - Printed Loose Fabric - 42403140 - Dupatta / 2.5 / 2.5,Rs. 830.00 Rs. 540.00,"Unveil your inner goddess with printed three-piece from the latest freedom to buy summer collection.
Product Detail:
Persian Tile Patterns Printed Style Shirt with Dupatta and Trousers
SHIRT
Shirt: 3 Meter (RS 730/-Mtr)
Fabric: Lawn
Color: Blue
DUPATTA
Dupatta: 2.5 Meter (RS 750/-Mtr)
Fabric: Voile
Color: Blue
TROUSERS
Trousers: 2.5 Meter (RS 690/-Mtr)
Fabric: Cambric
Color: Blue
Note:
Product color may slightly vary due to photographic lighting sources or your device settings.",https://nishatlinen.com/collections/women/products/42403140,"image_2_387_1.jpg, image_2_387_2.jpg, image_2_387_3.jpg"
2 Piece - Digital Printed Suit - 42401111,"Rs. 4,820.00 Rs. 3,133.00","Elevate your wardrobe with our digital printed two-piece from the latest unstitched summer collection.
Product Detail:
Ethnic And Floral Mix Printed Style Shirt with Dupatta
SHIRT
Digital Printed Super Fine Lawn Shirt: 3 Meter
Fabric: Lawn
Color: Off White & Green
DUPATTA
Digital Printed Zari Monar Dupatta: 2.5 Meter
Fabric: ﻿Zari Monar
Color: ﻿Off White & Green
Note:
Product color may slightly vary due to photographic lighting sources or your device settings.",https://nishatlinen.com/products/42401111,"image_2_388_1.jpg, image_2_388_2.jpg, image_2_388_3.jpg"
2 Piece - Jacquard Embroidered Suit - 42402157,"Rs. 6,990.00 Rs. 5,592.00","Adorn grace with this jacquard embroidered two-piece from the latest unstitched summer collection.
Product Detail:
Floral Ethnic Style Shirt with Dupatta
SHIRT
Jacquard Shirt: 3 Meter
2 Embroidered Motifs
Fabric: Jacquard
Color: Green
DUPATTA
Jacquard Dupatta: 2.5 Meter
Fabric: Jacquard
Color: Green
Note:
Product color may slightly vary due to photographic lighting sources or your device settings.",https://nishatlinen.com/collections/women/products/42402157,"image_2_389_1.jpg, image_2_389_2.jpg, image_2_389_3.jpg"
3 Piece - Printed Loose Fabric - 42403120 - Trouser / 2.5 / 2.5,Rs. 830.00 Rs. 540.00,"Get instant timeless appeal and stay effortlessly chic with this printed three-piece from the latest freedom to buy summer collection.
Product Detail:
Solid Color Blocking In Flower Silhouettes Printed Style Shirt with Dupatta and Trousers
SHIRT
Shirt: 3 Meter (RS 730/-Mtr)
Fabric: Lawn
Color: Dull Orange
DUPATTA
Dupatta: 2.5 Meter (RS 750/-Mtr)
Fabric: Voile
Color: Dull Orange
Note: Fabric used in shoot for gown is dupatta fabric
TROUSERS
Trousers: 2.5 Meter (RS 650/-Mtr)
Fabric: Cambric
Color: Dull Orange
Note:
Product color may slightly vary due to photographic lighting sources or your device settings.",https://nishatlinen.com/collections/women/products/42403120,"image_2_390_1.jpg, image_2_390_2.jpg, image_2_390_3.jpg"
3 Piece - Printed Loose Fabric - 42403241 - Shirt / 3 / 3,Rs. 455.00 - Rs. 527.00,"Delight in the magnificence of this printed three-piece from the latest freedom to buy summer collection.
Product Detail:
Watercolor Florals Printed Style Shirt with Dupatta and Trousers
SHIRT
Shirt: 3 Meter (RS 750/-Mtr)
Fabric: Lawn
Color: White & Blue
DUPATTA
Dupatta: 2.5 Meter (RS 780/-Mtr)
Fabric: Voile
Color: White & Blue
TROUSERS
Trousers: 2.5 Meter (RS 680/-Mtr)
Fabric: Cambric
Color: White
Note:
Product color may slightly vary due to photographic lighting sources or your device settings.",https://nishatlinen.com/products/42403241,"image_2_391_1.jpg, image_2_391_2.jpg, image_2_391_3.jpg"
3 Piece - Printed Loose Fabric - 42403005 - Shirt / 3 / 3,Rs. 670.00 Rs. 436.00,"Grace and elegance are intertwined in this printed three-piece from the latest freedom to buy summer collection.
Product Detail:
Ethnic Printed Style Shirt with Dupatta and Trousers
SHIRT
Shirt: 3 Meter (RS 730/-Mtr)
Fabric: Lawn
Color: Carrot
DUPATTA
Dupatta: 2.5 Meter (RS 750/-Mtr)
Fabric: Voile
Color: Carrot
TROUSERS
Trousers: 2.5 Meter (RS 650/-Mtr)
Fabric: Cambric
Color: ﻿Carrot
Note:
Product color may slightly vary due to photographic lighting sources or your device settings.",https://nishatlinen.com/products/42403005,"image_2_392_1.jpg, image_2_392_2.jpg, image_2_392_3.jpg"
2 Piece - Printed Suit - PE24-355 - XS,"Rs. 4,570.00 Rs. 2,742.00","Style your elegant look with this printed two-piece suit from the latest pret summer collection.
Product Detail
Printed Shirt With Trousers
Shirt
V-Shape Stylized Collar Neckline, Printed Shirt
Fabric: Lawn
Color: Multi
Trousers
Printed Straight Trousers
Fabric: Lawn
Color: Multi
Note:
Product color may vary slightly due to photographic lighting sources or monitor settings.",https://nishatlinen.com/products/pe24-355,"image_2_393_1.jpg, image_2_393_2.jpg, image_2_393_3.jpg"
3 Piece - Digital Printed Loose Fabric - 42403328 - Dupatta / 2.5 / 2.5,Rs. 880.00 Rs. 572.00,"Upgrade your style by wearing digital pinted three-piece from the latest freedom to buy summer collection.
Product Detail:
Textures With Embellished Details Shirt with Dupatta and Trousers 
SHIRT
Shirt: 3 Meter (RS 780/-Mtr)
Fabric: Lawn
Color: Black
DUPATTA
Dupatta: 2.5 Meter (RS 800/-Mtr)
Fabric: Voile
Color: Black
TROUSERS
Trousers: 2.5 Meter (RS 680/-Mtr)
Fabric: Cambric
Color: Black
Note:
Product color may slightly vary due to photographic lighting sources or your device settings.",https://nishatlinen.com/products/42403328,"image_2_394_1.jpg, image_2_394_2.jpg, image_2_394_3.jpg"
Embroidered Shirt - PS24-103 - XS,"Rs. 5,130.00 Rs. 3,078.00","Elevate your look with this embroidered shirt from the latest pret summer collection.
Product Detail
Embroidered Shirt
Shirt
Band V Neckline, Pintucks Detail On Neckline, Embroidered Neckline & Sleeves
Fabric: Cambric
Color: Mustard
Note:
Product color may vary slightly due to photographic lighting sources or monitor settings.",https://nishatlinen.com/products/ps24-103,"image_2_395_1.jpg, image_2_395_2.jpg, image_2_395_3.jpg"
1 Piece - Printed Loose Fabric - 42403078 - Dupatta / 2.5 / 2.5,Rs. 670.00 Rs. 436.00,"For a graceful statement adorn our printed one-piece from the latest freedom to buy summer collection.
Product Detail:
Tie & Dye Textures In Prints Style Dupatta
DUPATTA
Dupatta: 2.5 Meter (RS 750/-Mtr)
Fabric: Voile
Color: Yellow
Note:
Product color may slightly vary due to photographic lighting sources or your device settings.",https://nishatlinen.com/collections/women/products/42403078,"image_2_396_1.jpg, image_2_396_2.jpg, image_2_396_3.jpg"
3 Piece - Printed Loose Fabric - 42403243 - Dupatta / 2.5 / 2.5,Rs. 455.00 - Rs. 527.00,"Turn every moment into a cherished memory with our elegantly printed three-piece from the latest freedom to buy summer collection.
Product Detail:
Geometric Printed Style Shirt with Dupatta and Trousers
SHIRT
Shirt: 3 Meter (RS 750/-Mtr)
Fabric: Lawn
Color: Black & White
DUPATTA
Dupatta: 2.5 Meter (RS 780/-Mtr)
Fabric: Voile
Color: Multi
TROUSERS
Trousers: 2.5 Meter (RS 680/-Mtr)
Fabric: Cambric
Color: White
Note:
Product color may slightly vary due to photographic lighting sources or your device settings.",https://nishatlinen.com/collections/women/products/42403243,"image_2_397_1.jpg, image_2_397_2.jpg, image_2_397_3.jpg"
3 Piece - Printed Embroidered Suit - 42402031,"Rs. 9,490.00 Rs. 6,168.50","Style up with this new designer dress printed embroidered three-piece from the latest unstitched summer collection.
Product Detail:
Floral Motifs & Textured Pattern In Printed Form Shirt with Dupatta and Trousers
SHIRT
Printed Super Fine Lawn Shirt: 3 Meter
Embroidered Neckline + Motifs
Fabric: Lawn
Color: Brown
DUPATTA
Printed Banarsi Brochia Dupatta: 2.5 Meter
Fabric: Banarsi Brochia
Color: Brown
TROUSERS
Solid Cambric Trousers: 2.5 Meter
Fabric: Cambric
Color: Brown
Note:
Product color may slightly vary due to photographic lighting sources or your device settings.",https://nishatlinen.com/collections/women/products/42402031,"image_2_398_1.jpg, image_2_398_2.jpg, image_2_398_3.jpg"
3 Piece - Embroidered Suit - 42401654,"Rs. 9,740.00 Rs. 6,331.00","Catch elegance beauty with an embroidered three-piece from the latest unstitched summer collection.
Product Detail:
Floral Bunches Style Shirt with Dupatta and Trousers
SHIRT
Dyed Cambric Shirt: 3 Meter
Embroidered Front
Fabric: Cambric
Color: Ice Blue
DUPATTA
Digital Printed Organza Chiffon Dupatta: 2.5 Meter
Fabric: Organza Chiffon
Color: Ice Blue
TROUSERS
Dyed Cambric Trousers: 2.5 Meter
Fabric: Cambric
Color: ﻿Ice Blue
Note:
Product color may slightly vary due to photographic lighting sources or your device settings.",https://nishatlinen.com/products/42401654,"image_2_399_1.jpg, image_2_399_2.jpg, image_2_399_3.jpg"
2 Piece - Embroidered Suit - 42402181,"Rs. 7,490.00 Rs. 5,992.00","Upgrade your wardrobe with this embroidered three-piece from the latest unstitched summer collection.
Product Detail:
Block Print Style Shirt with Dupatta and Trousers
SHIRT
Solid Satin Shirt: 3 Meter
Embroidered Front + Sleeves + 2 Borders
Fabric: Satin
Color: Teal
DUPATTA
Printed Khadi Silk Dupatta: 2.23 Meter
Fabric: Khadi Silk
Color: Teal & Off White
TROUSERS
Solid Satin Trousers: 2.5 Meter
Fabric: Satin
Color: Teal
Note:
Product color may slightly vary due to photographic lighting sources or your device settings.",https://nishatlinen.com/products/42402181,"image_2_400_1.jpg, image_2_400_2.jpg, image_2_400_3.jpg"
3 Piece - Printed Suit - 42401485,"Rs. 6,150.00 Rs. 3,997.50","Make your day pleasingly memorable with this printed three-piece from the latest unstitched summer collection.
Product Detail:
Florals With Lace Collage Style Shirt with Dupatta and Trousers
SHIRT
Printed Super Fine Lawn Shirt: 3 Meter
1 Lace: 1.25 Meter
1 Lace: 2.5 Meter
Fabric: Lawn
Color: Light Orange
DUPATTA
Digital Printed Crinkle Chiffon Dupatta: 2.5 Meter
Fabric: Crinkle Chiffon
Color: Light Orange & Off White 
TROUSERS
Printed Cambric Trousers: 2.5 Meter
Fabric: Cambric
Color: Light Orange
Note:
Product color may slightly vary due to photographic lighting sources or your device settings.",https://nishatlinen.com/collections/women/products/42401485,"image_2_401_1.jpg, image_2_401_2.jpg, image_2_401_3.jpg"
Printed Shirt - PE24-293 - XS,"Rs. 3,590.00 Rs. 2,154.00","Look and feel your best by wearing this printed shirt from the latest pret summer collection.
Product Detail
Printed Shirt
Shirt
Band Neckline With Placket, Buttons Detail On Placket & Epaulet Sleeves, High & Low Shirt
Fabric: Lawn
Color: Lime
Note:
Product color may vary slightly due to photographic lighting sources or monitor settings.",https://nishatlinen.com/collections/women/products/pe24-293,"image_2_402_1.jpg, image_2_402_2.jpg, image_2_402_3.jpg"
3 Piece - Printed Loose Fabric - 42403001 - Shirt / 3 / 3,Rs. 670.00 Rs. 436.00,"Embrace the season with our printed three-piece from the latest freedom to buy summer collection.
Product Detail:
Block Printed Style Shirt with Dupatta and Trousers
SHIRT
Shirt: 3 Meter (RS 730/-Mtr)
Fabric: Lawn
Color: Gold
DUPATTA
Dupatta: 2.5 Meter (RS 750/-Mtr)
Fabric: Voile
Color: Sea Green & Gold
TROUSERS
Trousers: 2.5 Meter (RS 650/-Mtr)
Fabric: Cambric
Color: Gold
Note:
Product color may slightly vary due to photographic lighting sources or your device settings.",https://nishatlinen.com/products/42403001,"image_2_403_1.jpg, image_2_403_2.jpg, image_2_403_3.jpg"
3 Piece - Printed Loose Fabric - 42403142 - Shirt / 3 / 3,Rs. 830.00 Rs. 540.00,"Capture hearts and mesmerize souls with this printed three-piece from the latest freedom to buy summer collection.
Product Detail:
Dori Style Motifs With Chevrons Printed Style Shirt with Dupatta and Trousers
SHIRT
Shirt: 3 Meter (RS 730/-Mtr)
Fabric: Lawn
Color: Red
DUPATTA
Dupatta: 2.5 Meter (RS 750/-Mtr)
Fabric: Voile
Color: Red
TROUSERS
Trousers: 2.5 Meter (RS 650/-Mtr)
Fabric: Cambric
Color: Red
Note:
Product color may slightly vary due to photographic lighting sources or your device settings.",https://nishatlinen.com/products/42403142,"image_2_404_1.jpg, image_2_404_2.jpg, image_2_404_3.jpg"
3 Piece - Yarn Dyed Embroidered Suit - 42401981,"Rs. 13,330.00 Rs. 8,664.50","Catch unblemished beauty with yarn dyed embroidered three-piece from the latest unstitched summer collection.
Product Detail:
Banarsi Style Shirt with Dupatta and Trousers
SHIRT
Yarn Dyed Banarsi Shirt: 3 Meter
Embroidered Front + Neckline + Sleeves + Motifs + 2 Borders
Fabric: Banarsi
Color: Red & Shocking Pink
DUPATTA
Banarsi Jacquard Dupatta: 2.5 Meter
Fabric: Banarsi
Color: Red & Shocking Pink
TROUSERS
Yarn Dyed Banarsi Trousers: 2.5 Meter
Fabric: Banarsi
Color: Red
Note:
Product color may slightly vary due to photographic lighting sources or your device settings.",https://nishatlinen.com/products/42401981,"image_2_405_1.jpg, image_2_405_2.jpg, image_2_405_3.jpg"
2 Piece - Printed Suit - PS24-304 - XS,"Rs. 4,510.00 Rs. 2,706.00","Enliven your style by wearing this printed two-piece suit from the latest pret summer collection.
Product Detail
Printed Shirt With Trousers
Shirt
Overlapped Neckline, Long Shirt
Fabric: Cambric
Color: Green
Trousers
Fabric: Cambric
Color: Green
Note:
Product color may vary slightly due to photographic lighting sources or monitor settings.",https://nishatlinen.com/collections/women/products/ps24-304,"image_2_406_1.jpg, image_2_406_2.jpg, image_2_406_3.jpg"
Printed Dress - FS24-63 - XS,"Rs. 8,490.00 Rs. 5,094.00","Feel confident and beautiful every time with this printed dress from the latest pret summer collection. 
Product Detail
Printed Long Dress
Long Dress
Round Neckline With V Gusset & Adda Detailing, Tassels On Front, Cuffed Sleeves
Fabric: Lawn
Color: Beige
Note:
Product color may vary slightly due to photographic lighting sources or monitor settings.",https://nishatlinen.com/products/fs24-63,"image_2_407_1.jpg, image_2_407_2.jpg, image_2_407_3.jpg"
Printed Shirt - PE24-357 - XS,"Rs. 4,100.00 Rs. 2,460.00","Get a fabulous look by wearing this printed shirt from the latest pret summer collection.
Product Detail
Printed Shirt
Shirt
Round Neckline With Piping & Slit, Adda Work Detail On Front Piping
Fabric: Lawn
Color: Peach
Note:
Product color may vary slightly due to photographic lighting sources or monitor settings.",https://nishatlinen.com/products/pe24-357,"image_2_408_1.jpg, image_2_408_2.jpg, image_2_408_3.jpg"
3 Piece - Digital Printed Jacquard Embroidered Suit - 42402089,"Rs. 9,990.00 Rs. 6,493.50","Enrich your collection with this digital printed jacquard embroidered three-piece from the latest unstitched summer collection.
Product Detail:
Floral Bunches In Printed Style Shirt with Dupatta and Trousers
SHIRT
Digital Printed Fancy Jacquard Shirt: 2.1 Meter
Embroidered Motifs + 2 Borders
Fabric: Jacquard
Color: Mint 
DUPATTA
Yarn Dyed Dupatta: 2.5 Meter
Fabric: Yarn Dyed
Color: Light Pink
TROUSERS
Solid Cambric Trousers: 1.7 Meter
Fabric: Cambric
Color: Mint
Note:
Product color may slightly vary due to photographic lighting sources or your device settings.",https://nishatlinen.com/collections/women/products/42402089,"image_2_409_1.jpg, image_2_409_2.jpg, image_2_409_3.jpg"
1 Piece - Digital Printed Loose Fabric - 42403203 - Shirt / 3 / 3,"Rs. 1,120.00 Rs. 728.00","Effortlessly capture hearts with our digital printed one-piece from the latest freedom to buy summer collection.
Product Detail:
Abstract Printed Style Shirt 
SHIRT
Shirt: 3 Meter (RS 830/-Mtr)
Fabric: Dobby Lawn
Color: Purple

Note:
Product color may slightly vary due to photographic lighting sources or your device settings.",https://nishatlinen.com/collections/women/products/42403203,"image_2_410_1.jpg, image_2_410_2.jpg, image_2_410_3.jpg"
2 Piece - Basic Suit - FS24-58 - XS,"Rs. 8,790.00 Rs. 5,274.00","Exemplify your style in this basic two-piece suit from the latest pret summer collection.
Product Detail
Basic Top With Trousers
Top
Collar Neckline, Short Sleeves, Lace Insertion On Hem, Frill Around Collar & Hem, Button Down Flared Top
Fabric: Jacquard
Color: Beige
Trousers
Loose Cut Printed Trousers
Fabric: Jacquard
Color: Beige
Note:
Product color may vary slightly due to photographic lighting sources or monitor settings.",https://nishatlinen.com/products/fs24-58,"image_2_411_1.jpg, image_2_411_2.jpg, image_2_411_3.jpg"
2 Piece - Printed Suit - PE24-356 - XS,"Rs. 4,570.00 Rs. 2,742.00","Add an extra touch of support to make your day a bit more comfortable with this printed two-piece suit from the latest pret summer collection.
Product Detail
Printed Shirt With Trousers
Shirt
Band Neckline With Slit, Printed Shirt
Fabric: Cambric
Color: Beige
Trousers
Printed Loose Straight Trousers
Fabric: Cambric
Color: Beige
Note:
Product color may vary slightly due to photographic lighting sources or monitor settings.",https://nishatlinen.com/products/pe24-356,"image_2_412_1.jpg, image_2_412_2.jpg, image_2_412_3.jpg"
Basic Shirt - PS24-44 - XL,"Rs. 4,100.00 Rs. 2,460.00","Meet elegance by wearing this contemporary basic shirt from the latest pret summer collection. 
Product Detail
Basic Shirt
Shirt
Band Neckline With Adda Work
Fabric: Jacquard
Color: Sage
Note:
Product color may vary slightly due to photographic lighting sources or monitor settings.",https://nishatlinen.com/collections/women/products/ps24-44,"image_2_413_1.jpg, image_2_413_2.jpg, image_2_413_3.jpg"
3 Piece - Yarn Dyed Embroidered Suit - 42401979,"Rs. 13,330.00 Rs. 8,664.50","Catch elegance beauty with yarn dyed embroidered three-piece from the latest unstitched summer collection.
Product Detail:
Banarsi Style Shirt with Dupatta and Trousers
SHIRT
Yarn Dyed Banarsi Shirt: 3 Meter
Embroidered Front + Motifs + Border
Fabric: Banarsi
Color: Brownish Gold
DUPATTA
Banarsi Jacquard Dupatta: 2.5 Meter
Fabric: Banarsi
Color: Brownish Gold
TROUSERS
Yarn Dyed Banarsi Trousers: 2.5 Meter
Fabric: Banarsi
Color: Brownish Gold
Note:
Product color may slightly vary due to photographic lighting sources or your device settings.",https://nishatlinen.com/products/42401979,"image_2_414_1.jpg, image_2_414_2.jpg, image_2_414_3.jpg"
2 Piece - Printed Embroidered Suit - 42401771,"Rs. 5,130.00 Rs. 3,334.50","Make your personality rejuvenate by wearing this printed embroidered two-piece from the latest unstitched summer collection.
Product Detail:
Paisleys Printed Style Shirt with Dupatta
SHIRT
Printed Super Fine Lawn Shirt: 3 Meter
2 Embroidered Motifs
Fabric: Lawn
Color: Multi
DUPATTA
Digital Printed Crinkle Chiffon Dupatta: 2.5 Meter
Fabric: Crinkle Chiffon
Color: Multi
Note:
Product color may slightly vary due to photographic lighting sources or your device settings.",https://nishatlinen.com/collections/women/products/42401771,"image_2_415_1.jpg, image_2_415_2.jpg, image_2_415_3.jpg"
3 Piece - Printed Loose Fabric - 42403293 - Shirt / 3 / 3,Rs. 880.00 Rs. 572.00,"Be special in this unique printed three-piece from the latest freedom to buy summer collection.
Product Detail:
Animal Print Style Shirt with Dupatta and Trousers 
SHIRT
Shirt: 3 Meter (RS 750/-Mtr)
Fabric: Lawn
Color: Blue
DUPATTA
Dupatta: 2.5 Meter (RS 780/-Mtr)
Fabric: Voile
Color: Blue
TROUSERS
Trousers: 2.5 Meter (RS 680/-Mtr)
Fabric: Cambric
Color: Blue
Note:
Product color may slightly vary due to photographic lighting sources or your device settings.",https://nishatlinen.com/products/42403293,"image_2_416_1.jpg, image_2_416_2.jpg, image_2_416_3.jpg"
2 Piece - Printed Suit - AS24-82 - XS,"Rs. 5,340.00 Rs. 3,204.00","Add some life to your daily attire with this printed two-piece suit from the latest pret summer collection.
Product Detail
Printed Shirt With Trousers
Shirt
Band Neckline With Slit, Printed Shirt
Fabric: Cambric
Color: Multi
Trousers
Printed Trousers
Fabric: Cambric
Color: Multi
Note:
Product color may vary slightly due to photographic lighting sources or monitor settings.",https://nishatlinen.com/products/as24-82,"image_2_417_1.jpg, image_2_417_2.jpg, image_2_417_3.jpg"
Embroidered Shirt - PS24-23 - XS,"Rs. 6,460.00 Rs. 3,876.00","Complete your look for the special occasion by wearing this embroidered shirt from the latest pret summer collection. 
Product Detail
Embroidered Shirt
Shirt
Round Neckline with V Slit, Embroidered Neckline, Sleeves & Both Side Pockets
Fabric: Jacquard
Color: Rust
Note:
Product color may vary slightly due to photographic lighting sources or monitor settings.",https://nishatlinen.com/products/ps24-23,"image_2_418_1.jpg, image_2_418_2.jpg, image_2_418_3.jpg"
3 Piece - Printed Suit - 42402114,"Rs. 4,990.00 Rs. 3,992.00","Look stylish with our daily wear printed three-piece from the latest unstitched summer collection.
Product Detail:
Cross Stitch Printed Style Style Shirt with Dupatta and Trousers
SHIRT
Printed Lawn Shirt: 3 Meter
Fabric: Lawn
Color: Skin
DUPATTA
Printed Doriya Dupatta: 2.5 Meter
Fabric: Doriya
Color: Skin
TROUSERS
Solid Cambric Trousers: 2.5 Meter
Fabric: Cambric
Color: Skin
Note:
Product color may slightly vary due to photographic lighting sources or your device settings.",https://nishatlinen.com/collections/women/products/42402114,"image_2_419_1.jpg, image_2_419_2.jpg, image_2_419_3.jpg"
3 Piece - Yarn Dyed Embroidered Suit - 42402164,"Rs. 8,490.00 Rs. 6,792.00","Express yourself with confidence yarn dyed embroidered three-piece from the latest unstitched summer collection.
Product Detail:
Yarn Dyed Dupatta With Block Print Booti On Shirt and Trousers
SHIRT
Jacquard Shirt: 3 Meter
2 Embroidered Motifs + Border
Fabric: Jacquard
Color: Black
DUPATTA
Yarn Dyed Dupatta: 2.5 Meter
Fabric: Yarn Dyed
Color: Red
TROUSERS
Solid Cambric Trousers: 2.5 Meter
Fabric: Solid Cambric
Color: Black
Note:
Product color may slightly vary due to photographic lighting sources or your device settings.",https://nishatlinen.com/products/42402164,"image_2_420_1.jpg, image_2_420_2.jpg, image_2_420_3.jpg"
Printed Dress - AS24-88 - XS,"Rs. 5,340.00 Rs. 3,204.00","Keep yourself stylish all season long by wearing this printed dress from the latest pret summer collection.
Product Detail
Printed Dress
Dress
Round Neckline With Placket & Buttons Detail, Layered Cuff Sleeves, Button Down Long Dress
Fabric: Lawn
Color: Green
Note:
Product color may vary slightly due to photographic lighting sources or monitor settings.",https://nishatlinen.com/products/as24-88,"image_2_421_1.jpg, image_2_421_2.jpg, image_2_421_3.jpg"
3 Piece - Yarn Dyed Embroidered Suit - 42402164,"Rs. 8,490.00 Rs. 6,792.00","Express yourself with confidence yarn dyed embroidered three-piece from the latest unstitched summer collection.
Product Detail:
Yarn Dyed Dupatta With Block Print Booti On Shirt and Trousers
SHIRT
Jacquard Shirt: 3 Meter
2 Embroidered Motifs + Border
Fabric: Jacquard
Color: Black
DUPATTA
Yarn Dyed Dupatta: 2.5 Meter
Fabric: Yarn Dyed
Color: Red
TROUSERS
Solid Cambric Trousers: 2.5 Meter
Fabric: Solid Cambric
Color: Black
Note:
Product color may slightly vary due to photographic lighting sources or your device settings.",https://nishatlinen.com/collections/women/products/42402164,"image_2_422_1.jpg, image_2_422_2.jpg, image_2_422_3.jpg"
2 Piece - Embroidered Loose Fabric - 42402010 - Shirt / 2 / 2,"Rs. 436.00 - Rs. 1,261.00","Strut in style with this embroidered two-piece from the latest freedom to buy summer collection.
Product Detail:
Shirt & Trousers 
Measurements: 
Shirt: 2 Meter (RS 1490/-Mtr)
Trousers + Back Plain: 3.75 Meter (RS 650/-Mtr)
Fabric: Cambric
Color: Peach
Note:
Product color may slightly vary due to photographic lighting sources or your device settings.",https://nishatlinen.com/collections/women/products/42402010,"image_2_423_1.jpg, image_2_423_2.jpg, image_2_423_3.jpg"
1 Piece - Digital Printed Loose Fabric - 42403209 - Shirt / 3 / 3,Rs. 830.00 Rs. 540.00,"Capture hearts and mesmerize souls with our digital printed one-piece from the latest freedom to buy summer collection.
Product Detail:
Vintage Florals Printed Style Shirt 
SHIRT
Shirt: 3 Meter (RS 830/-Mtr)
Fabric: Twill Doria
Color: Light Yellow

Note:
Product color may slightly vary due to photographic lighting sources or your device settings.",https://nishatlinen.com/collections/women/products/42403209,"image_2_424_1.jpg, image_2_424_2.jpg, image_2_424_3.jpg"
3 Piece - Digital Printed Jacquard Embroidered Suit - 42402090,"Rs. 9,990.00 Rs. 6,493.50","Enrich your collection with this digital printed jacquard embroidered three-piece from the latest unstitched summer collection.
Product Detail:
Floral Bunches In Printed Style Shirt with Dupatta and Trousers
SHIRT
Digital Printed Fancy Jacquard Shirt: 2.1 Meter
Embroidered Neckline + Motifs + Border
Fabric: Jacquard
Color: Powder Pink
DUPATTA
Yarn Dyed Dupatta: 2.5 Meter
Fabric: Yarn Dyed
Color: Carrot
TROUSERS
Solid Cambric Trousers: 1.7 Meter
Fabric: Cambric
Color: Powder Pink
Note:
Product color may slightly vary due to photographic lighting sources or your device settings.",https://nishatlinen.com/products/42402090,"image_2_425_1.jpg, image_2_425_2.jpg, image_2_425_3.jpg"
2 Piece - Dyed Embroidered Suit - 42401261,"Rs. 5,640.00 Rs. 3,666.00","Upgrade your evening outdoor look with this dyed embroidered two-piece from the latest unstitched summer collection.
Product Detail:
Shirt with Trousers
SHIRT
Dyed Cambric Shirt: 3 Meter
Embroidered Front + Border
Fabric: Cambric
Color: Pink
TROUSERS
Dyed Cambric Trousers: 2.5 Meter
Fabric: Cambric
Color: Pink
Note:
Product color may slightly vary due to photographic lighting sources or your device settings.",https://nishatlinen.com/collections/women/products/42401261,"image_2_426_1.jpg, image_2_426_2.jpg, image_2_426_3.jpg"
3 Piece - Digital Printed Loose Fabric - 42403317 - Shirt / 3 / 3,Rs. 880.00 Rs. 572.00,"Make a regal statement in this digital printed three-piece from the latest freedom to buy summer collection.
Product Detail:
Floral Printed Style Shirt with Dupatta and Trousers 
SHIRT
Shirt: 3 Meter (RS 780/-Mtr)
Fabric: Lawn
Color: Multi
DUPATTA
Dupatta: 2.5 Meter (RS 800/-Mtr)
Fabric: Voile
Color: Multi
TROUSERS
Trousers: 2.5 Meter (RS 680/-Mtr)
Fabric: Cambric
Color: Yellow
Note:
Product color may slightly vary due to photographic lighting sources or your device settings.",https://nishatlinen.com/products/42403317,"image_2_427_1.jpg, image_2_427_2.jpg, image_2_427_3.jpg"
3 Piece - Printed Embroidered Suit - PE24-385 - XS,"Rs. 9,740.00 Rs. 5,844.00","Radiate positivity and vibrancy in this printed embroidered three-piece suit from the latest pret summer collection. 
Product Detail
Printed Embroidered Shirt With Dupatta & Trousers
Shirt
Round Band Neckline With Placket, Embroidered Front, Straight Shirt
Fabric: Lawn
Color: Green
Dupatta
Tassels Detail At Dupatta Corners
Fabric: Chiffon
Color: Green
Trousers
Straight Trousers
Fabric: Cambric
Color: Green
Note:
Product color may vary slightly due to photographic lighting sources or monitor settings.",https://nishatlinen.com/products/pe24-385,"image_2_428_1.jpg, image_2_428_2.jpg, image_2_428_3.jpg"
3 Piece - Printed Loose Fabric - 42403009 - Shirt / 3 / 3,Rs. 670.00 Rs. 436.00,"Curate a picturesque look in our featuring printed three-piece from the latest freedom to buy summer collection.
Product Detail:
Ethnic Printed Style Shirt with Dupatta and Trousers
SHIRT
Shirt: 3 Meter (RS 730/-Mtr)
Fabric: Lawn
Color: Blue
DUPATTA
Dupatta: 2.5 Meter (RS 750/-Mtr)
Fabric: Voile
Color: Blue
TROUSERS
Trousers: 2.5 Meter (RS 650/-Mtr)
Fabric: Cambric
Color: ﻿Blue
Note:
Product color may slightly vary due to photographic lighting sources or your device settings",https://nishatlinen.com/collections/women/products/42403009,"image_2_429_1.jpg, image_2_429_2.jpg, image_2_429_3.jpg"
3 Piece - Printed Suit - 42402113,"Rs. 4,990.00 Rs. 3,992.00","Level up your wardrobe with gorgeous printed three-piece from the latest unstitched summer collection.
Product Detail:
Embroidered Patterns Style Shirt with Dupatta and Trousers
SHIRT
Printed Lawn Shirt: 3 Meter
Fabric: Lawn
Color: Green
DUPATTA
Printed Doriya Dupatta: 2.5 Meter
Fabric: Doriya
Color: Green
TROUSERS
Solid Cambric Trousers: 2.5 Meter
Fabric: Cambric
Color: Green
Note:
Product color may slightly vary due to photographic lighting sources or your device settings.",https://nishatlinen.com/products/42402113,"image_2_430_1.jpg, image_2_430_2.jpg, image_2_430_3.jpg"
2 Piece - Printed Suit - 42401580,"Rs. 3,590.00 Rs. 2,333.50","For a stunningly spectacular look with this printed two-piece from the latest unstitched summer collection.
Product Detail:
Traditional Embroidery Patterns Printed Style Shirt with Dupatta
SHIRT
Printed Super Fine Lawn Shirt: 3 Meter
Fabric: Lawn
Color: Off White
DUPATTA
Digital Printed Muzlin Dupatta: 2.5 Meter
Fabric: Muzlin
Color: Light Yellow
Note:
Product color may slightly vary due to photographic lighting sources or your device settings.",https://nishatlinen.com/collections/women/products/42401580,"image_2_431_1.jpg, image_2_431_2.jpg, image_2_431_3.jpg"
2 Piece - Printed Suit - 42401268,"Rs. 3,590.00 Rs. 2,333.50","Power up your traditional look and make a mark in everyone’s heart by styling this printed two-piece from the latest unstitched summer collection.
Product Detail:
Rug Patterns Printed Style Shirt with Dupatta 
SHIRT
Printed Super Fine Lawn Shirt: 3 Meter
Fabric: Lawn
Color: Multi
DUPATTA
Digital Printed Crinkle Chiffon Dupatta: 2.5 Meter
Fabric: Crinkle Chiffon
Color: Red
Note:
Product color may slightly vary due to photographic lighting sources or your device settings.",https://nishatlinen.com/products/42401268,"image_2_432_1.jpg, image_2_432_2.jpg, image_2_432_3.jpg"
3 Piece - Embroidered Suit - 42401434,"Rs. 9,740.00 Rs. 6,331.00","Look perfect with this aesthetically appealing embroidered three-piece from the latest unstitched summer collection.
Product Detail:
Ethnic Style Shirt with Dupatta and Trousers
SHIRT
Dyed Cambric Shirt: 3 Meter
Embroidered Front +  Border
Fabric: Cambric
Color: Orange
DUPATTA
Digital Printed Pure Chiffon Dupatta: 2.5 Meter
Fabric: Chiffon
Color: Orange
TROUSERS
Dyed Cambric Trousers: 2.5 Meter
Fabric: Cambric
Color: Orange
Note:
Product color may slightly vary due to photographic lighting sources or your device settings.",https://nishatlinen.com/products/42401434,"image_2_433_1.jpg, image_2_433_2.jpg, image_2_433_3.jpg"
2 Piece - Embroidered Suit - PE24-133 - XS,"Rs. 6,150.00 Rs. 3,690.00","Revamp your wardrobe with this embroidered two-piece suit from the latest pret summer collection. 
Product Detail
Embroidered Shirt With Trousers
Shirt
Band Neckline With Slit, Embroidered Front & Sleeves Edges, Straight Front Open Shirt
Fabric: Cambric
Color: Peach
Trousers
Straight Trousers
Fabric: Cambric
Color: Peach
Note:
Product color may vary slightly due to photographic lighting sources or monitor settings.",https://nishatlinen.com/products/pe24-133,"image_2_434_1.jpg, image_2_434_2.jpg, image_2_434_3.jpg"
3 Piece - Yarn Dyed Embroidered Suit - 42401983,"Rs. 13,330.00 Rs. 8,664.50","Summarize your style in this yarn dyed embroidered three-piece from the latest unstitched summer collection.
Product Detail:
Banarsi Style Shirt with Dupatta and Trousers
SHIRT
Yarn Dyed Banarsi Shirt: 3 Meter
Embroidered Front + Neckline + Sleeves + 2 Motifs + Border + Hem
Fabric: Banarsi
Color: Black
DUPATTA
Banarsi Jacquard Dupatta: 2.5 Meter
Fabric: Jacquard
Color: Black
TROUSERS
Yarn Dyed Banarsi Trousers: 2.5 Meter
Fabric: Banarsi
Color: Black
Note:
Product color may slightly vary due to photographic lighting sources or your device settings.",https://nishatlinen.com/collections/women/products/42401983,"image_2_435_1.jpg, image_2_435_2.jpg, image_2_435_3.jpg"
2 Piece - Dyed Embroidered Suit - 42401265,"Rs. 5,640.00 Rs. 3,666.00","Get a fabulous eye-catching look by wearing this dyed embroidered two-piece from the latest unstitched summer collection.
Product Detail:
Shirt with Trousers
SHIRT
Dyed Cambric Shirt: 3 Meter
Embroidered Front + Border
Fabric: Cambric
Color: Off White
TROUSERS
Dyed Cambric Trousers: 2.5 Meter
Fabric: Cambric
Color: Off White
Note:
Product color may slightly vary due to photographic lighting sources or your device settings.",https://nishatlinen.com/products/42401265,"image_2_436_1.jpg, image_2_436_2.jpg, image_2_436_3.jpg"
3 Piece - White Paste Printed Embroidered Suit - 42401910,"Rs. 8,720.00 Rs. 5,668.00","Make your day pleasingly memorable with this digital printed embroidered three-piece from the latest unstitched summer collection.
Product Detail:
Florals With Lace Patterns Style Shirt with Dupatta and Trousers
SHIRT
White Paste Printed Super Fine Lawn Shirt: 3 Meter
Embroidered Motifs + Border
Fabric: Lawn
Color: Light Blue & Pink
DUPATTA
White Paste Printed Voile Dupatta: 2.5 Meter
Fabric: Voile
Color: Light Blue & Pink
TROUSERS
Dyed Cambric Trousers: 2.5 Meter
Fabric: Cambric
Color: Light Blue
Note:
Product color may slightly vary due to photographic lighting sources or your device settings.",https://nishatlinen.com/products/42401910,"image_2_437_1.jpg, image_2_437_2.jpg, image_2_437_3.jpg"
3 Piece - Printed Loose Fabric - 42403259 - Shirt / 3 / 3,Rs. 455.00 - Rs. 527.00,"Effortlessly radiate charm and sophistication in this printed three-piece from the latest freedom to buy summer collection.
Product Detail:
Detailed Embroidered Patterns In Printed Form Shirt with Dupatta and Trousers
SHIRT
Shirt: 3 Meter (RS 750/-Mtr)
Fabric: Lawn
Color: Frozi
DUPATTA
Dupatta: 2.5 Meter (RS 780/-Mtr)
Fabric: Voile
Color: Ferozi
TROUSERS
Trousers: 2.5 Meter (RS 680/-Mtr)
Fabric: Cambric
Color: ﻿Ferozi
Note:
Product color may slightly vary due to photographic lighting sources or your device settings.",https://nishatlinen.com/collections/women/products/42403259,"image_2_438_1.jpg, image_2_438_2.jpg, image_2_438_3.jpg"
2 Piece - Embroidered Suit - PS24-347 - XS,"Rs. 8,290.00 Rs. 4,974.00","Immerse yourself in a world of effortless glamour with this embroidered two-piece suit from the latest pret summer collection. 
Product Detail
Embroidered Shirt With Dupatta
Shirt
Band Neckline With Slit, Pintucks Detail On Sleeves, Embroidered Front, Straight Shirt
Fabric: Cambric
Color: Apple Green
Dupatta
Tassels Hanging Detail At Corners
Fabric: Rejo Net
Color: Apple Green
Note:
Product color may vary slightly due to photographic lighting sources or monitor settings.",https://nishatlinen.com/collections/women/products/ps24-347,"image_2_439_1.jpg, image_2_439_2.jpg, image_2_439_3.jpg"
1 Piece - Digital Printed Loose Fabric - 42403348 - Shirt / 3 / 3,Rs. 880.00 Rs. 572.00,"Create a stunning look with this digital printed one-piece from the latest freedom to buy summer collection.
Product Detail:
Bead Work With Sequin Florals Printed Style Shirt 
SHIRT
Shirt: 3 Meter (RS 850/-Mtr)
Fabric: Dobby Lawn
Color: White
Note:
Product color may slightly vary due to photographic lighting sources or your device settings.",https://nishatlinen.com/products/42403348,"image_2_440_1.jpg, image_2_440_2.jpg, image_2_440_3.jpg"
1 Piece - Digital Printed Loose Fabric - 42403201 - Shirt / 3 / 3,Rs. 830.00 Rs. 540.00,"Effortlessly capture hearts with our digital printed one-piece from the latest freedom to buy summer collection.
Product Detail:
Paisley Flower Printed Style Shirt 
SHIRT
Shirt: 3 Meter (RS 830/-Mtr)
Fabric: Dobby Lawn
Color: Off White

Note:
Product color may slightly vary due to photographic lighting sources or your device settings.",https://nishatlinen.com/collections/women/products/42403201,"image_2_441_1.jpg, image_2_441_2.jpg, image_2_441_3.jpg"
3 Piece - Printed Loose Fabric - 42403119 - Shirt / 3 / 3,Rs. 750.00 Rs. 488.00,"Glance yourself in this attractively printed three-piece from the latest freedom to buy summer collection.
Product Detail:
Animal Print With Color Blocking Printed Style Shirt with Dupatta and Trousers
SHIRT
Shirt: 3 Meter (RS 730/-Mtr)
Fabric: Lawn
Color: Mustard
DUPATTA
Dupatta: 2.5 Meter (RS 750/-Mtr)
Fabric: Voile
Color: Multi
Note: Fabric used in shoot for gown is dupatta fabric
TROUSERS
Trousers: 2.5 Meter (RS 650/-Mtr)
Fabric: Cambric
Color: Mustard
Note:
Product color may slightly vary due to photographic lighting sources or your device settings.",https://nishatlinen.com/products/42403119,"image_2_442_1.jpg, image_2_442_2.jpg, image_2_442_3.jpg"
3 Piece - Gold Printed Suit - 42401389,"Rs. 6,660.00 Rs. 4,329.00","Immerse yourself in a symphony of elegance and style with this gold printed three-piece from the latest unstitched summer collection.
Product Detail:
Floral Printed Style Shirt with Dupatta and Trousers
SHIRT
Gold Printed Super Fine Lawn Shirt: 3 Meter
Fabric: Lawn
Color: Brown
DUPATTA
Digital Printed Maysuri Dupatta: 2.5 Meter
Fabric: Maysuri
Color: Brown
TROUSERS
Dyed Cambric Trousers: 2.5 Meter
Fabric: Cambric
Color: Brown
Note:
Product color may slightly vary due to photographic lighting sources or your device settings.",https://nishatlinen.com/collections/women/products/42401389,"image_2_443_1.jpg, image_2_443_2.jpg, image_2_443_3.jpg"
2-Piece - Embroidered Suit  - PS24-118 - XS,"Rs. 7,790.00 Rs. 4,674.00","Immerse yourself in a world of effortless glamour with this embroidered two-piece suit from the latest pret summer collection. 
Product Detail
Embroidered Shirt With Dupatta
Shirt
Round Neckline With Piping, Embroidered Neckline & Sleeves Edges & Side Slit At Hem, Long Shirt, Tassels Hanging Detail At Dupatta Corners
Fabric: Cambric
Color: Maroon
Dupatta
Tassels Hanging Detail At Corners
Fabric: Net
Color: Maroon
Note:
Product color may vary slightly due to photographic lighting sources or monitor settings.",https://nishatlinen.com/products/ps24-118,"image_2_444_1.jpg, image_2_444_2.jpg, image_2_444_3.jpg"
2 Piece - Printed Embroidered Suit - 42402081,"Rs. 3,990.00 Rs. 2,593.50","Look famous with this printed embroidered two-piece from the latest unstitched summer collection.
Product Detail:
Embroidered Motif Style Shirt with Trousers
SHIRT
Printed Cambric Shirt: 3 Meter
Embroidered Neckline + Border
Fabric: Cambric
Color: Burnt Orange
TROUSERS
Printed Cambric Trousers: 2.5 Meter
Fabric: Cambric
Color: Burnt Orange
Note:
Product color may slightly vary due to photographic lighting sources or your device settings.",https://nishatlinen.com/collections/women/products/42402081,"image_2_445_1.jpg, image_2_445_2.jpg, image_2_445_3.jpg"
3 Piece - Digital Printed Loose Fabric - 42403149 - Shirt / 3 / 3,Rs. 830.00 Rs. 540.00,"Mesmerize in this trendy digital printed three-piece from the latest freedom to buy summer collection.
Product Detail:
Shirt with Dupatta and Trousers
SHIRT
Shirt: 3 Meter (RS 750/-Mtr)
Fabric: Lawn
Color: Maroon
DUPATTA
Dupatta: 2.5 Meter (RS 780/-Mtr)
Fabric: Voile
Color: Maroon
TROUSERS
Trousers: 2.5 Meter (RS 650/-Mtr)
Fabric: Cambric
Color: Maroon
Note:
Product color may slightly vary due to photographic lighting sources or your device settings.",https://nishatlinen.com/collections/women/products/42403149,"image_2_446_1.jpg, image_2_446_2.jpg, image_2_446_3.jpg"
3 Piece - Printed Suit - 42402050,"Rs. 6,490.00 Rs. 4,218.50","Elevate your everyday style in our printed three-piece from the latest unstitched summer collection.
Product Detail:
Floral With Textures Printed Style Shirt with Dupatta and Trousers
SHIRT
Printed Super Fine Lawn Shirt: 3 Meter
Fabric: Lawn
Color: Pink
DUPATTA
Digital Printed Crinkle Chiffon Dupatta: 2.5 Meter
Fabric: Crinkle Chiffon
Color: Pink
TROUSERS
Solid Cambric Trousers: 2.5 Meter
Fabric: Cambric
Color: Pink
Note:
Product color may slightly vary due to photographic lighting sources or your device settings.",https://nishatlinen.com/products/42402050,"image_2_447_1.jpg, image_2_447_2.jpg, image_2_447_3.jpg"
3 Piece - Printed Loose Fabric - 42403014 - Shirt / 3 / 3,Rs. 670.00 Rs. 436.00,"Adopt an enthralling look by wearing printed three-piece from the latest freedom to buy summer collection.
Product Detail:
Ethnic Printed Style Shirt with Dupatta and Trousers
SHIRT
Shirt: 3 Meter (RS 730/-Mtr)
Fabric: Lawn
Color: Black
DUPATTA
Dupatta: 2.5 Meter (RS 750/-Mtr)
Fabric: Voile
Color: Black
TROUSERS
Trousers: 2.5 Meter (RS 650/-Mtr)
Fabric: Cambric
Color: Black
Note:
Product color may slightly vary due to photographic lighting sources or your device settings.",https://nishatlinen.com/products/42403014,"image_2_448_1.jpg, image_2_448_2.jpg, image_2_448_3.jpg"
2 Piece - Printed Embroidered Suit - 42402083,"Rs. 3,990.00 Rs. 2,593.50","Be confident in this printed embroidered two-piece from the latest unstitched summer collection.
Product Detail:
Textures Prints Style Shirt with Trousers
SHIRT
Printed Cambric Shirt: 3 Meter
2 Embroidered Motifs
Fabric: Cambric
Color: Light Brown
TROUSERS
Printed Cambric Trousers: 2.5 Meter
Fabric: Cambric
Color: Light Brown
Note:
Product color may slightly vary due to photographic lighting sources or your device settings.",https://nishatlinen.com/collections/women/products/42402083,"image_2_449_1.jpg, image_2_449_2.jpg, image_2_449_3.jpg"
3 Piece - Embroidered Suit - 42401437,"Rs. 9,740.00 Rs. 6,331.00","Enhance your style with the sophisticated and innovative embroidered three-piece from the latest unstitched summer collection.
Product Detail:
Kashmiri Paisleys Prints Style Shirt with Dupatta and Trousers
SHIRT
Dyed Cambric Shirt: 3 Meter
Embroidered Front + Motifs + Border
Fabric: Cambric
Color: Light Peach
DUPATTA
Digital Printed Pure Chiffon Dupatta: 2.5 Meter
Fabric: Chiffon
Color: Light Peach
TROUSERS
Dyed Cambric Trousers: 2.5 Meter
Fabric: Cambric
Color: Light Peach
Note:
Product color may slightly vary due to photographic lighting sources or your device settings.",https://nishatlinen.com/collections/women/products/42401437,"image_2_450_1.jpg, image_2_450_2.jpg, image_2_450_3.jpg"
Printed Shirt - PE24-241 - XS,"Rs. 3,590.00 Rs. 2,154.00","Look and feel your best by wearing this printed shirt from the latest pret summer collection.
Product Detail
Printed Shirt
Shirt
Band Neckline With Overlap Placket
Fabric: Lawn
Color: Beige
Note:
Product color may vary slightly due to photographic lighting sources or monitor settings.",https://nishatlinen.com/products/pe24-241,"image_2_451_1.jpg, image_2_451_2.jpg, image_2_451_3.jpg"
3 Piece - Printed Loose Fabric - 42403171 - Shirt / 3 / 3,Rs. 830.00 Rs. 540.00,"Illuminate your presence with this printed three-piece from the latest freedom to buy summer collection.
Product Detail:
Shirt with Dupatta and Trousers
SHIRT
Shirt: 3 Meter (RS 730/-Mtr)
Fabric: Lawn
Color: Deep Magenta
DUPATTA
Dupatta: 2.5 Meter (RS 750/-Mtr)
Fabric: Voile
Color: Deep Magenta
TROUSERS
Trousers: 2.5 Meter (RS 650/-Mtr)
Fabric: Cambric
Color: Deep Magenta
Note:
Product color may slightly vary due to photographic lighting sources or your device settings.",https://nishatlinen.com/collections/women/products/42403171,"image_2_452_1.jpg, image_2_452_2.jpg, image_2_452_3.jpg"
Printed Embroidered Shirt - PE24-287 - XS,"Rs. 4,510.00 Rs. 2,706.00","Wrap yourself in an aura of enchantment with this printed embroidered shirt from the latest pret summer collection.
Product Detail
Printed Embroidered Shirt
Shirt
Round Neckline With Slit & Pearls Detail On Piping, Embroidered Sleeves
Fabric: Lawn
Color: Baby Pink
Note:
Product color may vary slightly due to photographic lighting sources or monitor settings.",https://nishatlinen.com/products/pe24-287,"image_2_453_1.jpg, image_2_453_2.jpg, image_2_453_3.jpg"
1 Piece - Gold Printed Loose Fabric - 42403193 - Shirt / 3 / 3,Rs. 830.00 Rs. 540.00,"Strut in style with this gold printed one-piece from the latest freedom to buy summer collection.
Product Detail:
Chunri Printed Style Shirt 
SHIRT
Shirt: 3 Meter (RS 800/-Mtr)
Fabric: Lawn
Color: Brown

Note:
Product color may slightly vary due to photographic lighting sources or your device settings.",https://nishatlinen.com/products/42403193,"image_2_454_1.jpg, image_2_454_2.jpg, image_2_454_3.jpg"
2 Piece - Embroidered Suit - 42402181,"Rs. 7,490.00 Rs. 5,992.00","Upgrade your wardrobe with this embroidered three-piece from the latest unstitched summer collection.
Product Detail:
Block Print Style Shirt with Dupatta and Trousers
SHIRT
Solid Satin Shirt: 3 Meter
Embroidered Front + Sleeves + 2 Borders
Fabric: Satin
Color: Teal
DUPATTA
Printed Khadi Silk Dupatta: 2.23 Meter
Fabric: Khadi Silk
Color: Teal & Off White
TROUSERS
Solid Satin Trousers: 2.5 Meter
Fabric: Satin
Color: Teal
Note:
Product color may slightly vary due to photographic lighting sources or your device settings.",https://nishatlinen.com/collections/women/products/42402181,"image_2_455_1.jpg, image_2_455_2.jpg, image_2_455_3.jpg"
1 Piece - Digital Printed Loose Fabric - 42403064 - Shirt / 3 / 3,Rs. 830.00 Rs. 540.00,"Transform your beauty into timeless perfection with this digital printed one-piece from the latest freedom to buy summer collection.
Product Detail:
Floral Printed Style Shirt 
SHIRT
Shirt: 3 Meter (RS 1090/-Mtr)
Fabric: Lurix Stripe
Color: Off White

Note:
Product color may slightly vary due to photographic lighting sources or your device settings.",https://nishatlinen.com/products/42403064,"image_2_456_1.jpg, image_2_456_2.jpg, image_2_456_3.jpg"
3 Piece - Silver & Gold Paste Printed Embroidered Suit - 42401894,"Rs. 8,720.00 Rs. 5,668.00","Design your elegance, and define your style with silver & gold paste printed embroidered three-piece from the latest unstitched summer collection.
Product Detail:
Ethnic Mix Style Shirt with Dupatta and Trousers
SHIRT
Gold & Silver Paste Printed Super Fine Lawn Shirt: 3 Meter
Embroidered Neckline + Motifs
Fabric: Lawn
Color: Blue
DUPATTA
Gold & Silver Paste Printed Lawn Dupatta: 2.5 Meter
Fabric: Lawn
Color: Blue
TROUSERS
Dyed Cambric Trousers: 2.5 Meter
Fabric: Cambric
Color: White
Note:
Product color may slightly vary due to photographic lighting sources or your device settings.",https://nishatlinen.com/collections/women/products/42401894,"image_2_457_1.jpg, image_2_457_2.jpg, image_2_457_3.jpg"
2 Piece - Jacquard Embroidered Suit - 42402160,"Rs. 6,990.00 Rs. 5,592.00","For a statement look this jacquard embroidered two-piece from the latest unstitched summer collection.
Product Detail:
Ethnic Style Shirt with Dupatta
SHIRT
Jacquard Shirt: 3 Meter
Embroidered Motifs + Border
Fabric: Jacquard
Color: Light Yellow
DUPATTA
Jacquard Dupatta: 2.5 Meter
Fabric: Jacquard
Color: Light Yellow
Note:
Product color may slightly vary due to photographic lighting sources or your device settings.",https://nishatlinen.com/products/42402160,"image_2_458_1.jpg, image_2_458_2.jpg, image_2_458_3.jpg"
2 Piece - Printed Embroidered Suit - 42401951,"Rs. 5,640.00 Rs. 3,666.00","Radiate positivity and vibrancy in this printed embroidered two-piece from the latest unstitched summer collection.
Product Detail:
Ethnic Prints Style Shirt with Dupatta
SHIRT
Printed Super Fine Lawn Shirt: 3 Meter
Embroidered Front + Motifs + Border
Fabric: Lawn
Color: White
DUPATTA
Digital Printed Silk Dupatta: 2.5 Meter
Fabric: Silk
Color: White
Note:
Product color may slightly vary due to photographic lighting sources or your device settings.",https://nishatlinen.com/collections/women/products/42401951,"image_2_459_1.jpg, image_2_459_2.jpg, image_2_459_3.jpg"
1 Piece - Printed Loose Fabric - 42403054 - Shirt / 3 / 3,Rs. 670.00 Rs. 436.00,"Revitalize your style with this printed one-piece from the latest freedom to buy summer collection.
Product Detail:
Mughal Printed Style Shirt
SHIRT
Shirt: 3 Meter (RS 730/-Mtr)
Fabric: Lawn
Color: Dull Aqua
Note:
Product color may slightly vary due to photographic lighting sources or your device settings.",https://nishatlinen.com/products/42403054,"image_2_460_1.jpg, image_2_460_2.jpg, image_2_460_3.jpg"
2-Piece - Printed Embroidered Suit  - PS24-288 - XS,"Rs. 5,190.00 Rs. 3,114.00","Make your day magnificent by wearing this printed embroidered two-piece suit from the latest pret summer collection. 
Product Detail
Printed Embroidered Shirt With Trousers
Shirt
Band Neckline With Overlapped Placket, Embroidered Sleeves Edges, Printed Shirt 
Fabric: Cambric
Color: Ivory
Trousers
Printed Loose Trousers
Fabric: Cambric
Color: Ivory
Note:
Product color may vary slightly due to photographic lighting sources or monitor settings.",https://nishatlinen.com/collections/women/products/ps24-288,"image_2_461_1.jpg, image_2_461_2.jpg, image_2_461_3.jpg"
3 Piece - Gold & Silver Printed Embroidered Suit - 42401866,"Rs. 7,690.00 Rs. 4,998.50","Become the ultimate trendsetter with our gold & silver printed embroidered three-piece from the latest unstitched summer collection.
Product Detail:
Stripes Style Shirt with Dupatta and Trousers
SHIRT
Gold & Silver Paste Printed Super Fine Lawn Shirt: 3 Meter
Embroidered Neckline + Border
Fabric: Lawn
Color: Teal
DUPATTA
Gold & Silver Paste Printed Voile Dupatta: 2.5 Meter
Fabric: Voile
Color: Teal
TROUSERS
Solid Cambric Trousers: 2.5 Meter
Fabric: Cambric
Color: Teal
Note:
Product color may slightly vary due to photographic lighting sources or your device settings.",https://nishatlinen.com/products/42401866,"image_2_462_1.jpg, image_2_462_2.jpg, image_2_462_3.jpg"
3 Piece - Embroidered Suit - 42401650,"Rs. 9,740.00 Rs. 6,331.00","Summarize your style in this embroidered three-piece from the latest unstitched summer collection.
Product Detail:
Abstract Floral Silhouettes With Embellished Borders Style Shirt with Dupatta and Trousers
SHIRT
Dyed Cambric Shirt: 3 Meter
Embroidered Front
Fabric: Cambric
Color: Green
DUPATTA
Digital Printed Organza Chiffon Dupatta: 2.5 Meter
Fabric: Organza Chiffon
Color: Green
TROUSERS
Dyed Cambric Trousers: 2.5 Meter
Fabric: Cambric
Color: ﻿Green
Note:
Product color may slightly vary due to photographic lighting sources or your device settings.",https://nishatlinen.com/products/42401650,"image_2_463_1.jpg, image_2_463_2.jpg, image_2_463_3.jpg"
1 Piece - Dyed Loose Fabric - 42402017-1 - Shirt / 3 / 3,Rs. 830.00 Rs. 540.00,"Effortlessly capture hearts with the delicate dyed one-piece from the latest freedom to buy summer collection.
Product Detail:
Shirt 
SHIRT
Shirt: 3 Meter (RS 650/-Mtr)
Fabric: Cambric
Color: Green

Note:
Product color may slightly vary due to photographic lighting sources or your device settings.",https://nishatlinen.com/collections/women/products/42402017-1,image_2_464_1.jpg
3 Piece - Printed Loose Fabric - 42403115 - Shirt / 3 / 3,Rs. 830.00 Rs. 540.00,"Be an epitome of class in this printed three-piece from the latest freedom to buy summer collection.
Product Detail:
Modern Floral Bunches Printed Style Shirt with Dupatta and Trousers
SHIRT
Shirt: 3 Meter (RS 730/-Mtr)
Fabric: Lawn
Color: Green
Note: Fabric used in shoot for trousers is shirt fabric
DUPATTA
Dupatta: 2.5 Meter (RS 750/-Mtr)
Fabric: Voile
Color: Green
Note: Fabric used in shoot for shirt is dupatta fabric
TROUSERS
Trousers: 2.5 Meter (RS 650/-Mtr)
Fabric: Cambric
Color: Green
Note:
Product color may slightly vary due to photographic lighting sources or your device settings.",https://nishatlinen.com/collections/women/products/42403115,"image_2_465_1.jpg, image_2_465_2.jpg, image_2_465_3.jpg"
3 Piece - Printed Loose Fabric - 42403151 - Shirt / 3 / 3,Rs. 830.00 Rs. 540.00,"Embrace the whispers of timelessness by wearing this printed three-piece from the latest freedom to buy summer collection.
Product Detail:
Abstract Printed Style Shirt with Dupatta and Trousers
SHIRT
Shirt: 3 Meter (RS 730/-Mtr)
Fabric: Lawn
Color: Pink
DUPATTA
Dupatta: 2.5 Meter (RS 750/-Mtr)
Fabric: Voile
Color: Pink
TROUSERS
Trousers: 2.5 Meter (RS 650/-Mtr)
Fabric: Cambric
Color: Pink
Note:
Product color may slightly vary due to photographic lighting sources or your device settings.",https://nishatlinen.com/collections/women/products/42403151,"image_2_466_1.jpg, image_2_466_2.jpg, image_2_466_3.jpg"
3 Piece - Printed Embroidered Suit - 42402130,"Rs. 10,490.00 Rs. 8,392.00","Endless look from our trendiest printed embroidered three-piece from the latest unstitched summer collection.
Product Detail:
Ethnic Style Shirt with Dupatta and Trousers
SHIRT
Printed Slub Cambric Shirt: 3 Meter
Embroidered Front + Border
Fabric: Cambric
Color: Light Yellow
DUPATTA
Printed Fancy Brochia Dupatta: 2.5 Meter
Fabric: Fancy Brochia
Color: Light Yellow
TROUSERS
Solid Cambric Trousers: 2.5 Meter
Fabric: Cambric
Color: Light Yellow
Note:
Product color may slightly vary due to photographic lighting sources or your device settings.",https://nishatlinen.com/products/42402130,"image_2_467_1.jpg, image_2_467_2.jpg, image_2_467_3.jpg"
3 Piece - Printed Suit - 42401423,"Rs. 5,130.00 Rs. 3,334.50","Radiate absolute glamour in the exquisitely printed three-piece from the latest unstitched summer collection.
Product Detail:
Geometric Style Shirt with Dupatta and Trousers
SHIRT
Digital Printed Super Fine Lawn Shirt: 3 Meter
Fabric: Lawn
Color: Yellowish Gold
DUPATTA
Digital Printed Silk Dupatta: 2.5 Meter
Fabric: Silk
Color: Yellowish Gold
TROUSERS
Dyed Cambric Trousers: 2.5 Meter
Fabric: Cambric
Color: Yellowish Gold
Note:
Product color may slightly vary due to photographic lighting sources or your device settings.",https://nishatlinen.com/products/42401423,"image_2_468_1.jpg, image_2_468_2.jpg, image_2_468_3.jpg"
Embroidered Shirt - PE24-153 - XS,"Rs. 4,100.00 Rs. 2,460.00","Radiate positivity and vibrancy in this embroidered shirt from the latest pret summer collection.
Product Detail
Embroidered Shirt 
Shirt
Round Neckline With Piping & Slit, Top Stitches Detail On Sleeves Edges, Embroidered Hem
Fabric: Cambric
Color: Skin
Note:
Product color may vary slightly due to photographic lighting sources or monitor settings.",https://nishatlinen.com/collections/women/products/pe24-153,"image_2_469_1.jpg, image_2_469_2.jpg, image_2_469_3.jpg"
2 Piece - Jacquard Embroidered Suit - 42401748,"Rs. 7,180.00 Rs. 4,667.00","Make you look flawless on your special days by wearing this jacquard embroidered two-piece from the latest unstitched summer collection.
Product Detail:
Shirt with Trousers
SHIRT
Jacquard Shirt: 3 Meter
2 Embroidered Motifs
Fabric: Jacquard
Color: Pink
TROUSERS
Solid Cambric Trousers: 2.5 Meter
Fabric: Cambric
Color: Orange
Note:
Product color may slightly vary due to photographic lighting sources or your device settings.",https://nishatlinen.com/collections/women/products/42401748,"image_2_470_1.jpg, image_2_470_2.jpg, image_2_470_3.jpg"
2 Piece - Printed Suit - PS24-305 - XS,"Rs. 4,510.00 Rs. 2,706.00","Embrace glamour & shine like a star with this printed two-piece suit from the latest pret summer collection.
Product Detail
Printed Shirt With Trousers
Shirt
Collar Neckline, Embroidered Sleeves Edges, Straight Shirt
Fabric: Cambric
Color: Off White
Trousers
Printed Straight Trousers
Fabric: Cambric
Color: Off White
Note:
Product color may vary slightly due to photographic lighting sources or monitor settings.",https://nishatlinen.com/products/ps24-305,"image_2_471_1.jpg, image_2_471_2.jpg, image_2_471_3.jpg"
Embroidered Shirt - PE24-02 - XS,"Rs. 5,130.00 Rs. 3,078.00","Look and feel your best by wearing this embroidered shirt from the latest pret summer collection.
Product Detail
Embroidered Shirt
Shirt
Round Neckline With Adda Work Detail On Piping, Lace Detail On Front Hem, Embroidered Front Hem & Sleeves
Fabric: Cambric
Color: White
Note:
Product color may vary slightly due to photographic lighting sources or monitor settings.",https://nishatlinen.com/collections/women/products/pe24-02,"image_2_472_1.jpg, image_2_472_2.jpg, image_2_472_3.jpg"
2 Piece - Printed Suit - PS24-346 - XS,"Rs. 4,820.00 Rs. 2,892.00","Radiate positivity and vibrancy in this printed two-piece suit from the latest pret summer collection.
Product Detail
Printed Shirt With Trousers
Shirt
Collar Neckline, Round Hem, Printed Shirt
Fabric: Cambric
Color: Beige
Trousers
Fitted Trousers
Fabric: Cambric
Color: Beige
Note:
Product color may vary slightly due to photographic lighting sources or monitor settings.",https://nishatlinen.com/products/ps24-346,"image_2_473_1.jpg, image_2_473_2.jpg, image_2_473_3.jpg"
1 Piece - Glitter Paste Printed Loose Fabric - 42403333 - Shirt / 3 / 3,Rs. 880.00 Rs. 572.00,"Radiate confidence with this glitter paste printed one-piece from the latest freedom to buy summer collection.
Product Detail:
Rose Printed Style Shirt 
SHIRT
Shirt: 3 Meter (RS 800/-Mtr) 
Fabric: Lawn
Color: Light Brown
Note:
Product color may slightly vary due to photographic lighting sources or your device settings.",https://nishatlinen.com/collections/women/products/42403333,"image_2_474_1.jpg, image_2_474_2.jpg, image_2_474_3.jpg"
3 Piece - Printed Loose Fabric - 42403037 - Shirt / 3 / 3,Rs. 670.00 Rs. 436.00,"For a fashionable statement adorn this three-piece from the latest freedom to buy summer collection.
Product Detail:
Lace Floral Pattern In Printed Form Shirt with Dupatta and Trousers
SHIRT
Shirt: 3 Meter (RS 730/-Mtr)
Fabric: Lawn
Color: White
DUPATTA
Dupatta: 2.5 Meter (RS 750/-Mtr)
Fabric: Voile
Color: Black
TROUSERS
Trousers: 2.5 Meter (RS 690/-Mtr)
Fabric: Cambric
Color: White
Note:
Product color may slightly vary due to photographic lighting sources or your device settings.",https://nishatlinen.com/collections/women/products/42403037,"image_2_475_1.jpg, image_2_475_2.jpg, image_2_475_3.jpg"
2 Piece - Digital Printed Embroidered Suit - 42402074,"Rs. 5,990.00 Rs. 3,893.50","Brighten up your wardrobe with this digital printed embroidered two-piece from the latest unstitched summer collection.
Product Detail:
Floral Mix Style Shirt with Trousers
SHIRT
Solid Cambric Shirt: 3 Meter
Embroidered Front + Sleeves
Fabric: Cambric
Color: Multi
TROUSERS
Digital Printed Cambric Trousers: 2.5 Meter
Fabric: Cambric
Color: Multi
Note:
Product color may slightly vary due to photographic lighting sources or your device settings.",https://nishatlinen.com/products/42402074,"image_2_476_1.jpg, image_2_476_2.jpg, image_2_476_3.jpg"
3 Piece - Printed Suit - 42401424,"Rs. 5,130.00 Rs. 3,334.50","Give yourself a versatile styling mileage with this printed three-piece from the latest unstitched summer collection.
Product Detail:
Modern Style Shirt with Dupatta and Trousers
SHIRT
Digital Printed Super Fine Lawn Shirt: 3 Meter
Fabric: Lawn
Color: Light Pink
DUPATTA
Digital Printed Silk Dupatta: 2.5 Meter
Fabric: Silk
Color: Light Pink
TROUSERS
Dyed Cambric Trousers: 2.5 Meter
Fabric: Cambric
Color: Light Pink
Note:
Product color may slightly vary due to photographic lighting sources or your device settings.",https://nishatlinen.com/products/42401424,"image_2_477_1.jpg, image_2_477_2.jpg, image_2_477_3.jpg"
1 Piece - Gold Printed Loose Fabric - 42403335 - Shirt / 3 / 3,Rs. 880.00 Rs. 572.00,"Refresh your wardrobe with this stunning gold printed one-piece from the latest freedom to buy summer collection.
Product Detail:
Chunri Prints Style Shirt 
SHIRT
Shirt: 3 Meter (RS 800/-Mtr)
Fabric: Lawn
Color: Purple
Note:
Product color may slightly vary due to photographic lighting sources or your device settings.",https://nishatlinen.com/collections/women/products/42403335,"image_2_478_1.jpg, image_2_478_2.jpg, image_2_478_3.jpg"
3 Piece - Printed Embroidered Suit - 42401638,"Rs. 9,740.00 Rs. 6,331.00","For a fashionable statement adorn this printed embroidered three-piece from the latest unstitched summer collection.
Product Detail:
Floral Bunches Prints Style Shirt with Dupatta and Trousers
SHIRT
Solid Cambric Shirt: 3 Meter
Embroidered Front + Border
Fabric: Cambric
Color: Mint
DUPATTA
Digital Printed Brochia Dupatta: 2.5 Meter
Fabric: Brochia
Color: Mint
TROUSERS
Printed Cambric Trousers: 2.5 Meter
Fabric: Cambric
Color: Mint
Note:
Product color may slightly vary due to photographic lighting sources or your device settings.",https://nishatlinen.com/collections/women/products/42401638,"image_2_479_1.jpg, image_2_479_2.jpg, image_2_479_3.jpg"
3 Piece - Printed Loose Fabric - 42403142 - Shirt / 3 / 3,"Rs. 1,120.00 Rs. 728.00","Capture hearts and mesmerize souls with this printed three-piece from the latest freedom to buy summer collection.
Product Detail:
Dori Style Motifs With Chevrons Printed Style Shirt with Dupatta and Trousers
SHIRT
Shirt: 3 Meter (RS 730/-Mtr)
Fabric: Lawn
Color: Red
DUPATTA
Dupatta: 2.5 Meter (RS 750/-Mtr)
Fabric: Voile
Color: Red
TROUSERS
Trousers: 2.5 Meter (RS 650/-Mtr)
Fabric: Cambric
Color: Red
Note:
Product color may slightly vary due to photographic lighting sources or your device settings.",https://nishatlinen.com/collections/women/products/42403142,"image_2_480_1.jpg, image_2_480_2.jpg, image_2_480_3.jpg"
3 Piece - Printed Embroidered Suit - 42401646,"Rs. 9,740.00 Rs. 6,331.00","Glorify yourself with this amazing printed embroidered three-piece from the latest unstitched summer collection.
Product Detail:
Suzani Patterns Prints Style Shirt with Dupatta and Trousers
SHIRT
Solid Cambric Shirt: 3 Meter
Embroidered Front + Motifs + Border
Fabric: Cambric
Color: Peach
DUPATTA
Digital Printed Brochia Dupatta: 2.5 Meter
Fabric: Brochia
Color: Peach
TROUSERS
Printed Cambric Trousers: 2.5 Meter
Fabric: Cambric
Color: Peach
Note:
Product color may slightly vary due to photographic lighting sources or your device settings.",https://nishatlinen.com/collections/women/products/42401646,"image_2_481_1.jpg, image_2_481_2.jpg, image_2_481_3.jpg"
3 Piece - Embroidered Suit - 42401657,"Rs. 9,740.00 Rs. 6,331.00","Glance yourself in this embroidered three-piece from the latest unstitched summer collection.
Product Detail:
Geometric Abstract Style Shirt with Dupatta and Trousers
SHIRT
Dyed Cambric Shirt: 3 Meter
Embroidered Front
Fabric: Cambric
Color: Black
DUPATTA
Digital Printed Organza Chiffon Dupatta: 2.5 Meter
Fabric: Organza Chiffon
Color: Black
TROUSERS
Dyed Cambric Trousers: 2.5 Meter
Fabric: Cambric
Color: Black
Note:
Product color may slightly vary due to photographic lighting sources or your device settings.",https://nishatlinen.com/collections/women/products/42401657,"image_2_482_1.jpg, image_2_482_2.jpg, image_2_482_3.jpg"
3 Piece - Printed Embroidered Suit - 42401819,"Rs. 9,990.00 Rs. 6,493.50","Make your day marvelous by wearing this printed embroidered three-piece from the latest unstitched summer collection.
Product Detail:
Floral Stem Embroidered Dupatta With Polka Dots On Shirt and Trousers

SHIRT
Printed Super Fine Lawn Shirt: 3 Meter
Embroidered Front + Sleeves
Fabric: Lawn
Color: Light Green
DUPATTA
Embroidered Organza Dupatta: 2.5 Meter
Fabric: Organza
Color: Light Green
TROUSERS
Solid Cambric Trousers: 2.5 Meter
Fabric: Cambric
Color: Light Green
Note:
Product color may slightly vary due to photographic lighting sources or your device settings.",https://nishatlinen.com/collections/women/products/42401819,"image_2_483_1.jpg, image_2_483_2.jpg, image_2_483_3.jpg"
2 Piece - Fancy Embroidered Suit - 42401289,"Rs. 6,150.00 Rs. 3,997.50","Adorn yourself by wearing this fancy embroidered two-piece from the latest unstitched summer collection.
Product Detail:
Shirt with Dupatta 
SHIRT
Embroidered Super Fine Lawn Front: 1.15 Meter
Dyed Super Fine Lawn Back & Sleeves: 1.85 Meter
Embroidered Sleeves
Fabric: Lawn
Color: Sea Green
DUPATTA
Sequin Dupatta: 2.5 Meter
Fabric: Sequin
Color: Sea Green
Note:
Product color may slightly vary due to photographic lighting sources or your device settings.",https://nishatlinen.com/products/42401289,"image_2_484_1.jpg, image_2_484_2.jpg, image_2_484_3.jpg"
2 Piece - Printed Embroidered Suit - 42401712,"Rs. 5,640.00 Rs. 3,666.00","Upgrade your wardrobe with this printed embroidered two-piece from the latest unstitched summer collection.
Product Detail:
Mandala Motifs With Adda Work Motifs Style Shirt with Dupatta
SHIRT
Printed Super Fine Lawn Shirt: 3 Meter
3 Embroidered Motifs
Fabric: Lawn
Color: Black
DUPATTA
Digital Printed Zari Chiffon Dupatta: 2.5 Meter
Fabric: Chiffon
Color: Black
Note:
Product color may slightly vary due to photographic lighting sources or your device settings.",https://nishatlinen.com/collections/women/products/42401712,"image_2_485_1.jpg, image_2_485_2.jpg, image_2_485_3.jpg"
Slip - PW24-97 - XS,"Rs. 1,350.00 Rs. 1,080.00","Add comfort and a soft and smooth feel to your daily wear with this slip from the latest winter collection.   
Product Detail
Basic Slip
Slip
Round Neckline Slip
Fabric: Voile
Color: Black
Note:
Product color may slightly vary due to photographic lighting sources or your monitor settings.",https://nishatlinen.com/collections/women/products/pw24-97,image_2_486_1.jpg
1 Piece - Digital Printed Loose Fabric - 42403067 - Shirt / 3 / 3,"Rs. 1,120.00 Rs. 728.00","Elevate your beachside fashion with the allure of our digital printed one-piece from the latest freedom to buy summer collection.
Product Detail:
Watercolor Abstract Patterns In Printed Form Shirt
SHIRT
Shirt: 3 Meter (RS 1090/-Mtr)
Fabric: Fancy Strip
Color: Off White
Note:
Product color may slightly vary due to photographic lighting sources or your device settings.",https://nishatlinen.com/products/42403067,"image_2_487_1.jpg, image_2_487_2.jpg, image_2_487_3.jpg"
2 Piece - Dyed Embroidered Suit - 42401956,"Rs. 5,640.00 Rs. 3,666.00","Add a touch of depth and charm to your personality by wearing this dyed embroidered two-piece from the latest unstitched summer collection.
Product Detail:
Style Shirt with Trousers
SHIRT
Solid Cambric Shirt: 3 Meter
Embroidered Front + Sleeves + Border
Fabric: Cambric
Color: Beige
TROUSERS
Solid Cambric Trousers: 2.5 Meter
Fabric: Cambric
Color: Beige
Note:
Product color may slightly vary due to photographic lighting sources or your device settings.",https://nishatlinen.com/products/42401956,"image_2_488_1.jpg, image_2_488_2.jpg, image_2_488_3.jpg"
3 Piece - Embroidered Suit - 42402054,"Rs. 8,690.00 Rs. 5,648.50","Look mesmerizing with this embroidered three-piece from the latest unstitched summer collection.
Product Detail:
Mughal Botanical Mix Style Shirt with Dupatta and Trousers
SHIRT
Solid Slub Cambric Shirt: 3 Meter
Embroidered Front + Sleeves + Border
Fabric: Cambric
Color: Orange
DUPATTA
Digital Printed Slub Dupatta: 2.5 Meter
Fabric: Slub
Color: Orange
TROUSERS
Solid Cambric Trousers: 2.5 Meter
Fabric: Cambric
Color: Orange
Note:
Product color may slightly vary due to photographic lighting sources or your device settings.",https://nishatlinen.com/products/42402054,"image_2_489_1.jpg, image_2_489_2.jpg, image_2_489_3.jpg"
3 Piece - Printed Embroidered Suit - 42401807,"Rs. 7,180.00 Rs. 4,667.00","Make your day magnificent by wearing this printed embroidered three-piece from the latest unstitched summer collection.
Product Detail:
Floral Style Shirt with Dupatta and Trousers
SHIRT
Printed Super Fine Lawn Shirt: 3 Meter
Embroidered Border
Fabric: Lawn
Color: Grey & Black
DUPATTA
Digital Printed Crinkle Chiffon Dupatta: 2.5 Meter
Fabric: Crinkle Chiffon
Color: Grey & Black
TROUSERS
Solid Cambric Trousers: 2.5 Meter
Fabric: Cambric
Color: Grey
Note:
Product color may slightly vary due to photographic lighting sources or your device settings.",https://nishatlinen.com/collections/women/products/42401807,"image_2_490_1.jpg, image_2_490_2.jpg, image_2_490_3.jpg"
Embroidered Shirt - PE24-137 - XS,"Rs. 4,610.00 Rs. 2,766.00","Make your appearance distinctive by wearing this embroidered shirt from the latest pret summer collection.
Product Detail
Embroidered Shirt
Shirt
Band Neckline With Piping, Embroidered Front Central Panel & Sleeves Edges, Straight Shirt
Fabric: Cambric
Color: Blue
Note:
Product color may vary slightly due to photographic lighting sources or monitor settings.",https://nishatlinen.com/collections/women/products/pe24-137,"image_2_491_1.jpg, image_2_491_2.jpg, image_2_491_3.jpg"
2 Piece - Printed Suit - 42402186,"Rs. 2,990.00 Rs. 1,943.50","Look classy with this printed two-piece from the latest unstitched summer collection.
Product Detail:
Chunri Printed Style Shirt with Trousers
SHIRT
Printed Cambric Shirt: 3 Meter
Fabric: Cambric
Color: Pink & Orange
TROUSERS
Printed Cambric Trousers: 2.5 Meter
Fabric: Cambric
Color: Orange
Note:
Product color may slightly vary due to photographic lighting sources or your device settings.",https://nishatlinen.com/collections/women/products/42402186,"image_2_492_1.jpg, image_2_492_2.jpg, image_2_492_3.jpg"
Printed Shirt - PS24-273 - L,"Rs. 2,770.00 Rs. 1,662.00","For a stunningly spectacular look, try this printed shirt from the latest pret summer collection.
Product Detail
Printed Shirt 
Shirt
Notch Collar Neckline With Buttons & Loop Detail, Round Hem
Fabric: Cambric
Color: Pink
Note:
Product color may vary slightly due to photographic lighting sources or monitor settings.",https://nishatlinen.com/products/ps24-273,"image_2_493_1.jpg, image_2_493_2.jpg, image_2_493_3.jpg"
3 Piece - Printed Loose Fabric - 42403367 - Dupatta / 2.5 / 2.5,Rs. 455.00 - Rs. 533.00,"Embrace the season with our printed three-piece from the latest freedom to buy summer collection.
Product Detail
Floral Bunches Printed Style Shirt with Dupatta and Trousers 
SHIRT
Shirt: 3 Meter (RS 780/-Mtr)
Fabric: Lawn
Color: Mint
DUPATTA
Dupatta: 2.5 Meter (RS 800/-Mtr) 
Fabric: Voile
Color: Mint
TROUSERS
Trousers: 2.5 Meter (RS 700/-Mtr) 
Fabric: Cambric
Color: Mint
Note:
Product color may slightly vary due to photographic lighting sources or your device settings.",https://nishatlinen.com/collections/women/products/42403367,"image_2_494_1.jpg, image_2_494_2.jpg, image_2_494_3.jpg"
2 Piece - Dyed Embroidered Suit - 42402140,"Rs. 4,290.00 Rs. 3,432.00","Exude grace in this dyed embroidered two-piece from the latest unstitched summer collection.
Product Detail:
Linear Stitch Style Shirt with Trousers
SHIRT
Solid Cambric Shirt: 3 Meter
Embroidered Front + Sleeves + Border
Fabric: Cambric
Color: Blue
TROUSERS
Solid Cambric Trousers: 2.5 Meter
Fabric: Cambric
Color: Blue
 
Note:
Product color may slightly vary due to photographic lighting sources or your device settings.",https://nishatlinen.com/collections/women/products/42402140,"image_2_495_1.jpg, image_2_495_2.jpg, image_2_495_3.jpg"
2 Piece - Printed Embroidered Suit - 42401772,"Rs. 5,130.00 Rs. 3,334.50","Catch versatile look by wearing this printed embroidered two-piece from the latest unstitched summer collection.
Product Detail:
Animal Print With Floral Style Shirt with Dupatta
SHIRT
Printed Super Fine Lawn Shirt: 3 Meter
Embroidered Motifs
Fabric: Lawn
Color: Beige & Black
DUPATTA
Digital Printed Crinkle Chiffon Dupatta: 2.5 Meter
Fabric: Crinkle Chiffon
Color: Multi
Note:
Product color may slightly vary due to photographic lighting sources or your device settings.",https://nishatlinen.com/collections/women/products/42401772,"image_2_496_1.jpg, image_2_496_2.jpg, image_2_496_3.jpg"
3 Piece - Embroidered Suit - 42401655,"Rs. 9,740.00 Rs. 6,331.00","Glorify yourself with this amazing embroidered three-piece from the latest unstitched summer collection.
Product Detail:
Modern Abstract Style Shirt with Dupatta and Trousers
SHIRT
Dyed Cambric Shirt: 3 Meter
Embroidered Front + Sleeves
Fabric: Cambric
Color: Black
DUPATTA
Digital Printed Organza Chiffon Dupatta: 2.5 Meter
Fabric: Organza Chiffon
Color: Multi
TROUSERS
Dyed Cambric Trousers: 2.5 Meter
Fabric: Cambric
Color: ﻿Black
Note:
Product color may slightly vary due to photographic lighting sources or your device settings.",https://nishatlinen.com/collections/women/products/42401655,"image_2_497_1.jpg, image_2_497_2.jpg, image_2_497_3.jpg"
3 Piece - Printed Suit - 42401814,"Rs. 6,660.00 Rs. 4,329.00","Get a versatile look with this printed three-piece from the latest unstitched summer collection.
Product Detail:
Floral Mix In Ethnic Printed Style Shirt with Dupatta and Trousers
SHIRT
Printed Super Fine Lawn Shirt: 3 Meter
Fabric: Lawn
Color: Pink
DUPATTA
Digital Printed Crinkle Chiffon Dupatta: 2.5 Meter
Fabric: Crinkle Chiffon
Color: Pink & Green
TROUSERS
Printed Cambric Trousers: 2.5 Meter
Fabric: Cambric
Color: Pink
Note:
Product color may slightly vary due to photographic lighting sources or your device settings.",https://nishatlinen.com/collections/women/products/42401814,"image_2_498_1.jpg, image_2_498_2.jpg, image_2_498_3.jpg"
3 Piece - Embroidered Suit - 42402177,"Rs. 10,490.00 Rs. 8,392.00","Mesmerize in this trendy embroidered three-piece from the latest unstitched summer collection.
Product Detail:
Floral Silhouettes Style Shirt with Dupatta and Trousers
SHIRT
Solid Satin Shirt: 3 Meter
Embroidered Front + Border
Fabric: Satin
Color: Blue
DUPATTA
Printed Khadi Silk Dupatta: 2.23 Meter
Fabric: Khadi Silk
Color: Blue
TROUSERS
Solid Satin Trousers: 2.5 Meter
Fabric: Satin
Color: Blue
Note:
Product color may slightly vary due to photographic lighting sources or your device settings.",https://nishatlinen.com/collections/women/products/42402177,"image_2_499_1.jpg, image_2_499_2.jpg, image_2_499_3.jpg"
2 Piece - Dyed Embroidered Suit - 42401059,"Rs. 5,640.00 Rs. 3,666.00","Elevate your style with our dyed embroidered two-piece from the latest unstitched summer collection.
Product Detail:
Shirt with Trousers
SHIRT
Embroidered Cambric Front:1.15 Meter
Dyed Cambric Back & Sleeves:1.85 Meter
Fabric: Cambric
Color: Red
TROUSERS
Dyed Cambric Trousers: 2.5 Meter
Fabric: Cambric
Color: ﻿Red
Note:
Product color may slightly vary due to photographic lighting sources or your device settings.",https://nishatlinen.com/collections/women/products/42401059,"image_2_500_1.jpg, image_2_500_2.jpg, image_2_500_3.jpg"
1 Piece - Digital Printed Loose Fabric - 42403396 - Shirt / 3 / 3,"Rs. 1,120.00 Rs. 728.00","Unleash your creativity and fashion a unique style with this digital printed one-piece from the latest freedom to buy summer collection.
Product Detail:
Trees Printed Style Shirt 
SHIRT
Shirt: 3 Meter (RS 830/-Mtr)
Fabric: Cotton 
Color: Off White

Note:
Product color may slightly vary due to photographic lighting sources or your device settings.",https://nishatlinen.com/collections/women/products/42403396,"image_2_501_1.jpg, image_2_501_2.jpg, image_2_501_3.jpg"
2 Piece - Dyed Embroidered Suit - 42402139,"Rs. 4,290.00 Rs. 3,432.00","Exude grace in this dyed embroidered two-piece from the latest unstitched summer collection.
Product Detail:
Gara Embroidered Style Shirt with Trousers
SHIRT
Solid Cambric Shirt: 3 Meter
Embroidered Front + Sleeves + Border
Fabric: Cambric
Color: Green
TROUSERS
Solid Cambric Trousers: 2.5 Meter
Fabric: Cambric
Color: Green
Note:
Product color may slightly vary due to photographic lighting sources or your device settings.",https://nishatlinen.com/collections/women/products/42402139,"image_2_502_1.jpg, image_2_502_2.jpg, image_2_502_3.jpg"
3 Piece - White & Gold Paste Printed Embroidered Suit - 42401903,"Rs. 8,720.00 Rs. 5,668.00","Immerse yourself in the elegance of white & gold paste printed embroidered three-piece from the latest unstitched summer collection.
Product Details:
Ethnic Style Shirt with Dupatta & Trousers
SHIRT
Gold & White Paste Printed Super Fine Lawn Shirt: 3 Meter
Embroidered Motifs + Border
Fabric: Lawn
Color: Black
DUPATTA
Gold & White Paste Printed Lawn Dupatta: 2.5 Meter
Fabric: Lawn
Color: Black
TROUSERS
Dyed Cambric Trousers: 2.5 Meter
Fabric: Cambric
Color: ﻿Black
Note:
Product color may slightly vary due to photographic lighting sources or your device settings.",https://nishatlinen.com/collections/women/products/42401903,"image_2_503_1.jpg, image_2_503_2.jpg, image_2_503_3.jpg"
Embroidered Shirt - PE24-01 - XS,"Rs. 5,640.00 Rs. 3,384.00","Look and feel your best by wearing this embroidered shirt from the latest pret summer collection. 
Product Detail
Embroidered Shirt
Shirt
Band Neckline With Placket & Slit, Adda Work Detail On Sleeves
Fabric: Jacquard
Color: Beige
Note:
Product color may vary slightly due to photographic lighting sources or monitor settings.",https://nishatlinen.com/products/pe24-01,"image_2_504_1.jpg, image_2_504_2.jpg, image_2_504_3.jpg"
1 Piece - Gold Printed Loose Fabric - 42403354 - Dupatta / 2.5 / 2.5,Rs. 810.00 Rs. 527.00,"For an extraordinary look with gold printed one-piece from the latest freedom to buy summer collection.
Product Detail:
Dotted Textures In Printed Form Dupatta
Dupatta
Dupatta: 2.5 Meter (RS 850/-Mtr)
Fabric: Voile
Color: Skin
Note:
Product color may slightly vary due to photographic lighting sources or your device settings.",https://nishatlinen.com/collections/women/products/42403354,"image_2_505_1.jpg, image_2_505_2.jpg, image_2_505_3.jpg"
3 Piece - Printed Loose Fabric - 42403250 - Dupatta / 2.5 / 2.5,Rs. 455.00 - Rs. 527.00,"Enchant hearts and captivate souls with this mesmerizing printed three-piece from the latest freedom to buy summer collection.
Product Detail:
Modern Printed Style Shirt with Dupatta and Trousers
SHIRT
Shirt: 3 Meter (RS 750/-Mtr)
Fabric: Lawn
Color: Yellow
DUPATTA
Dupatta: 2.5 Meter (RS 780/-Mtr)
Fabric: Voile
Color: Yellow
TROUSERS
Trousers: 2.5 Meter (RS 680/-Mtr)
Fabric: Cambric
Color: ﻿Yellow
Note:
Product color may slightly vary due to photographic lighting sources or your device settings.",https://nishatlinen.com/collections/women/products/42403250,"image_2_506_1.jpg, image_2_506_2.jpg, image_2_506_3.jpg"
3 Piece - Printed Loose Fabric - 42403261 - Shirt / 3 / 3,Rs. 455.00 - Rs. 527.00,"Unleash your creativity and create a unique style with this printed three-piece from the latest freedom to buy summer collection.
Product Detail:
Tarkashi Patterns In Printed Style Shirt with Dupatta and Trousers
SHIRT
Shirt: 3 Meter (RS 750/-Mtr)
Fabric: Lawn
Color: Red
DUPATTA
Dupatta: 2.5 Meter (RS 780/-Mtr)
Fabric: Voile
Color: Red
TROUSERS
Trousers: 2.5 Meter (RS 680/-Mtr)
Fabric: Cambric
Color: ﻿Red
Note:
Product color may slightly vary due to photographic lighting sources or your device settings.",https://nishatlinen.com/products/42403261,"image_2_507_1.jpg, image_2_507_2.jpg, image_2_507_3.jpg"
3 Piece - Printed Loose Fabric - 42403045 - Shirt / 3 / 3,Rs. 670.00 Rs. 436.00,"Look classy with this printed three-piece from the latest freedom to buy summer collection.
Product Detail:
Chunri Motifs With Textured Printed Style Dupatta with Shirt and Trousers
SHIRT
Shirt: 3 Meter (RS 730/-Mtr)
Fabric: Lawn
Color: Black
Note: Fabric used in shoot for trousers is shirt fabric
DUPATTA
Dupatta: 2.5 Meter (RS 750/-Mtr)
Fabric: Voile
Color: Black
Note: Fabric used in shoot for gown is dupatta fabric

TROUSERS
Trousers: 2.5 Meter (RS 690/-Mtr)
Fabric: Cambric
Color: Black
Note: Fabric used in shoot for shirt is trousers fabric
Note:
Product color may slightly vary due to photographic lighting sources or your device settings.",https://nishatlinen.com/collections/women/products/42403045,"image_2_508_1.jpg, image_2_508_2.jpg, image_2_508_3.jpg"
2 Piece - Printed Suit - PS24-304 - XS,"Rs. 4,510.00 Rs. 2,706.00","Enliven your style by wearing this printed two-piece suit from the latest pret summer collection.
Product Detail
Printed Shirt With Trousers
Shirt
Overlapped Neckline, Long Shirt
Fabric: Cambric
Color: Green
Trousers
Fabric: Cambric
Color: Green
Note:
Product color may vary slightly due to photographic lighting sources or monitor settings.",https://nishatlinen.com/products/ps24-304,"image_2_509_1.jpg, image_2_509_2.jpg, image_2_509_3.jpg"
Embroidered Shirt - PE24-331 - XS,"Rs. 4,300.00 Rs. 2,580.00","Look effortlessly chic and on-trend with this embroidered shirt from the latest pret summer collection.
Product Detail
Embroidered Shirt
Shirt
Round Neckline With Slit & Piping, Embroidered Front & Sleeves
Fabric: Cambric
Color: Clay
Note:
Product color may vary slightly due to photographic lighting sources or monitor settings.",https://nishatlinen.com/products/pe24-331,"image_2_510_1.jpg, image_2_510_2.jpg, image_2_510_3.jpg"
Printed Embroidered Shirt - PS24-148 - XS,"Rs. 4,610.00 Rs. 2,766.00","Add some glam to your summer wardrobe with this printed embroidered shirt from the latest pret summer collection. 
Product Detail
Printed Embroidered Shirt
Shirt
Band Neckline with Placket, Embroidered Neckline & Sleeves
Fabric: Lawn
Color: Yellow
Note:
Product color may vary slightly due to photographic lighting sources or monitor settings.",https://nishatlinen.com/collections/women/products/ps24-148,"image_2_511_1.jpg, image_2_511_2.jpg, image_2_511_3.jpg"
Printed Shirt - PS24-332 - XS,"Rs. 4,190.00 Rs. 2,514.00","Elevate your daily style with this printed shirt from the latest pret summer collection.
Product Detail
Printed Shirt
Shirt
Band Neckline With Placket & Tassels Detail, Side Panels With Gathers Detail, A-Line Shirt
Fabric: Lawn
Color: Cream
Note:
Product color may vary slightly due to photographic lighting sources or monitor settings.",https://nishatlinen.com/products/ps24-332,"image_2_512_1.jpg, image_2_512_2.jpg, image_2_512_3.jpg"
Embroidered Shirt - PS24-67 - XS,"Rs. 3,790.00 Rs. 2,274.00","Make your look impeccable with this contemporary embroidered shirt from the latest pret summer collection.
Product Detail
Embroidered Shirt
Shirt
Round Neckline with Slit & Piping, Top Stitching Detail on Sleeves, Embroidered Neckline
Fabric: Cambric
Color: Blue
Note:
Product color may vary slightly due to photographic lighting sources or monitor settings.",https://nishatlinen.com/collections/women/products/ps24-67,"image_2_513_1.jpg, image_2_513_2.jpg, image_2_513_3.jpg"
3 Piece - Printed Loose Fabric - 42403019 - Shirt / 3 / 3,Rs. 670.00 Rs. 436.00,"Indulge in sophistication as you drape yourself in this captivating printed three one-piece from the latest freedom to buy summer collection.
Product Detail:
Mughal Printed Style Shirt with Dupatta and Trousers
SHIRT
Shirt: 3 Meter (RS 730/-Mtr)
Fabric: Lawn
Color: Off White
DUPATTA
Dupatta: 2.5 Meter (RS 750/-Mtr)
Fabric: Voile
Color: Off White
TROUSERS
Trousers: 2.5 Meter (RS 650/-Mtr)
Fabric: Cambric
Color: ﻿Off White
Note:
Product color may slightly vary due to photographic lighting sources or your device settings.",https://nishatlinen.com/products/42403019,"image_2_514_1.jpg, image_2_514_2.jpg, image_2_514_3.jpg"
3 Piece - Embroidered Suit - 42402176,"Rs. 10,490.00 Rs. 8,392.00","Mesmerize in this trendy embroidered three-piece from the latest unstitched summer collection.
Product Detail:
Tie & Dye Style Shirt with Dupatta and Trousers
SHIRT
Solid Satin Shirt: 3 Meter
Embroidered Front + Border
Fabric: Satin
Color: Light Brown
DUPATTA
Printed Khadi Silk Dupatta: 2.23 Meter
Fabric: Khadi Silk
Color: Yellow
TROUSERS
Solid Satin Trousers: 2.5 Meter
Fabric: Satin
Color: Light Brown
Note:
Product color may slightly vary due to photographic lighting sources or your device settings.",https://nishatlinen.com/products/42402176,"image_2_515_1.jpg, image_2_515_2.jpg, image_2_515_3.jpg"
Printed Shirt - PS24-249 - XS,"Rs. 3,890.00 Rs. 2,334.00","Look and feel your best by wearing this printed shirt from the latest pret summer collection. 
Product Detail
Printed Shirt
Shirt
Band Neckline With Placket, Rollover Sleeves, Straight Shirt
Fabric: Lawn
Color: Beige
Note:
Product color may vary slightly due to photographic lighting sources or monitor settings.",https://nishatlinen.com/collections/women/products/ps24-249,"image_2_516_1.jpg, image_2_516_2.jpg, image_2_516_3.jpg"
3 Piece - Printed Suit - 42401481,"Rs. 6,150.00 Rs. 3,997.50","Make your day pleasingly memorable with this printed three-piece from the latest unstitched summer collection.
Product Detail:
Intricate Kashmiri Patterns Style Shirt with Dupatta and Trousers
SHIRT
Printed Super Fine Lawn Shirt: 3 Meter
1 Lace: 1.25 Meter
1 Lace: 2.5 Meter
Fabric: Lawn
Color: Green
DUPATTA
Digital Printed Crinkle Chiffon Dupatta: 2.5 Meter
Fabric: Crinkle Chiffon
Color: Green
TROUSERS
Printed Cambric Trousers: 2.5 Meter
Fabric: Cambric
Color: Green
Note:
Product color may slightly vary due to photographic lighting sources or your device settings.",https://nishatlinen.com/products/42401481,"image_2_517_1.jpg, image_2_517_2.jpg, image_2_517_3.jpg"
3 Piece - Printed Embroidered Suit - 42402026,"Rs. 9,490.00 Rs. 6,168.50","Get sober look by wearing this printed embroidered three-piece from the latest unstitched summer collection.
Product Detail:
Mughal Motifs & Textures In Printed Form Shirt with Dupatta and Trousers
SHIRT
Printed Super Fine Lawn Shirt: 3 Meter
Embroidered Neckline + Motifs
Fabric: Lawn
Color: Sea Green
DUPATTA
Printed Banarsi Brochia Dupatta: 2.5 Meter
Fabric: Banarsi Brochia
Color: Sea Green
TROUSERS
Solid Cambric Trousers: 2.5 Meter
Fabric: Cambric
Color: Sea Green
Note:
Product color may slightly vary due to photographic lighting sources or your device settings.",https://nishatlinen.com/products/42402026,"image_2_518_1.jpg, image_2_518_2.jpg, image_2_518_3.jpg"
2 Piece - Dyed Embroidered Suit - 42401265,"Rs. 5,640.00 Rs. 3,666.00","Get a fabulous eye-catching look by wearing this dyed embroidered two-piece from the latest unstitched summer collection.
Product Detail:
Shirt with Trousers
SHIRT
Dyed Cambric Shirt: 3 Meter
Embroidered Front + Border
Fabric: Cambric
Color: Off White
TROUSERS
Dyed Cambric Trousers: 2.5 Meter
Fabric: Cambric
Color: Off White
Note:
Product color may slightly vary due to photographic lighting sources or your device settings.",https://nishatlinen.com/collections/women/products/42401265,"image_2_519_1.jpg, image_2_519_2.jpg, image_2_519_3.jpg"
1 Piece - Printed Loose Fabric - 42403189 - Shirt / 3 / 3,Rs. 830.00 Rs. 540.00,"Elevate your daily style with this printed one-piece from the latest freedom to buy summer collection.
Product Detail:
Embellished Patterns Printed Style Shirt
SHIRT
Shirt: 3 Meter (RS 730/-Mtr)
Fabric: Lawn
Color: Skin

Note:
Product color may slightly vary due to photographic lighting sources or your device settings.",https://nishatlinen.com/products/42403189,"image_2_520_1.jpg, image_2_520_2.jpg, image_2_520_3.jpg"
Embroidered Shirt - PS24-20 - XS,"Rs. 3,590.00 Rs. 2,154.00","Ease your confusion for styling by wearing this embroidered shirt from the latest pret summer collection.
Product Detail
Embroidered Shirt
Shirt
Round Neckline with Placket, Top Stitching Detail at Sleeves & Placket, Embroidered Front Panels
Fabric: Cambric
Color: Carrot
Note:
Product color may vary slightly due to photographic lighting sources or monitor settings.",https://nishatlinen.com/collections/women/products/ps24-20,"image_2_521_1.jpg, image_2_521_2.jpg, image_2_521_3.jpg"
3 Piece - Gold & Silver Printed Embroidered Suit - 42401866,"Rs. 7,690.00 Rs. 4,998.50","Become the ultimate trendsetter with our gold & silver printed embroidered three-piece from the latest unstitched summer collection.
Product Detail:
Stripes Style Shirt with Dupatta and Trousers
SHIRT
Gold & Silver Paste Printed Super Fine Lawn Shirt: 3 Meter
Embroidered Neckline + Border
Fabric: Lawn
Color: Teal
DUPATTA
Gold & Silver Paste Printed Voile Dupatta: 2.5 Meter
Fabric: Voile
Color: Teal
TROUSERS
Solid Cambric Trousers: 2.5 Meter
Fabric: Cambric
Color: Teal
Note:
Product color may slightly vary due to photographic lighting sources or your device settings.",https://nishatlinen.com/collections/women/products/42401866,"image_2_522_1.jpg, image_2_522_2.jpg, image_2_522_3.jpg"
3 Piece - Printed Loose Fabric - 42403029 - Shirt / 3 / 3,Rs. 670.00 Rs. 436.00,"Strut in style with this printed three-piece from the latest freedom to buy summer collection.
Product Detail:
Ethnic Printed Style Shirt with Dupatta and Trousers
SHIRT
Shirt: 3 Meter (RS 730/-Mtr)
Fabric: Lawn
Color: Off White
DUPATTA
Dupatta: 2.5 Meter (RS 750/-Mtr)
Fabric: Voile
Color: Off White
TROUSERS
Trousers: 2.5 Meter (RS 690/-Mtr)
Fabric: Cambric
Color: ﻿Off White
Note:
Product color may slightly vary due to photographic lighting sources or your device settings.",https://nishatlinen.com/collections/women/products/42403029,"image_2_523_1.jpg, image_2_523_2.jpg, image_2_523_3.jpg"
3 Piece - Digital Printed Loose Fabric - 42403380 - Shirt / 3 / 3,Rs. 455.00 - Rs. 533.00,"Strut in style with this digital printed three-piece from the latest freedom to buy summer collection.
Product Detail
Floral & Laces Mix Printed Style Shirt with Dupatta and Trousers 
SHIRT
Shirt: 3 Meter (RS 800/-Mtr) 
Fabric: Lawn
Color: Multi
DUPATTA
Dupatta: 2.5 Meter (RS 820/-Mtr) 
Fabric: Voile
Color: Multi
TROUSERS
Trousers: 2.5 Meter (RS 700/-Mtr) 
Fabric: Cambric
Color: Grey
Note:
Product color may slightly vary due to photographic lighting sources or your device settings.",https://nishatlinen.com/collections/women/products/42403380,"image_2_524_1.jpg, image_2_524_2.jpg, image_2_524_3.jpg"
3 Piece - Gold Printed Embroidered Suit - 42401392,"Rs. 7,690.00 Rs. 4,998.50","Add a sophisticated note to any style with this gold printed embroidered three-piece from the latest unstitched summer collection.
Product Detail:
Embellished Style Shirt with Dupatta and Trousers
SHIRT
Gold Printed Super Fine Lawn Shirt: 3 Meter
Embroidered Motifs
Fabric: Lawn
Color: Purple
DUPATTA
Digital Printed Maysuri Dupatta: 2.5 Meter
Fabric: Maysuri
Color: Purple
TROUSERS
Dyed Cambric Trousers: 2.5 Meter
Fabric: Cambric
Color: Purple
Note:
Product color may slightly vary due to photographic lighting sources or your device settings.",https://nishatlinen.com/collections/women/products/42401392,"image_2_525_1.jpg, image_2_525_2.jpg, image_2_525_3.jpg"
2 Piece - Dyed Embroidered Suit - 42401732,"Rs. 5,640.00 Rs. 3,666.00","Improve your style by buying this dyed embroidered two-piece from the latest unstitched summer collection.
Product Detail:
Shirt with Trousers
SHIRT
Solid Cambric Shirt: 3 Meter
Embroidered Front + Border
Fabric: Cambric
Color: Black
TROUSERS
Solid Cambric Trousers: 2.5 Meter
Fabric: Cambric
Color: Black
Note:
Product color may slightly vary due to photographic lighting sources or your device settings.",https://nishatlinen.com/collections/women/products/42401732,"image_2_526_1.jpg, image_2_526_2.jpg, image_2_526_3.jpg"
3 Piece - Printed Suit - 42401937,"Rs. 7,180.00 Rs. 4,667.00","Get a stunning & fabulous blend of eye-catching by wearing this printed three-piece from the latest unstitched summer collection.
Product Detail:
Block Printed Patterns Style Shirt with Dupatta and Trousers
SHIRT
Printed Zari Lawn Shirt: 3 Meter
Fabric: Zari Lawn
Color: Beige
DUPATTA
Digital Printed Zari Lawn Dupatta: 2.5 Meter
Fabric: Zari Lawn
Color: Beige
TROUSERS
Printed Cambric Trousers: 2.5 Meter
Fabric: Cambric
Color: Beige
Note:
Product color may slightly vary due to photographic lighting sources or your device settings.",https://nishatlinen.com/collections/women/products/42401937,"image_2_527_1.jpg, image_2_527_2.jpg, image_2_527_3.jpg"
Printed Shirt - PS24-134 - XS,"Rs. 4,100.00 Rs. 2,460.00","For timeless elegance, try this printed shirt from the latest pret summer collection. 
Product Detail
Printed Shirt
Shirt
Band Neckline with Slit & Adda Work Detail on Placket
Fabric: Lawn
Color: Skin
Note:
Product color may vary slightly due to photographic lighting sources or monitor settings.",https://nishatlinen.com/collections/women/products/ps24-134,"image_2_528_1.jpg, image_2_528_2.jpg, image_2_528_3.jpg"
2 Piece - Printed Suit - 42401724,"Rs. 3,070.00 Rs. 1,995.50","For a classy look adorn printed two-piece from the latest unstitched summer collection.
Product Detail:
Ethnic Floral Mix Prints Style Shirt with Dupatta
SHIRT
Printed Super Fine Lawn Shirt: 3 Meter
Fabric: Lawn
Color: White
DUPATTA
Printed Voile Dupatta: 2.5 Meter
Fabric: Voile
Color: White
Note:
Product color may slightly vary due to photographic lighting sources or your device settings.",https://nishatlinen.com/collections/women/products/42401724,"image_2_529_1.jpg, image_2_529_2.jpg, image_2_529_3.jpg"
Basic Shalwar - PS24-349 - XS,"Rs. 3,090.00 Rs. 1,854.00","Look and feel your best by wearing this basic shalwar from the latest pret summer collection. 
Product Detail
Basic Shalwar
Shalwar
Pintucks & Lace Detail on Hem
Fabric: Cambric
Color: White
Note:
Product color may vary slightly due to photographic lighting sources or monitor settings.",https://nishatlinen.com/collections/women/products/ps24-349,"image_2_530_1.jpg, image_2_530_2.jpg, image_2_530_3.jpg"
2 Piece - Printed Embroidered Suit - 42401716,"Rs. 5,640.00 Rs. 3,666.00","Dress up like a queen with this printed embroidered two-piece from the latest unstitched summer collection.
Product Detail:
Stamp Motifs With Textured Borders Style Shirt with Dupatta
SHIRT
Printed Super Fine Lawn Shirt: 3 Meter
Embroidered Neckline + Border
Fabric: Lawn
Color: Black
DUPATTA
Digital Printed Zari Chiffon Dupatta: 2.5 Meter
Fabric: Chiffon
Color: Black & Red
Note:
Product color may slightly vary due to photographic lighting sources or your device settings.",https://nishatlinen.com/products/42401716,"image_2_531_1.jpg, image_2_531_2.jpg, image_2_531_3.jpg"
3 Piece - Gold Printed Suit - 42401388,"Rs. 6,660.00 Rs. 4,329.00","Step into a world of ethereal beauty with this gold printed three-piece from the latest unstitched summer collection.
Product Detail:
Mughal Printed Style Style Shirt with Dupatta and Trousers
SHIRT
Gold Printed Super Fine Lawn Shirt: 3 Meter
Fabric: Lawn
Color: Burnt Orange
DUPATTA
Digital Printed Maysuri Dupatta: 2.5 Meter
Fabric: Maysuri
Color: Burnt Orange
TROUSERS
Dyed Cambric Trousers: 2.5 Meter
Fabric: Cambric
Color: Burnt Orange
Note:
Product color may slightly vary due to photographic lighting sources or your device settings.",https://nishatlinen.com/products/42401388,"image_2_532_1.jpg, image_2_532_2.jpg, image_2_532_3.jpg"
1 Piece - Digital Printed Loose Fabric - 42403386 - Shirt / 3 / 3,Rs. 830.00 Rs. 540.00,"Indulge in the magnificence of this digital printed one-piece from the latest freedom to buy summer collection.
Product Detail:
Mughal Motifs Printed Style Shirt 
SHIRT
Shirt: 3 Meter (RS 830/-Mtr)
Fabric: Dobby Lawn
Color: Off White

Note:
Product color may slightly vary due to photographic lighting sources or your device settings.",https://nishatlinen.com/products/42403386,"image_2_533_1.jpg, image_2_533_2.jpg, image_2_533_3.jpg"
3 Piece - Jacquard Suit - 42402122,"Rs. 9,990.00 Rs. 7,992.00","Revitalize your style with this jacquard three-piece from the latest unstitched summer collection.
Product Detail:
Mughal Block Print Style Shirt with Dupatta and Trousers
SHIRT
Jacquard Shirt: 3 Meter
1 Lace: 1.25 Meter
1 Lace: 2.5 Meter
Fabric: Jacquard
Color: Burgundy
DUPATTA
Digital Printed Crinkle Chiffon Dupatta: 2.5 Meter
Fabric: Crinkle Chiffon
Color: Burgundy
TROUSERS
Jacquard Trousers: 2.5 Meter
Fabric: Jacquard
Color: Burgundy
Note:
Product color may slightly vary due to photographic lighting sources or your device settings.",https://nishatlinen.com/collections/women/products/42402122,"image_2_534_1.jpg, image_2_534_2.jpg, image_2_534_3.jpg"
2 Piece - Dyed Embroidered Suit - 42401262,"Rs. 5,640.00 Rs. 3,666.00","Get ready & refresh your summer look with this dyed embroidered two-piece from the latest unstitched summer collection.
Product Detail:
Shirt with Trousers
SHIRT
Dyed Cambric Shirt: 3 Meter
Embroidered Front + Motifs + Border
Fabric: Cambric
Color: Light Indigo
TROUSERS
Dyed Cambric Trousers: 2.5 Meter
Fabric: Cambric
Color: Light Indigo
Note:
Product color may slightly vary due to photographic lighting sources or your device settings.",https://nishatlinen.com/collections/women/products/42401262,"image_2_535_1.jpg, image_2_535_2.jpg, image_2_535_3.jpg"
Embroidered Shirt - PE24-122 - XS,"Rs. 4,300.00 Rs. 2,580.00","Create an inspiring look by wearing this embroidered shirt from the latest pret summer collection.
Product Detail
Embroidered Shirt
Shirt
Round Neckline With Piping, Slit & Adda Detail, Embroidered Neckline, Lace Detail On Sleeves Edges
Fabric: Cambric
Color: Maroon
Note:
Product color may vary slightly due to photographic lighting sources or monitor settings.",https://nishatlinen.com/products/pe24-122,"image_2_536_1.jpg, image_2_536_2.jpg, image_2_536_3.jpg"
3 Piece - Embroidered Suit - 42402183,"Rs. 10,490.00 Rs. 8,392.00","For a fashionable statement adorn this embroidered three-piece from the latest unstitched summer collection.
Product Detail:
Chevron Style Shirt with Dupatta and Trousers
SHIRT
Solid Satin Shirt: 3 Meter
Embroidered Front + 2 Borders
Fabric: Satin
Color: Red
DUPATTA
Printed Khadi Silk Dupatta: 2.23 Meter
Fabric: Khadi Silk
Color: Red & Off White
TROUSERS
Solid Satin Trousers: 2.5 Meter
Fabric: Satin
Color: Red

Note:
Product color may slightly vary due to photographic lighting sources or your device settings.",https://nishatlinen.com/products/42402183,"image_2_537_1.jpg, image_2_537_2.jpg, image_2_537_3.jpg"
3 Piece - Printed Loose Fabric - 42403246 - Shirt / 3 / 3,Rs. 455.00 - Rs. 527.00,"Turn every moment into a cherished memory with our elegantly printed three-piece from the latest freedom to buy summer collection.
Product Detail:
Geometric Patterns With Floral Silhouettes Printed Shirt with Dupatta and Trousers
SHIRT
Shirt: 3 Meter (RS 750/-Mtr)
Fabric: Lawn
Color: Orange
DUPATTA
Dupatta: 2.5 Meter (RS 780/-Mtr)
Fabric: Voile
Color: Orange
TROUSERS
Trousers: 2.5 Meter (RS 680/-Mtr)
Fabric: Cambric
Color: Light Blue
Note:
Product color may slightly vary due to photographic lighting sources or your device settings.",https://nishatlinen.com/collections/women/products/42403246,"image_2_538_1.jpg, image_2_538_2.jpg, image_2_538_3.jpg"
3 Piece - Printed Embroidered Suit - PE24-383 - XS,"Rs. 11,280.00 Rs. 6,768.00","Radiate positivity and vibrancy in this printed embroidered three-piece suit from the latest pret summer collection.
Product Detail
Printed Embroidered Shirt With Dupatta & Shalwar
Shirt
Round Neckline With Embellishment, Pearls & Loops Detail On Sleeves Edges
Fabric: Lawn
Color: Indigo
Dupatta
Printed Dupatta
Fabric: Sequence
Color: Indigo
Shalwar
Embroidered Hem
Fabric: Cambric
Color: Indigo
Note:
Product color may vary slightly due to photographic lighting sources or monitor settings.",https://nishatlinen.com/products/pe24-383,"image_2_539_1.jpg, image_2_539_2.jpg, image_2_539_3.jpg"
Printed Shirt - AS24-51 - XS,"Rs. 3,700.00 Rs. 2,220.00","Indulge in a world of sheer enchantment with this printed shirt from the latest pret summer collection.

Product Detail
Printed Shirt
Shirt
Collar Neckline With Slit, Stylized Sleeves
Fabric: Lawn
Color: Multi
Note:
Product color may vary slightly due to photographic lighting sources or monitor settings.",https://nishatlinen.com/products/as24-51,"image_2_540_1.jpg, image_2_540_2.jpg, image_2_540_3.jpg"
2 Piece - Embroidered Suit - FS24-65 - XS / S,"Rs. 10,890.00 Rs. 6,534.00","Add a flash of color to your wardrobe with this embroidered two-piece suit from the latest pret summer collection.
Product Detail:
Embroidered Top With Trousers
Top
Band Neckline With Crystals & Adda Detailing, Embroidered Front Hem, Adda Detailing On Straight Sleeves Opening, Short Length Top
Fabric: Yarn Dyed
Color: Grey
Trousers
Loose Cut Trousers
Fabric: Yarn Dyed
Color: Grey
Note:
Product color may vary slightly due to photographic lighting sources or monitor settings.",https://nishatlinen.com/collections/women/products/fs24-65,"image_2_541_1.jpg, image_2_541_2.jpg, image_2_541_3.jpg"
2 Piece - Fancy Embroidered Suit - 42401290,"Rs. 6,150.00 Rs. 3,997.50","Keep your look classy with this fancy embroidered two-piece from the latest unstitched summer collection. 
Product Detail:
Shirt with Dupatta 
SHIRT
Dyed Super Fine Lawn Shirt: 3 Meter
Embroidered Front + Motifs
Fabric: Lawn
Color: Light Pink
DUPATTA
Sequin Dupatta: 2.5 Meter
Fabric: Sequin
Color: ﻿Light Pink
Note:
Product color may slightly vary due to photographic lighting sources or your device settings.",https://nishatlinen.com/collections/women/products/42401290,"image_2_542_1.jpg, image_2_542_2.jpg, image_2_542_3.jpg"
Embroidered Shirt - PS24-88 - XS,"Rs. 4,190.00 Rs. 2,514.00","Elevate your look with this embroidered shirt from the latest pret summer collection.
Product Detail
Embroidered Shirt
Shirt
Round Neckline With Slit, Yoke Detail, Embroidered Neckline & Sleeves
Fabric: Cambric
Color: Yellow
Note:
Product color may vary slightly due to photographic lighting sources or monitor settings.",https://nishatlinen.com/collections/women/products/ps24-88,"image_2_543_1.jpg, image_2_543_2.jpg, image_2_543_3.jpg"
3 Piece - Printed Suit - 42401808,"Rs. 6,660.00 Rs. 4,329.00","Look stylish with our daily wear printed three-piece from the latest unstitched summer collection.
Product Detail:
Textures Printed Style Shirt with Dupatta and Trousers
SHIRT
Printed Super Fine Lawn Shirt: 3 Meter
Fabric: Lawn
Color: Blue
DUPATTA
Digital Printed Crinkle Chiffon Dupatta: 2.5 Meter
Fabric: Crinkle Chiffon
Color: Blue
TROUSERS
Printed Cambric Trousers: 2.5 Meter
Fabric: Cambric
Color: Off White
Note:
Product color may slightly vary due to photographic lighting sources or your device settings.",https://nishatlinen.com/products/42401808,"image_2_544_1.jpg, image_2_544_2.jpg, image_2_544_3.jpg"
3 Piece - Printed Embroidered Suit - 42402129,"Rs. 10,490.00 Rs. 8,392.00","Get ready to refresh your look with our printed embroidered three-piece from the latest unstitched summer collection.
Product Detail:
Floral Style Shirt with Dupatta and Trousers
SHIRT
Printed Cambric Shirt: 3 Meter
Embroidered Front + Sleeves + Border
Fabric: Cambric
Color: Teal
DUPATTA
Printed Fancy Brochia Dupatta: 2.5 Meter
Fabric: Brochia
Color: Teal
TROUSERS
Solid Cambric Trousers: 2.5 Meter
Fabric: Cambric
Color: Teal
Note:
Product color may slightly vary due to photographic lighting sources or your device settings.",https://nishatlinen.com/products/42402129,"image_2_545_1.jpg, image_2_545_2.jpg, image_2_545_3.jpg"
2 Piece - Printed Embroidered Suit - 42401709,"Rs. 5,640.00 Rs. 3,666.00","Enhance your style with this printed embroidered two-piece from the latest unstitched summer collection.
Product Detail:
Abstract Prints Style Shirt with Dupatta
SHIRT
Printed Super Fine Lawn Shirt: 3 Meter
Embroidered Border
Fabric: Lawn
Color: Green
DUPATTA
Digital Printed Zari Chiffon Dupatta: 2.5 Meter
Fabric: Chiffon
Color: Green
Note:
Product color may slightly vary due to photographic lighting sources or your device settings.",https://nishatlinen.com/products/42401709,"image_2_546_1.jpg, image_2_546_2.jpg, image_2_546_3.jpg"
Printed Dress - FS24-26 - XS,"Rs. 8,200.00 Rs. 4,920.00","For a polished and sophisticated look, opt for this printed dress from the latest summer collection. 
Product Detail
Printed Dress
Dress
V Neckline With Gusset, Pocket At Both Sides, Dropped Corner Dress
Fabric: Silk
Color: Blue
Note:
Product color may vary slightly due to photographic lighting sources or monitor settings.",https://nishatlinen.com/products/fs24-26,"image_2_547_1.jpg, image_2_547_2.jpg, image_2_547_3.jpg"
3 Piece - Gold Printed Suit - 42401387,"Rs. 6,660.00 Rs. 4,329.00","Look effortlessly chic and on-trend with this gold printed three-piece from the latest unstitched summer collection.
Product Detail:
Mughal Printed Style Shirt with Dupatta and Trousers
SHIRT
Gold Printed Super Fine Lawn Shirt: 3 Meter
Fabric: Lawn
Color: Brown
DUPATTA
Digital Printed Maysuri Dupatta: 2.5 Meter
Fabric: Maysuri
Color: Brown
TROUSERS
Dyed Cambric Trousers: 2.5 Meter
Fabric: Cambric
Color: Brown
Note:
Product color may slightly vary due to photographic lighting sources or your device settings.",https://nishatlinen.com/collections/women/products/42401387,"image_2_548_1.jpg, image_2_548_2.jpg, image_2_548_3.jpg"
Slip - PW24-98 - XS,"Rs. 1,250.00 Rs. 1,000.00","Add comfort and a soft and smooth feel to your daily wear with this slip from the latest winter collection.   
Product Detail
Basic Slip
Slip
Round Neckline Slip
Fabric: Voile
Color: Off White
Note:
Product color may slightly vary due to photographic lighting sources or your monitor settings.",https://nishatlinen.com/collections/women/products/pw24-98,image_2_549_1.jpg
2 Piece - Printed Suit - 42401584,"Rs. 3,590.00 Rs. 2,333.50","Become the ultimate trendsetter with our printed two-piece from the latest unstitched summer collection.
Product Detail:
Block Printed Style Shirt with Dupatta
SHIRT
Printed Super Fine Lawn Shirt: 3 Meter
Fabric: Lawn
Color: Black
DUPATTA
Digital Printed Muzlin Dupatta: 2.5 Meter
Fabric: Muzlin
Color: ﻿Black
Note:
Product color may slightly vary due to photographic lighting sources or your device settings.",https://nishatlinen.com/products/42401584,"image_2_550_1.jpg, image_2_550_2.jpg, image_2_550_3.jpg"
Embroidered Trousers - PS24-156 - XS,"Rs. 2,560.00 Rs. 1,536.00","Upgrade your wardrobe with this embroidered trousers from the latest pret summer collection. 
Product Detail
Embroidered Trousers
Trousers
Straight Trousers With Embroidered Hem
Fabric: Cambric
Color: Beige
Note:
Product color may vary slightly due to photographic lighting sources or monitor settings.",https://nishatlinen.com/collections/women/products/ps24-156,"image_2_551_1.jpg, image_2_551_2.jpg, image_2_551_3.jpg"
2 Piece - Dyed Embroidered Suit - 42401057,"Rs. 5,640.00 Rs. 3,666.00","Elevate your fashion style with dyed embroidered two-piece from the latest unstitched summer collection.
Product Detail:
Shirt with Trousers
SHIRT
Embroidered Cambric Front:1.15 Meter
Dyed Cambric Back & Sleeves:1.85 Meter
Fabric: Cambric
Color: Orange
TROUSERS
Dyed Cambric Trousers: 2.5 Meter
Fabric: Cambric
Color: ﻿Orange
Note:
Product color may slightly vary due to photographic lighting sources or your device settings.",https://nishatlinen.com/collections/women/products/42401057,"image_2_552_1.jpg, image_2_552_2.jpg, image_2_552_3.jpg"
3 Piece - Digital Printed Embroidered Suit - 42401455,"Rs. 8,720.00 Rs. 5,668.00","Embrace your style and sophistication by wearing this digital printed embroidered three-piece from the latest unstitched summer collection.
Product Detail:
Textures & Flowers Printed Style Shirt with Dupatta and Trousers
SHIRT
Digital Printed Super Fine Grid Lawn Shirt: 3 Meter
Embroidered Motifs + Border
Fabric: Lawn
Color: Light Yellow
DUPATTA
Digital Printed Grid Lawn Dupatta: 2.5 Meter
Fabric: Lawn
Color: Light Yellow
TROUSERS
Dyed Cambric Trousers: 2.5 Meter
Fabric: Cambric
Color: Light Yellow
Note:
Product color may slightly vary due to photographic lighting sources or your device settings.",https://nishatlinen.com/products/42401455,"image_2_553_1.jpg, image_2_553_2.jpg, image_2_553_3.jpg"
3 Piece - Printed Loose Fabric - 42403033 - Shirt / 3 / 3,Rs. 670.00 Rs. 436.00,"Look radiant with this printed three-piece from the latest freedom to buy summer collection.
Product Detail:
Geometric Printed Style Shirt with Dupatta and Trousers
SHIRT
Shirt: 3 Meter (RS 730/-Mtr)
Fabric: Lawn
Color: Rust
DUPATTA
Dupatta: 2.5 Meter (RS 750/-Mtr)
Fabric: Voile
Color: Rust
TROUSERS
Trousers: 2.5 Meter (RS 650/-Mtr)
Fabric: Cambric
Color: ﻿Rust
Note:
Product color may slightly vary due to photographic lighting sources or your device settings.",https://nishatlinen.com/products/42403033,"image_2_554_1.jpg, image_2_554_2.jpg, image_2_554_3.jpg"
3 Piece - Printed Suit - 42401214,"Rs. 7,690.00 Rs. 4,998.50","Experience the sublime beauty of nature with this printed three-piece from the latest unstitched summer collection.
Product Detail:
Decorative Printed Style Shirt with Dupatta and Trousers
SHIRT
Printed Super Fine Lawn Shirt: 3 Meter
Fabric: Lawn
Color: Blue
DUPATTA
Yarn Dyed Dupatta: 2.5 Meter
Fabric: Yarn Dyed
Color: Blue
TROUSERS
Printed Cambric Trousers: 2.5 Meter
Fabric: Cambric
Color: ﻿Blue
Note:
Product color may slightly vary due to photographic lighting sources or your device settings.",https://nishatlinen.com/products/42401214,"image_2_555_1.jpg, image_2_555_2.jpg, image_2_555_3.jpg"
1 Piece - Dyed Loose Fabric - 42402003-2 - Trouser / 2.5 / 2.5,Rs. 670.00 Rs. 436.00,"Look classy with this dyed one-piece from the latest freedom to buy summer collection.
Product Detail:
Trousers
TROUSERS
Trousers: 2.5 Meter (RS 650/-Mtr)
Fabric: Cambric
Color: ﻿Steel Grey
Note:
Product color may slightly vary due to photographic lighting sources or your device settings.",https://nishatlinen.com/collections/women/products/42402003-2,"image_2_556_1.jpg, image_2_556_2.jpg, image_2_556_3.jpg"
Embroidered Shirt - PE24-108 - XS,"Rs. 4,820.00 Rs. 2,892.00","Add glamour to your look instantly with this embroidered shirt from the latest pret summer collection. 
Product Detail
Embroidered Shirt
Shirt
Band Neckline With Placket, Embroidered Sleeves
Fabric: Cambric
Color: Black & White
Note:
Product color may vary slightly due to photographic lighting sources or monitor settings.",https://nishatlinen.com/products/pe24-108,"image_2_557_1.jpg, image_2_557_2.jpg, image_2_557_3.jpg"
2 Piece - Basic Suit - FS24-58 - XS,"Rs. 8,790.00 Rs. 5,274.00","Exemplify your style in this basic two-piece suit from the latest pret summer collection.
Product Detail
Basic Top With Trousers
Top
Collar Neckline, Short Sleeves, Lace Insertion On Hem, Frill Around Collar & Hem, Button Down Flared Top
Fabric: Jacquard
Color: Beige
Trousers
Loose Cut Printed Trousers
Fabric: Jacquard
Color: Beige
Note:
Product color may vary slightly due to photographic lighting sources or monitor settings.",https://nishatlinen.com/collections/women/products/fs24-58,"image_2_558_1.jpg, image_2_558_2.jpg, image_2_558_3.jpg"
3 Piece - Digital Printed Embroidered Suit - 42401786,"Rs. 8,200.00 Rs. 5,330.00","Bright up your life to remember this brilliantly digital printed embroidered three-piece from the latest unstitched summer collection.
Product Detail:
Decorative Print Style Shirt with Dupatta and Trousers
SHIRT
Digital Printed Super Fine Lawn Shirt: 3 Meter
Embroidered Neckline + Motifs + Border
Fabric: Lawn
Color: Light Pink
DUPATTA
Digital Printed Silk Dupatta: 2.5 Meter
Fabric: Silk
Color: Light Pink
TROUSERS
Solid Cambric Trousers: 2.5 Meter
Fabric: Cambric
Color: Light Pink
Note:
Product color may slightly vary due to photographic lighting sources or your device settings.",https://nishatlinen.com/products/42401786,"image_2_559_1.jpg, image_2_559_2.jpg, image_2_559_3.jpg"
2 Piece - Embroidered Loose Fabric - 42402007 - Shirt Front + Sleeves / 2 / 2,"Rs. 436.00 - Rs. 1,261.00","Strut in style with this embroidered two-piece from the latest freedom to buy summer collection.
Product Detail:
Shirt & Trousers 
Measurements: 
Shirt Front + Sleeves: 2 Meter (RS 1890/-Mtr)
Trousers: 3.75 Meter (RS 650/-Mtr)
Fabric: Cambric
Color: Off White
Note:
Product color may slightly vary due to photographic lighting sources or your device settings.",https://nishatlinen.com/products/42402007,"image_2_560_1.jpg, image_2_560_2.jpg, image_2_560_3.jpg"
Printed Shirt - PE24-216 - XS,"Rs. 4,100.00 Rs. 2,460.00","Look absolutely stunning by wearing this printed shirt from the latest pret summer collection.
Product Detail
Printed Shirt
Shirt
Collar Neckline With Placket, Button Down Shirt
Fabric: Beige
Color: Lawn
Note:
Product color may vary slightly due to photographic lighting sources or monitor settings.",https://nishatlinen.com/collections/women/products/pe24-216,"image_2_561_1.jpg, image_2_561_2.jpg, image_2_561_3.jpg"
3 Piece - Printed Embroidered Suit - 42401563,"Rs. 8,720.00 Rs. 5,668.00","Style your casual outfit for a contemporary, modern look with this digital printed embroidered three-piece from the latest unstitched summer collection.
Product Detail:
Dori Embroidery Motifs Style Shirt with Dupatta and Trousers
SHIRT
Digital Printed Zari Lawn Shirt: 3 Meter
Embroidered Neckline + 4 Motifs + Border
Fabric: Lawn
Color: Off White
DUPATTA
Digital Printed Zari Lawn Dupatta: 2.5 Meter
Fabric: Lawn
Color: Off White
TROUSERS
Dyed Cambric Trousers: 2.5 Meter
Fabric: Cambric
Color: Off White
Note:
Product color may slightly vary due to photographic lighting sources or your device settings.",https://nishatlinen.com/collections/women/products/42401563,"image_2_562_1.jpg, image_2_562_2.jpg, image_2_562_3.jpg"
2 Piece - Printed Suit - 42401776,"Rs. 4,610.00 Rs. 2,996.50","Make your day marvelous by wearing this printed two-piece from the latest unstitched summer collection.
Product Detail:
Watercolor Textures With Stencil Style Patterns Shirt with Dupatta
SHIRT
Printed Super Fine Lawn Shirt: 3 Meter
Fabric: Lawn
Color: Pink
DUPATTA
Digital Printed Crinkle Chiffon Dupatta: 2.5 Meter
Fabric: Crinkle Chiffon
Color: Multi
Note:
Product color may slightly vary due to photographic lighting sources or your device settings.",https://nishatlinen.com/products/42401776,"image_2_563_1.jpg, image_2_563_2.jpg, image_2_563_3.jpg"
3 Piece - Printed Suit - 42402018,"Rs. 5,130.00 Rs. 3,334.50","Build your core wardrobe with this printed three-piece from the latest unstitched summer collection.
Product Detail:
Ethnic Printed Style Shirt with Dupatta and Trousers
SHIRT
Printed Super Fine Lawn Shirt: 3 Meter
Fabric: Lawn
Color: Black
DUPATTA
Digital Printed Crinkle Chiffon Dupatta: 2.5 Meter
Fabric: Crinkle Chiffon
Color: Black & White
TROUSERS
Solid Cambric Trousers: 2.5 Meter
Fabric: Cambric
Color: Black
Note:
Product color may slightly vary due to photographic lighting sources or your device settings.",https://nishatlinen.com/collections/women/products/42402018,"image_2_564_1.jpg, image_2_564_2.jpg, image_2_564_3.jpg"
Printed Tunic - PS24-352 - XS,"Rs. 3,480.00 Rs. 2,088.00","Bring a little change to your everyday look with this printed tunic from the latest pret summer collection.
Product Detail
Printed Tunic
Tunic
Round Band Neckline With Placket & Buttons Detail, Round Flared Hem, Cuffed Sleeves, Printed Tunic
Fabric: Cambric
Color: Black
Note:
Product color may vary slightly due to photographic lighting sources or monitor settings.",https://nishatlinen.com/collections/women/products/ps24-352,"image_2_565_1.jpg, image_2_565_2.jpg, image_2_565_3.jpg"
3 piece - Dyed Embroidered Suit - 42401335,"Rs. 12,820.00 Rs. 8,333.00","Look fresh & elegant by wearing this dyed embroidered three-piece from the latest unstitched summer collection.
Product Detail:
Shirt with Dupatta and Trousers
SHIRT
Dyed Embroidered Swiss Lawn Center Panel
Dyed Embroidered Swiss Lawn Right + Left Panel
Dyed Swiss Lawn Back + Sleeves
2 Embroidered Organza Sleeves Motifs 
Embroidered Organza Border + Neckline 
Fabric: Swiss Lawn
Color: Light Pink
DUPATTA
Dyed Embroidered Swiss Voile Dupatta
Fabric: Swiss Voile
Color: Light Pink
TROUSERS
Dyed Cambric Trousers: 2.5 Meter
Fabric: Cambric
Color: Light Pink
Note:
Product color may slightly vary due to photographic lighting sources or your device settings.",https://nishatlinen.com/products/42401335,"image_2_566_1.jpg, image_2_566_2.jpg, image_2_566_3.jpg"
2 Piece - Printed Embroidered Suit - 42401568,"Rs. 5,130.00 Rs. 3,334.50","Catch a versatile look by wearing this printed embroidered two-piece from the latest unstitched summer collection.
Product Detail:
Paisley Patterns With Color Strokes Prints Style Shirt with Dupatta
SHIRT
Printed Super Fine Lawn Shirt: 3 Meter
Embroidered Motifs + Border
Fabric: Lawn
Color: Off White
DUPATTA
Digital Printed Muzlin Dupatta: 2.5 Meter
Fabric: Muzlin
Color: ﻿Off White
Note:
Product color may slightly vary due to photographic lighting sources or your device settings.",https://nishatlinen.com/collections/women/products/42401568,"image_2_567_1.jpg, image_2_567_2.jpg, image_2_567_3.jpg"
3 Piece - Printed Loose Fabric - 42403154 - Shirt / 3 / 3,Rs. 830.00 Rs. 540.00,"Immerse yourself in a world of effortless glamour with this printed three-piece from the latest freedom to buy summer collection.
Product Detail:
Block Printed Style Shirt with Dupatta and Trousers
SHIRT
Shirt: 3 Meter (RS 730/-Mtr)
Fabric: Lawn
Color: Black
DUPATTA
Dupatta: 2.5 Meter (RS 750/-Mtr)
Fabric: Voile
Color: Black
TROUSERS
Trousers: 2.5 Meter (RS 650/-Mtr)
Fabric: Cambric
Color: Black
Note:
Product color may slightly vary due to photographic lighting sources or your device settings.",https://nishatlinen.com/products/42403154,"image_2_568_1.jpg, image_2_568_2.jpg, image_2_568_3.jpg"
3 Piece - Digital Printed Loose Fabric - 42403149 - Shirt / 3 / 3,Rs. 830.00 Rs. 540.00,"Mesmerize in this trendy digital printed three-piece from the latest freedom to buy summer collection.
Product Detail:
Shirt with Dupatta and Trousers
SHIRT
Shirt: 3 Meter (RS 750/-Mtr)
Fabric: Lawn
Color: Maroon
DUPATTA
Dupatta: 2.5 Meter (RS 780/-Mtr)
Fabric: Voile
Color: Maroon
TROUSERS
Trousers: 2.5 Meter (RS 650/-Mtr)
Fabric: Cambric
Color: Maroon
Note:
Product color may slightly vary due to photographic lighting sources or your device settings.",https://nishatlinen.com/products/42403149,"image_2_569_1.jpg, image_2_569_2.jpg, image_2_569_3.jpg"
2 Piece - Dyed Embroidered Suit - 42401059,"Rs. 5,640.00 Rs. 3,666.00","Elevate your style with our dyed embroidered two-piece from the latest unstitched summer collection.
Product Detail:
Shirt with Trousers
SHIRT
Embroidered Cambric Front:1.15 Meter
Dyed Cambric Back & Sleeves:1.85 Meter
Fabric: Cambric
Color: Red
TROUSERS
Dyed Cambric Trousers: 2.5 Meter
Fabric: Cambric
Color: ﻿Red
Note:
Product color may slightly vary due to photographic lighting sources or your device settings.",https://nishatlinen.com/products/42401059,"image_2_570_1.jpg, image_2_570_2.jpg, image_2_570_3.jpg"
3 Piece - Printed Embroidered Suit - 42401640,"Rs. 9,740.00 Rs. 6,331.00","For a fashionable statement adorn this printed embroidered three-piece from the latest unstitched summer collection.
Product Detail:
Block Prints Style Shirt with Dupatta and Trousers
SHIRT
Solid Cambric Shirt: 3 Meter
Embroidered Front + Border
Fabric: Cambric
Color: Off White
DUPATTA
Digital Printed Brochia Dupatta: 2.5 Meter
Fabric: Brochia
Color: Off White
TROUSERS
Printed Cambric Trousers: 2.5 Meter
Fabric: Cambric
Color: ﻿Off White
Note:
Product color may slightly vary due to photographic lighting sources or your device settings.",https://nishatlinen.com/collections/women/products/42401640,"image_2_571_1.jpg, image_2_571_2.jpg, image_2_571_3.jpg"
2 Piece - Dyed Embroidered Suit - 42401955,"Rs. 5,640.00 Rs. 3,666.00","Add more substance to your personality by wearing this dyed embroidered two-piece from the latest unstitched summer collection.
Product Detail:
Style Shirt with Trousers
SHIRT
Solid Cambric Shirt: 3 Meter
Embroidered Front + Sleeves + Border
Fabric: Cambric
Color: Mauve
TROUSERS
Solid Cambric Trousers: 2.5 Meter
Fabric: Cambric
Color: Mauve
Note:
Product color may slightly vary due to photographic lighting sources or your device settings.",https://nishatlinen.com/products/42401955,"image_2_572_1.jpg, image_2_572_2.jpg, image_2_572_3.jpg"
2 Piece - Printed Suit - PS24-285 - XS,"Rs. 6,660.00 Rs. 3,996.00","Embrace the whispers of timeless elegance this printed two-piece suit from the latest pret summer collection.
Product Detail
Printed Shirt With Trousers
Shirt
Band Neckline With Placket & Slit, Buttons Detail On Placket & Cuff, Printed Shirt
Fabric: Lawn
Color: Skin
Trousers
Loose Printed Trousers
Fabric: Cambric
Color: Skin
Note:
Product color may vary slightly due to photographic lighting sources or monitor settings.",https://nishatlinen.com/products/ps24-285,"image_2_573_1.jpg, image_2_573_2.jpg, image_2_573_3.jpg"
3 Piece - Jacquard Embroidered Suit - 42401928,"Rs. 8,720.00 Rs. 5,668.00","Built up your look enlivened in this jacquard embroidered three-piece from the latest unstitched summer collection.
Product Detail:
Ethnic Embroidered Patterns Style Shirt with Dupatta and Trousers
SHIRT
Jacquard Shirt: 3 Meter
Embroidered Neckline + Border
Fabric: Jacquard
Color: Red
DUPATTA
Digital Printed Zari Lawn Dupatta: 2.5 Meter
Fabric: Zari Lawn
Color: Red
TROUSERS
Solid Cambric Trousers: 2.5 Meter
Fabric: Cambric
Color: Red
Note:
Product color may slightly vary due to photographic lighting sources or your device settings.",https://nishatlinen.com/collections/women/products/42401928,"image_2_574_1.jpg, image_2_574_2.jpg, image_2_574_3.jpg"
2 Piece - Printed Suit - 42401759,"Rs. 3,070.00 Rs. 1,995.50","Be exclusive in this unique printed two-piece from the latest unstitched summer collection.
Product Detail:
Abstract Printed Style Shirt with Trousers
SHIRT
Printed Super Fine Lawn Shirt: 3 Meter
Fabric: Lawn
Color: Blue & Purple
TROUSERS
Printed Cambric Trousers: 2.5 Meter
Fabric: Cambric
Color: Blue & Purple
Note:
Product color may slightly vary due to photographic lighting sources or your device settings.",https://nishatlinen.com/products/42401759,"image_2_575_1.jpg, image_2_575_2.jpg, image_2_575_3.jpg"
3 Piece - Gold Printed Suit - 42401389,"Rs. 6,660.00 Rs. 4,329.00","Immerse yourself in a symphony of elegance and style with this gold printed three-piece from the latest unstitched summer collection.
Product Detail:
Floral Printed Style Shirt with Dupatta and Trousers
SHIRT
Gold Printed Super Fine Lawn Shirt: 3 Meter
Fabric: Lawn
Color: Brown
DUPATTA
Digital Printed Maysuri Dupatta: 2.5 Meter
Fabric: Maysuri
Color: Brown
TROUSERS
Dyed Cambric Trousers: 2.5 Meter
Fabric: Cambric
Color: Brown
Note:
Product color may slightly vary due to photographic lighting sources or your device settings.",https://nishatlinen.com/products/42401389,"image_2_576_1.jpg, image_2_576_2.jpg, image_2_576_3.jpg"
2 Piece - Printed Suit - 42401273,"Rs. 3,590.00 Rs. 2,333.50","Style your look elegantly with this printed two-piece from the latest unstitched summer collection.  
Product Detail:
Floral Mix Printed Style Shirt with Dupatta 
SHIRT
Printed Super Fine Lawn Shirt: 3 Meter
Fabric: Lawn
Color: Off White
DUPATTA
Digital Printed Crinkle Chiffon Dupatta: 2.5 Meter
Fabric: Crinkle Chiffon
Color: Light Green
Note:
Product color may slightly vary due to photographic lighting sources or your device settings.",https://nishatlinen.com/products/42401273,"image_2_577_1.jpg, image_2_577_2.jpg, image_2_577_3.jpg"
3 Piece - Printed Suit - 42401212,"Rs. 7,690.00 Rs. 4,998.50","Envelope yourself beautifully with this printed three-piece from the latest unstitched summer collection.
Product Detail:
Floral Stems Printed Style Shirt with Dupatta and Trousers
SHIRT
Printed Super Fine Lawn Shirt: 3 Meter
Fabric: Lawn
Color: Light Green
DUPATTA
Yarn Dyed Dupatta: 2.5 Meter
Fabric: Yarn Dyed
Color: Light Green
TROUSERS
Printed Cambric Trousers: 2.5 Meter
Fabric: Cambric
Color: ﻿Light Green
Note:
Product color may slightly vary due to photographic lighting sources or your device settings.",https://nishatlinen.com/collections/women/products/42401212,"image_2_578_1.jpg, image_2_578_2.jpg, image_2_578_3.jpg"
Embroidered Shirt - PS24-102 - XS,"Rs. 4,690.00 Rs. 2,814.00","Look and feel your best by wearing this embroidered shirt from the latest pret summer collection. 
Product Detail
Embroidered Shirt
Shirt
Round Neckline With Piping & Slit, Embroidered Neckline, Sleeves Edges & Hem, Classic Shirt
Fabric: Cambric
Color: Green
Note:
Product color may vary slightly due to photographic lighting sources or monitor settings.",https://nishatlinen.com/collections/women/products/ps24-102,"image_2_579_1.jpg, image_2_579_2.jpg, image_2_579_3.jpg"
3 Piece - Printed Suit - 42402047,"Rs. 6,490.00 Rs. 4,218.50","Create an elegant and lavish look with our printed three-piece from the latest unstitched summer collection.
Product Detail:
Abstract Printed Style Shirt with Dupatta and Trousers
SHIRT
Printed Super Fine Lawn Shirt: 3 Meter
Fabric: Lawn
Color: Peach
DUPATTA
Digital Printed Crinkle Chiffon Dupatta: 2.5 Meter
Fabric: Crinkle Chiffon
Color: Peach
TROUSERS
Solid Cambric Trousers: 2.5 Meter
Fabric: Cambric
Color: Peach
Note:
Product color may slightly vary due to photographic lighting sources or your device settings.",https://nishatlinen.com/products/42402047,"image_2_580_1.jpg, image_2_580_2.jpg, image_2_580_3.jpg"
2 Piece - Printed Embroidered Suit - 42401305,"Rs. 5,130.00 Rs. 3,334.50","Glow-up for evening events by wearing this printed embroidered two-piece from the latest unstitched summer collection.
Product Detail:
Ikkat Prints Style Shirt with Dupatta 
SHIRT
Printed Super Fine Lawn Shirt: 3 Meter
Embroidered Motifs
Fabric: Lawn
Color: Beige & Magenta
DUPATTA
Digital Printed Crinkle Chiffon Dupatta: 2.5 Meter
Fabric: Crinkle Chiffon
Color: Beige & Magenta
Note:
Product color may slightly vary due to photographic lighting sources or your device settings.",https://nishatlinen.com/products/42401305,"image_2_581_1.jpg, image_2_581_2.jpg, image_2_581_3.jpg"
2 Piece - Jacquard Embroidered Suit - 42402162,"Rs. 6,990.00 Rs. 5,592.00","Elevate your daily style with this jacquard embroidered two-piece from the latest unstitched summer collection.
Product Detail:
Geometric Pattern Style Shirt with Dupatta
SHIRT
Jacquard Shirt: 3 Meter
Embroidered Motifs + Border
Fabric: Jacquard
Color: Beige
DUPATTA
Jacquard Dupatta: 2.5 Meter
Fabric: Jacquard
Color: Beige
Note:
Product color may slightly vary due to photographic lighting sources or your device settings.",https://nishatlinen.com/collections/women/products/42402162,"image_2_582_1.jpg, image_2_582_2.jpg, image_2_582_3.jpg"
2 Piece - Printed Embroidered Suit - 42401714,"Rs. 5,640.00 Rs. 3,666.00","Dress up like a princess with this printed embroidered two-piece from the latest unstitched summer collection.
Product Detail:
Kashmiri Prints Style Shirt with Dupatta
SHIRT
Printed Super Fine Lawn Shirt: 3 Meter
Embroidered Neckline + Border
Fabric: Lawn
Color: Pink
DUPATTA
Digital Printed Zari Chiffon Dupatta: 2.5 Meter
Fabric: Chiffon
Color: Pink
Note:
Product color may slightly vary due to photographic lighting sources or your device settings.",https://nishatlinen.com/collections/women/products/42401714,"image_2_583_1.jpg, image_2_583_2.jpg, image_2_583_3.jpg"
2 Piece - Embroidered Suit - PS24-107 - XS,"Rs. 7,690.00 Rs. 4,614.00","Indulge in a world of sheer enchantment with this embroidered two-piece suit from the latest pret summer collection.
Product Detail
Embroidered Shirt With Trousers
Shirt
Round Neckline With Slit & Piping, Embroidered Front & Sleeves, Paneled Shirt
Fabric: Cambric
Color: Pink
Trousers
Straight Trousers
Fabric: Cambric 
Color: Pink
Note:
Product color may vary slightly due to photographic lighting sources or monitor settings.",https://nishatlinen.com/collections/women/products/ps24-107,"image_2_584_1.jpg, image_2_584_2.jpg, image_2_584_3.jpg"
3 Piece - Printed Loose Fabric - 42403044 - Dupatta / 2.5 / 2.5,Rs. 670.00 Rs. 436.00,"Look classy with this printed three-piece from the latest freedom to buy summer collection.
Product Detail:
Ethnic Printed Style Shirt with Dupatta and Trousers
SHIRT
Shirt: 3 Meter (RS 730/-Mtr)
Fabric: Lawn
Color: Peach & Off White
DUPATTA
Dupatta: 2.5 Meter (RS 750/-Mtr)
Fabric: Voile
Color: Peach & Off White
TROUSERS
Trousers: 2.5 Meter (RS 650/-Mtr)
Fabric: Cambric
Color: Peach
Note:
Product color may slightly vary due to photographic lighting sources or your device settings.",https://nishatlinen.com/collections/women/products/42403044,"image_2_585_1.jpg, image_2_585_2.jpg, image_2_585_3.jpg"
Embroidered Tunic - PS24-93 - XS,"Rs. 4,000.00 Rs. 2,400.00","Make a marvelous appearance with this embroidered tunic from the latest pret summer collection.
Product Detail
Embroidered Tunic
Tunic
Band Neckline With Placket, A-Line Embroidered Tunic
Fabric: Cambric
Color: Peach
Note:
Product color may vary slightly due to photographic lighting sources or monitor settings.",https://nishatlinen.com/products/ps24-93,"image_2_586_1.jpg, image_2_586_2.jpg, image_2_586_3.jpg"
Printed Shirt - PS24-134 - XS,"Rs. 4,100.00 Rs. 2,460.00","For timeless elegance, try this printed shirt from the latest pret summer collection. 
Product Detail
Printed Shirt
Shirt
Band Neckline with Slit & Adda Work Detail on Placket
Fabric: Lawn
Color: Skin
Note:
Product color may vary slightly due to photographic lighting sources or monitor settings.",https://nishatlinen.com/products/ps24-134,"image_2_587_1.jpg, image_2_587_2.jpg, image_2_587_3.jpg"
3 Piece - Printed Embroidered Suit - 42401698,"Rs. 8,200.00 Rs. 5,330.00","Get the most significant look by wearing this printed embroidered three-piece from the latest unstitched summer collection.
Product Detail:
Floral Prints Style Shirt with Dupatta and Trousers
SHIRT
Printed Super Fine Lawn Shirt: 3 Meter
Embroidered Neckline + Border
Fabric: Lawn
Color: Light Peach
DUPATTA
Digital Printed Voile Dupatta: 2.5 Meter
Fabric: Voile
Color: Light Peach
TROUSERS
Printed Cambric Trousers: 2.5 Meter
Fabric: Cambric
Color: ﻿Light Peach
Note:
Product color may slightly vary due to photographic lighting sources or your device settings.",https://nishatlinen.com/products/42401698,"image_2_588_1.jpg, image_2_588_2.jpg, image_2_588_3.jpg"
Embroidered Shirt - PE24-01 - XS,"Rs. 5,640.00 Rs. 3,384.00","Look and feel your best by wearing this embroidered shirt from the latest pret summer collection. 
Product Detail
Embroidered Shirt
Shirt
Band Neckline With Placket & Slit, Adda Work Detail On Sleeves
Fabric: Jacquard
Color: Beige
Note:
Product color may vary slightly due to photographic lighting sources or monitor settings.",https://nishatlinen.com/collections/women/products/pe24-01,"image_2_589_1.jpg, image_2_589_2.jpg, image_2_589_3.jpg"
Embroidered Trousers - PE24-238 - XS,"Rs. 2,350.00 Rs. 1,410.00","Upgrade your wardrobe with this embroidered trousers from the latest pret summer collection.
Product Detail
Embroidered Trousers
Trousers
Straight Trousers With Embroidered Hem
Fabric: Cambric
Color: Off White
Note:
Product color may vary slightly due to photographic lighting sources or monitor settings.",https://nishatlinen.com/collections/women/products/pe24-238,"image_2_590_1.jpg, image_2_590_2.jpg, image_2_590_3.jpg"
2-Piece - Printed Suit  - PS24-292 - XS,"Rs. 4,590.00 Rs. 2,754.00","Make your day magnificent by wearing this printed two-piece suit from the latest pret summer collection. 
Product Detail
Printed Shirt With Trousers
Shirt
Band Neckline With V Slit, Lace Detail On Neckline, Printed Shirt
Fabric: Cambric
Color: Orange
Trousers
Printed Straight Trousers
Fabric: Cambric
Color: Orange
Note:
Product color may vary slightly due to photographic lighting sources or monitor settings.",https://nishatlinen.com/products/ps24-292,"image_2_591_1.jpg, image_2_591_2.jpg, image_2_591_3.jpg"
2 Piece - Digital Printed Suit - 42401111,"Rs. 4,820.00 Rs. 3,133.00","Elevate your wardrobe with our digital printed two-piece from the latest unstitched summer collection.
Product Detail:
Ethnic And Floral Mix Printed Style Shirt with Dupatta
SHIRT
Digital Printed Super Fine Lawn Shirt: 3 Meter
Fabric: Lawn
Color: Off White & Green
DUPATTA
Digital Printed Zari Monar Dupatta: 2.5 Meter
Fabric: ﻿Zari Monar
Color: ﻿Off White & Green
Note:
Product color may slightly vary due to photographic lighting sources or your device settings.",https://nishatlinen.com/collections/women/products/42401111,"image_2_592_1.jpg, image_2_592_2.jpg, image_2_592_3.jpg"
3 Piece - Printed Embroidered Suit - 42401357,"Rs. 8,200.00 Rs. 5,330.00","Unlock the secret language of style by wearing this printed embroidered three-piece from the latest unstitched summer collection.
Product Detail:
Block Print With Textures Style Shirt with Dupatta and Trousers
SHIRT
Printed Cambric Shirt: 3 Meter
Embroidered Motifs + Border
Fabric: Cambric
Color: Dull Magenta
DUPATTA
Block Printed Khadi Silk Dupatta: 2.5 Meter
Fabric: Khadi Silk
Color: Dull Magenta
TROUSERS
Dyed Cambric Trousers: 3 Meter
Fabric: Cambric
Color: Light Yellow
Note:
Product color may slightly vary due to photographic lighting sources or your device settings.",https://nishatlinen.com/products/42401357,"image_2_593_1.jpg, image_2_593_2.jpg, image_2_593_3.jpg"
2 Piece - Printed Suit - 42402146,"Rs. 3,290.00 Rs. 2,632.00","Brighten up your wardrobe with this printed two-piece from the latest unstitched summer collection.
Product Detail:
Textured Base With Banarsi Style Neckline Shirt with Trousers
SHIRT
Digital Printed Cambric Shirt: 3 Meter
Fabric: Cambric
Color: Green
TROUSERS
Digital Printed Cambric Trousers: 2.5 Meter
Fabric: Cambric
Color: White
Note:
Product color may slightly vary due to photographic lighting sources or your device settings.",https://nishatlinen.com/products/42402146,"image_2_594_1.jpg, image_2_594_2.jpg, image_2_594_3.jpg"
3 Piece - Printed Suit - 42402113,"Rs. 4,990.00 Rs. 3,992.00","Level up your wardrobe with gorgeous printed three-piece from the latest unstitched summer collection.
Product Detail:
Embroidered Patterns Style Shirt with Dupatta and Trousers
SHIRT
Printed Lawn Shirt: 3 Meter
Fabric: Lawn
Color: Green
DUPATTA
Printed Doriya Dupatta: 2.5 Meter
Fabric: Doriya
Color: Green
TROUSERS
Solid Cambric Trousers: 2.5 Meter
Fabric: Cambric
Color: Green
Note:
Product color may slightly vary due to photographic lighting sources or your device settings.",https://nishatlinen.com/collections/women/products/42402113,"image_2_595_1.jpg, image_2_595_2.jpg, image_2_595_3.jpg"
3 Piece - Printed Suit - 42401940,"Rs. 7,180.00 Rs. 4,667.00","Look glamorous by wearing this printed three-piece from the latest unstitched summer collection.
Product Detail:
Kashmiri Shawl Paisleys With Floral Printed Style Shirt with Dupatta and Trousers
SHIRT
Printed Zari Lawn Shirt: 3 Meter
Fabric: Zari Lawn
Color: Magenta
DUPATTA
Digital Printed Zari Lawn Dupatta: 2.5 Meter
Fabric: Zari Lawn
Color: Magenta
TROUSERS
Printed Cambric Trousers: 2.5 Meter
Fabric: Cambric
Color: Magenta
Note:
Product color may slightly vary due to photographic lighting sources or your device settings.",https://nishatlinen.com/products/42401940,"image_2_596_1.jpg, image_2_596_2.jpg, image_2_596_3.jpg"
Embroidered Shirt - PE24-05 - XL,"Rs. 4,920.00 Rs. 2,952.00","Look and feel your best by wearing this embroidered shirt from the latest pret summer collection.
Product Detail
Embroidered Shirt
Shirt
Band Neckline With Slit & Piping, Embroidered Sleeves
Fabric: Jacquard
Color: Light Green
Note:
Product color may vary slightly due to photographic lighting sources or monitor settings.",https://nishatlinen.com/collections/women/products/pe24-05,"image_2_597_1.jpg, image_2_597_2.jpg, image_2_597_3.jpg"
1 Piece - Digital Printed Loose Fabric - 42403391 - Shirt / 3 / 3,Rs. 830.00 Rs. 540.00,"Revitalize your casual look with this digital printed one-piece from the latest freedom to buy summer collection.
Product Detail:
Leafs Printed Style Shirt 
SHIRT
Shirt: 3 Meter (RS 800/-Mtr)
Fabric: Dobby Lawn
Color: Off White

Note:
Product color may slightly vary due to photographic lighting sources or your device settings.",https://nishatlinen.com/collections/women/products/42403391,"image_2_598_1.jpg, image_2_598_2.jpg, image_2_598_3.jpg"
1 Piece - Printed Loose Fabric - 42403079 - Dupatta / 2.5 / 2.5,Rs. 670.00 Rs. 436.00,"Uplift your wardrobe with our printed one-piece from the latest freedom to buy summer collection.
Product Detail:
Tie & Dye Textures In Prints Style Dupatta
DUPATTA
Dupatta: 2.5 Meter (RS 750/-Mtr)
Fabric: Voile
Color: Red & Beige
Note:
Product color may slightly vary due to photographic lighting sources or your device settings.",https://nishatlinen.com/collections/women/products/42403079,"image_2_599_1.jpg, image_2_599_2.jpg, image_2_599_3.jpg"
3 Piece - Embroidered Suit - 42402055,"Rs. 8,690.00 Rs. 5,648.50","Look mesmerizing with this embroidered three-piece from the latest unstitched summer collection.
Product Detail:
Chinoiserie Style Shirt with Dupatta and Trousers
SHIRT
Solid Slub Cambric Shirt: 3 Meter
Embroidered Front + Motifs + Border
Fabric: Cambric
Color: Green
DUPATTA
Digital Printed Slub Dupatta: 2.5 Meter
Fabric: Slub
Color: Green
TROUSERS
Solid Cambric Trousers: 2.5 Meter
Fabric: Cambric
Color: Green
Note:
Product color may slightly vary due to photographic lighting sources or your device settings.",https://nishatlinen.com/collections/women/products/42402055,"image_2_600_1.jpg, image_2_600_2.jpg, image_2_600_3.jpg"
1 Piece - Gold Printed Loose Fabric - 42403234 - Dupatta / 2.5 / 2.5,Rs. 830.00 Rs. 540.00,"For a fashionable statement adorn this gold printed one-piece from the latest freedom to buy summer collection.
Product Detail:
Bold Patterns Printed Style Dupatta
DUPATTA
Dupatta: 2.5 Meter (RS 800/-Mtr)
Fabric: Voile
Color: Beige

Note:
Product color may slightly vary due to photographic lighting sources or your device settings.",https://nishatlinen.com/collections/women/products/42403234,image_2_601_1.jpg
1 Piece - Gold Printed Loose Fabric - 42403179 - Shirt / 3 / 3,"Rs. 1,120.00 Rs. 728.00","Transform your beauty into timeless perfection with this gold printed one-piece from the latest freedom to buy summer collection.
Product Detail:
Mughal Motifs Printed Style Shirt
SHIRT
Shirt: 3 Meter (RS 800/-Mtr)
Fabric: Lawn
Color: Sea Green

Note:
Product color may slightly vary due to photographic lighting sources or your device settings.",https://nishatlinen.com/products/42403179,"image_2_602_1.jpg, image_2_602_2.jpg, image_2_602_3.jpg"
Printed Tunic - PS24-274 - XS,"Rs. 3,070.00 Rs. 1,842.00","Switch up your wardrobe with our new printed tunic from the latest pret summer collection.
Product Detail
Printed Tunic
Tunic
Collar Neckline, Cuffed Sleeves, Button Down Paneled Tunic
Fabric: Cambric
Color: Black
Note:
Product color may vary slightly due to photographic lighting sources or monitor settings.",https://nishatlinen.com/products/ps24-274,"image_2_603_1.jpg, image_2_603_2.jpg, image_2_603_3.jpg"
2 Piece - Printed Suit - 42401778,"Rs. 4,610.00 Rs. 2,996.50","Make your day magnificent by wearing this printed two-piece from the latest unstitched summer collection.
Product Detail:
Modern Printed Style Shirt with Dupatta
SHIRT
Printed Super Fine Lawn Shirt: 3 Meter
Fabric: Lawn
Color: Blue
DUPATTA
Digital Printed Crinkle Chiffon Dupatta: 2.5 Meter
Fabric: Crinkle Chiffon
Color: Blue
Note:
Product color may slightly vary due to photographic lighting sources or your device settings.",https://nishatlinen.com/products/42401778,"image_2_604_1.jpg, image_2_604_2.jpg, image_2_604_3.jpg"
2 Piece - Embroidered Suit - PE24-131 - XS,"Rs. 7,180.00 Rs. 4,308.00","Build your core wardrobe with this embroidered two-piece suit from the latest pret summer collection. 
Product Detail
Embroidered Shirt With Dupatta
Shirt
Front Open Paneled Embroidered Shirt
Fabric: Cambric
Color: Lilac
Dupatta
Tassels Detail At Dupatta Corners
Fabric: Net
Color: Lilac
Note:
Product color may vary slightly due to photographic lighting sources or monitor settings.",https://nishatlinen.com/products/pe24-131,"image_2_605_1.jpg, image_2_605_2.jpg, image_2_605_3.jpg"
Embroidered Shirt - PS24-87 - XS,"Rs. 5,130.00 Rs. 3,078.00","Modernize your wardrobe with this embroidered shirt from the latest pret summer collection.
Product Detail
Embroidered Shirt
Shirt
Straight Shirt, Band V Neckline, Embroidered Sleeves Edges
Fabric: Jacquard
Color: Mint
Note:
Product color may vary slightly due to photographic lighting sources or monitor settings.",https://nishatlinen.com/products/ps24-87,"image_2_606_1.jpg, image_2_606_2.jpg, image_2_606_3.jpg"
2 Piece - Embroidered Suit - PE24-113 - XS,"Rs. 6,150.00 Rs. 3,690.00","Flaunt your style with this embroidered two-piece suit from the latest pret summer collection.
Product Detail
Embroidered Shirt With Trousers
Shirt
Round Neckline With Buttons Detail On Placket, Embroidered Sleeves, Embroidered Shirt
Fabric: Cambric
Color: Blue
Trousers
Loose Straight Trousers With Embroidered Hem
Fabric: Cambric
Color: Blue
Note:
Product color may vary slightly due to photographic lighting sources or monitor settings.",https://nishatlinen.com/products/pe24-113,"image_2_607_1.jpg, image_2_607_2.jpg, image_2_607_3.jpg"
2 Piece - Printed Embroidered Suit - 42401951,"Rs. 5,640.00 Rs. 3,666.00","Radiate positivity and vibrancy in this printed embroidered two-piece from the latest unstitched summer collection.
Product Detail:
Ethnic Prints Style Shirt with Dupatta
SHIRT
Printed Super Fine Lawn Shirt: 3 Meter
Embroidered Front + Motifs + Border
Fabric: Lawn
Color: White
DUPATTA
Digital Printed Silk Dupatta: 2.5 Meter
Fabric: Silk
Color: White
Note:
Product color may slightly vary due to photographic lighting sources or your device settings.",https://nishatlinen.com/products/42401951,"image_2_608_1.jpg, image_2_608_2.jpg, image_2_608_3.jpg"
3 Piece - Digital & Paste Printed Embroidered Suit - 42401918,"Rs. 13,850.00 Rs. 9,002.50","Make a bold fashion statement by wearing this digital & Paste printed embroidered three-piece from the latest unstitched summer collection.
Product Detail:
Style Shirt with Dupatta and Trousers
SHIRT
Schiffli Embroidered Printed Cambric Front & Back: 2 Meter
Schiffli Embroidered Printed Cambric Sleeves: 0.6 Meter
Fabric: Cambric
Color: Green & Black
DUPATTA
Digital Printed Chicken Kari Dupatta: 2.5 Meter
Fabric: Chicken Kari
Color: Green & Black
TROUSERS
Paste Printed Cambric Trousers: 2.5 Meter
Fabric: Cambric
Color: Black
Note:
Product color may slightly vary due to photographic lighting sources or your device settings",https://nishatlinen.com/products/42401918,"image_2_609_1.jpg, image_2_609_2.jpg, image_2_609_3.jpg"
1 Piece - Digital Printed Loose Fabric - 42403103 - Shirt / 3 / 3,Rs. 670.00 Rs. 436.00,"Radiate elegance under the summer moonlight with our chic, digital printed one-piece from the latest freedom to buy summer collection.
Product Detail:
Floral Silhouettes Printed Style Shirt
SHIRT
Shirt: 3 Meter (RS 1090/-Mtr)
Fabric: Fancy Strip
Color: Off White
Note:
Product color may slightly vary due to photographic lighting sources or your device settings.",https://nishatlinen.com/collections/women/products/42403103,"image_2_610_1.jpg, image_2_610_2.jpg, image_2_610_3.jpg"
3 Piece - Printed Loose Fabric - 42403242 - Dupatta / 2.5 / 2.5,Rs. 455.00 - Rs. 527.00,"Delight in the magnificence of this printed three-piece from the latest freedom to buy summer collection.
Product Detail
Modern Vector Stems Printed Style Shirt with Dupatta and Trousers
SHIRT
Shirt: 3 Meter (RS 750/-Mtr)
Fabric: Lawn
Color: Beige
DUPATTA
Dupatta: 2.5 Meter (RS 780/-Mtr)
Fabric: Voile
Color: Beige
TROUSERS
Trousers: 2.5 Meter (RS 680/-Mtr)
Fabric: Cambric
Color: ﻿Beige
Note:
Product color may slightly vary due to photographic lighting sources or your device settings.",https://nishatlinen.com/collections/women/products/42403242,"image_2_611_1.jpg, image_2_611_2.jpg, image_2_611_3.jpg"
3 Piece - Embroidered Suit - 42401450,"Rs. 8,200.00 Rs. 5,330.00","Be the epitome of grace and sophistication with this embroidered three-piece from the latest unstitched summer collection.
Product Detail:
Ralli Prints Style Shirt with Dupatta and Trousers
SHIRT
Dyed Super Fine Grid Lawn Shirt: 3 Meter
Embroidered Motifs + Border
Fabric: Grid Lawn
Color: Beige & Blue
DUPATTA
Digital Printed Grid Lawn Dupatta: 2.5 Meter
Fabric: Grid Lawn
Color: Beige & Blue
TROUSERS
Dyed Cambric Trousers: 2.5 Meter
Fabric: Cambric
Color: Beige 
Note:
Product color may slightly vary due to photographic lighting sources or your device settings.",https://nishatlinen.com/products/42401450,"image_2_612_1.jpg, image_2_612_2.jpg, image_2_612_3.jpg"
3 Piece - Digital Printed Embroidered Suit - 42401789,"Rs. 8,200.00 Rs. 5,330.00","Look mesmerizing with this digital printed embroidered three-piece from the latest unstitched summer collection.
Product Detail:
Ethnic Style Shirt with Dupatta and Trousers
SHIRT
Digital Printed Super Fine Lawn Shirt: 3 Meter
Embroidered Neckline + Motifs + Border
Fabric: Lawn
Color: Rust
DUPATTA
Digital Printed Silk Dupatta: 2.5 Meter
Fabric: Silk
Color: Rust
TROUSERS
Solid Cambric Trousers: 2.5 Meter
Fabric: Cambric
Color: Rust
Note:
Product color may slightly vary due to photographic lighting sources or your device settings.",https://nishatlinen.com/collections/women/products/42401789,"image_2_613_1.jpg, image_2_613_2.jpg, image_2_613_3.jpg"
2 Piece - Printed Suit - PE24-409 - XS / S,"Rs. 4,570.00 Rs. 2,742.00","Exemplify your style with this printed two-piece suit from the latest pret summer collection.
Product Detail
Printed Shirt With Trousers
Shirt
Round Neckline With V Slit, Printed Kimono Shirt
Fabric: Cambric
Color: Brown
Trousers
Printed Straight Trousers
Fabric: Cambric
Color: Brown
Note:
Product color may vary slightly due to photographic lighting sources or monitor settings.",https://nishatlinen.com/collections/women/products/pe24-409,"image_2_614_1.jpg, image_2_614_2.jpg, image_2_614_3.jpg"
2 Piece - Printed Embroidered Suit - 42401944,"Rs. 5,640.00 Rs. 3,666.00","Get the ultimate queen look by wearing this printed embroidered two-piece from the latest unstitched summer collection.
Product Detail:
Chunri Prints Style Shirt with Dupatta
SHIRT
Printed Super Fine Lawn  Shirt: 3 Meter
Embroidered Front + Border
Fabric: Lawn
Color: Red
DUPATTA
Digital Printed Silk Dupatta: 2.5 Meter
Fabric: Silk
Color: Red 
Note:
Product color may slightly vary due to photographic lighting sources or your device settings.",https://nishatlinen.com/products/42401944,"image_2_615_1.jpg, image_2_615_2.jpg, image_2_615_3.jpg"
3 Piece - Printed Loose Fabric - 42403017 - Shirt / 3 / 3,Rs. 670.00 Rs. 436.00,"Indulge in sophistication as you drape yourself in this captivating printed three-piece from the latest freedom to buy summer collection.
Product Detail:
Mughal Printed Style Shirt with Dupatta and Trousers
SHIRT
Shirt: 3 Meter (RS 730/-Mtr)
Fabric: Lawn
Color: Blue
DUPATTA
Dupatta: 2.5 Meter (RS 750/-Mtr)
Fabric: Voile
Color: Blue
TROUSERS
Trousers: 2.5 Meter (RS 650/-Mtr)
Fabric: Cambric
Color: Blue
Note:
Product color may slightly vary due to photographic lighting sources or your device settings.",https://nishatlinen.com/collections/women/products/42403017,"image_2_616_1.jpg, image_2_616_2.jpg, image_2_616_3.jpg"
3 Piece - Jacquard Suit - 42402123,"Rs. 9,990.00 Rs. 7,992.00","Revitalize your style with this jacquard three-piece from the latest unstitched summer collection.
Product Detail:
Abstract Leafy Motifs Style Shirt with Dupatta and Trousers
SHIRT
Jacquard Shirt: 3 Meter
Fabric: Jacquard
Color: Green
DUPATTA
Digital Printed Crinkle Chiffon Dupatta: 2.5 Meter
Fabric: Crinkle Chiffon
Color: Green
TROUSERS
Jacquard Trousers: 2.5 Meter
Fabric: Jacquard
Color: Green
Note:
Product color may slightly vary due to photographic lighting sources or your device settings.",https://nishatlinen.com/products/42402123,"image_2_617_1.jpg, image_2_617_2.jpg, image_2_617_3.jpg"
3 Piece - Printed Embroidered Suit - 42402030,"Rs. 9,490.00 Rs. 6,168.50","Look gorgeous effortlessly by wearing this printed embroidered three-piece from the latest unstitched summer collection.
Product Detail:
Floral Style Shirt with Dupatta and Trousers
SHIRT
Printed Super Fine Lawn Shirt: 3 Meter
Embroidered Neckline + Border
Fabric: Lawn
Color: Off White
DUPATTA
Printed Banarsi Brochia Dupatta: 2.5 Meter
Fabric: Banarsi Brochia
Color: Yellow
TROUSERS
Solid Cambric Trousers: 2.5 Meter
Fabric: Cambric
Color: Off White
Note:
Product color may slightly vary due to photographic lighting sources or your device settings.",https://nishatlinen.com/collections/women/products/42402030,"image_2_618_1.jpg, image_2_618_2.jpg, image_2_618_3.jpg"
Embroidered Trousers - PS24-269 - XS,"Rs. 2,250.00 Rs. 1,350.00","Look glamorous by wearing this embroidered trousers from the latest pret summer collection.
Product Detail
Embroidered Trousers
Trousers
Loose Straight Trousers With Embroidered Hem
Fabric: Cambric
Color: White
Note:
Product color may vary slightly due to photographic lighting sources or monitor settings.",https://nishatlinen.com/products/ps24-269,"image_2_619_1.jpg, image_2_619_2.jpg, image_2_619_3.jpg"
1 Piece - Digital Printed Loose Fabric - 42403199 - Shirt / 3 / 3,Rs. 830.00 Rs. 540.00,"Transform every moment into a timeless affair with our digital printed one-piece from the latest freedom to buy summer collection.
Product Detail:
Block Printed Style Shirt 
SHIRT
Shirt: 3 Meter (RS 830/-Mtr)
Fabric: Dobby Lawn
Color: Peach

Note:
Product color may slightly vary due to photographic lighting sources or your device settings.",https://nishatlinen.com/collections/women/products/42403199,"image_2_620_1.jpg, image_2_620_2.jpg, image_2_620_3.jpg"
2 Piece - Fancy Embroidered Suit - 42401293,"Rs. 6,150.00 Rs. 3,997.50","Enrich your everyday style by wearing this fancy embroidered two-piece from the latest unstitched summer collection.
Product Detail:
Shirt with Dupatta
SHIRT
Embroidered Super Fine Lawn Front: 1.15 Meter
Dyed Super Fine Lawn Back & Sleeves: 1.85 Meter
Embroidered Neckline + Motifs + Border
Fabric: Lawn
Color: Light Yellow
DUPATTA
Sequin Dupatta: 2.5 Meter
Fabric: Sequin
Color: Light Yellow
Note:
Product color may slightly vary due to photographic lighting sources or your device settings.",https://nishatlinen.com/collections/women/products/42401293,"image_2_621_1.jpg, image_2_621_2.jpg, image_2_621_3.jpg"
1 Piece - Digital Printed Loose Fabric - 42403348 - Shirt / 3 / 3,Rs. 880.00 Rs. 572.00,"Create a stunning look with this digital printed one-piece from the latest freedom to buy summer collection.
Product Detail:
Bead Work With Sequin Florals Printed Style Shirt 
SHIRT
Shirt: 3 Meter (RS 850/-Mtr)
Fabric: Dobby Lawn
Color: White
Note:
Product color may slightly vary due to photographic lighting sources or your device settings.",https://nishatlinen.com/collections/women/products/42403348,"image_2_622_1.jpg, image_2_622_2.jpg, image_2_622_3.jpg"
2 Piece - Printed Suit - 42401774,"Rs. 4,610.00 Rs. 2,996.50","Glorify yourself with this amazing printed two-piece from the latest unstitched summer collection.
Product Detail:
Floral Printed Style Shirt with Dupatta
SHIRT
Printed Super Fine Lawn Shirt: 3 Meter
Fabric: Lawn
Color: Off White
DUPATTA
Digital Printed Crinkle Chiffon Dupatta: 2.5 Meter
Fabric: Crinkle Chiffon
Color: Pink
Note:
Product color may slightly vary due to photographic lighting sources or your device settings.",https://nishatlinen.com/products/42401774,"image_2_623_1.jpg, image_2_623_2.jpg, image_2_623_3.jpg"
3 Piece - Printed Embroidered Suit - 42401824,"Rs. 9,740.00 Rs. 6,331.00","Glorify yourself with this amazing printed embroidered three-piece from the latest unstitched summer collection.
Product Detail:
Lace Embroidered Dupatta With Textured Shirt with Trousers
SHIRT
Printed Super Fine Lawn Shirt: 3 Meter
Embroidered Front + Sleeves + Border
Fabric: Lawn
Color: Yellow 
DUPATTA
Embroidered Organza Dupatta: 2.5 Meter
Fabric: Organza
Color: Orange & Yellow
TROUSERS
Solid Cambric Trousers: 2.5 Meter
Fabric: Cambric
Color: Yellow
Note:
Product color may slightly vary due to photographic lighting sources or your device settings.",https://nishatlinen.com/products/42401824,"image_2_624_1.jpg, image_2_624_2.jpg, image_2_624_3.jpg"
3 Piece - Printed Embroidered Suit - 42401824,"Rs. 9,740.00 Rs. 6,331.00","Glorify yourself with this amazing printed embroidered three-piece from the latest unstitched summer collection.
Product Detail:
Lace Embroidered Dupatta With Textured Shirt with Trousers
SHIRT
Printed Super Fine Lawn Shirt: 3 Meter
Embroidered Front + Sleeves + Border
Fabric: Lawn
Color: Yellow 
DUPATTA
Embroidered Organza Dupatta: 2.5 Meter
Fabric: Organza
Color: Orange & Yellow
TROUSERS
Solid Cambric Trousers: 2.5 Meter
Fabric: Cambric
Color: Yellow
Note:
Product color may slightly vary due to photographic lighting sources or your device settings.",https://nishatlinen.com/collections/women/products/42401824,"image_2_625_1.jpg, image_2_625_2.jpg, image_2_625_3.jpg"
3 Piece - Digital Printed Embroidered Suit - 42401966,"Rs. 9,740.00 Rs. 6,331.00","Look gorgeous effortlessly by wearing this digital printed embroidered three-piece from the latest unstitched summer collection.
Product Detail:
Floral With Laces Print Style Shirt with Dupatta and Trousers
SHIRT
Digital Printed Chicken Kari Shirt: 3 Meter
Fabric: Chicken Kari
Color: Gold
DUPATTA
Digital Printed Voile Dupatta: 2.5 Meter
Fabric: Voile
Color: Gold
TROUSERS
Solid Cambric Trousers: 2.5 Meter
Fabric: Cambric
Color: Gold
Note:
Product color may slightly vary due to photographic lighting sources or your device settings.",https://nishatlinen.com/products/42401966,"image_2_626_1.jpg, image_2_626_2.jpg, image_2_626_3.jpg"
3 Piece - Yarn Dyed Embroidered Suit - 42401983,"Rs. 13,330.00 Rs. 8,664.50","Summarize your style in this yarn dyed embroidered three-piece from the latest unstitched summer collection.
Product Detail:
Banarsi Style Shirt with Dupatta and Trousers
SHIRT
Yarn Dyed Banarsi Shirt: 3 Meter
Embroidered Front + Neckline + Sleeves + 2 Motifs + Border + Hem
Fabric: Banarsi
Color: Black
DUPATTA
Banarsi Jacquard Dupatta: 2.5 Meter
Fabric: Jacquard
Color: Black
TROUSERS
Yarn Dyed Banarsi Trousers: 2.5 Meter
Fabric: Banarsi
Color: Black
Note:
Product color may slightly vary due to photographic lighting sources or your device settings.",https://nishatlinen.com/products/42401983,"image_2_627_1.jpg, image_2_627_2.jpg, image_2_627_3.jpg"
Printed Embroidered Shirt - PS24-148 - XS,"Rs. 4,610.00 Rs. 2,766.00","Add some glam to your summer wardrobe with this printed embroidered shirt from the latest pret summer collection. 
Product Detail
Printed Embroidered Shirt
Shirt
Band Neckline with Placket, Embroidered Neckline & Sleeves
Fabric: Lawn
Color: Yellow
Note:
Product color may vary slightly due to photographic lighting sources or monitor settings.",https://nishatlinen.com/products/ps24-148,"image_2_628_1.jpg, image_2_628_2.jpg, image_2_628_3.jpg"
3 Piece - Printed Suit - 42401852,"Rs. 6,150.00 Rs. 3,997.50","Refresh your wardrobe with this printed three-piece from the latest unstitched summer collection.
Product Detail:
Embroidered Style Baroque Floral Mix Style Shirt with Dupatta & Trousers
SHIRT
Printed Lawn Shirt: 3 Meter
Fabric: Lawn
Color: Brown
DUPATTA
Digital Printed Zari Lawn Dupatta: 2.5 Meter
Fabric: Zari Lawn
Color: Brown
TROUSERS
Dyed Cambric Trousers: 2.5 Meter
Fabric: Cambric
Color: Deep Brown
Note:
Product color may slightly vary due to photographic lighting sources or your device settings.",https://nishatlinen.com/products/42401852,"image_2_629_1.jpg, image_2_629_2.jpg, image_2_629_3.jpg"
Embroidered Shalwar - PE24-263 - XS,"Rs. 3,070.00 Rs. 1,842.00","Upgrade your wardrobe with this embroidered shalwar from the latest pret summer collection.
Product Detail
Embroidered Shalwar
Shalwar
Embroidered Shalwar With Lace Detail On Hem
Fabric: Cambric
Color: Black
Note:
Product color may vary slightly due to photographic lighting sources or monitor settings.",https://nishatlinen.com/products/pe24-263,"image_2_630_1.jpg, image_2_630_2.jpg, image_2_630_3.jpg"
2 Piece - Printed Suit - 42401961,"Rs. 2,870.00 Rs. 1,865.50","Catch elegance beauty with this printed two-piece from the latest unstitched summer collection.
Product Detail:
Block Printed Style Shirt with Trousers
SHIRT
Printed Super Fine Lawn Shirt: 3 Meter
Fabric: Lawn
Color: Mustard
TROUSERS
Solid Cambric Trousers: 2.5 Meter
Fabric: Cambric
Color: Mustard
Note:
Product color may slightly vary due to photographic lighting sources or your device settings.",https://nishatlinen.com/products/42401961,"image_2_631_1.jpg, image_2_631_2.jpg, image_2_631_3.jpg"
3 Piece - Printed Loose Fabric - 42403046 - Shirt / 3 / 3,Rs. 670.00 Rs. 436.00,"Look famous wih this printed three-piece from the latest freedom to buy summer collection.
Product Detail:
Modern Floral With Stripes Printed Style Shirt with Dupatta and Trousers
SHIRT
Shirt: 3 Meter (RS 730/-Mtr)
Fabric: Lawn
Color: Beige
DUPATTA
Dupatta: 2.5 Meter (RS 750/-Mtr)
Fabric: Voile
Color: Beige
TROUSERS
Trousers: 2.5 Meter (RS 690/-Mtr)
Fabric: Cambric
Color: ﻿Beige
Note:
Product color may slightly vary due to photographic lighting sources or your device settings.",https://nishatlinen.com/collections/women/products/42403046,"image_2_632_1.jpg, image_2_632_2.jpg, image_2_632_3.jpg"
3 Piece - Printed Embroidered Suit - PE24-412 - XS,"Rs. 10,260.00 Rs. 6,156.00","Radiate positivity and vibrancy in this printed embroidered three-piece suit from the latest pret summer collection.
Product Detail
Printed Embroidered Shirt With Dupatta & Trousers
Shirt
Band Neckline With Piping & Slit, Embroidered Neckline & Sleeves
Fabric: Lawn
Color: Red
Dupatta
Tassels Detail At Dupatta Corners
Fabric: Rejo Net
Color: Red
Trousers
Fabric: Cambric
Color: Red
Note:
Product color may vary slightly due to photographic lighting sources or monitor settings.",https://nishatlinen.com/collections/women/products/pe24-412,"image_2_633_1.jpg, image_2_633_2.jpg, image_2_633_3.jpg"
Embroidered Trousers - PS24-263 - XS,"Rs. 2,350.00 Rs. 1,410.00","Look adorable by styling this embroidered trousers from the latest pret summer collection.
Product Detail
Embroidered Trousers
Trousers
Embroidered Loose Straight Trousers With Pintucks Detail On Hem
Fabric: Cambric
Color: Off White
Note:
Product color may vary slightly due to photographic lighting sources or monitor settings.",https://nishatlinen.com/collections/women/products/ps24-263,"image_2_634_1.jpg, image_2_634_2.jpg, image_2_634_3.jpg"
3 Piece - Printed Embroidered Suit - PS24-276 - XS,"Rs. 9,290.00 Rs. 5,574.00","Radiate positivity and vibrancy in this printed embroidered three-piece suit from the latest pret summer collection.
Product Detail
Printed Embroidered Shirt With Dupatta & Trousers
Shirt
Round Neckline With Slit, Embroidered Neckline, Side Panels Detail
Fabric: Lawn
Color: Maroon
Dupatta
Printed Dupatta
Fabric: Voile
Color: Black
Trousers
Straight Trousers
Fabric: Cambric
Color: Black
Note:
Product color may vary slightly due to photographic lighting sources or monitor settings.",https://nishatlinen.com/collections/women/products/ps24-276,"image_2_635_1.jpg, image_2_635_2.jpg, image_2_635_3.jpg"
Printed Shirt - AS24-65 - XS,"Rs. 4,310.00 Rs. 2,586.00","Enliven your style by wearing this printed shirt from the latest pret summer collection.
Product Detail
Printed Shirt
Shirt
High V Neckline, Gathered Sleeves, Front Pleats Detail
Fabric: Silk
Color: Multi
Note:
Product color may vary slightly due to photographic lighting sources or monitor settings.",https://nishatlinen.com/collections/women/products/as24-65,"image_2_636_1.jpg, image_2_636_2.jpg, image_2_636_3.jpg"
3 Piece - Digital Printed Loose Fabric - 42403318 - Trouser / 2.5 / 2.5,Rs. 880.00 Rs. 572.00,"Explore the new version of fashion digital printed three-piece from the latest freedom to buy summer collection.
Product Detail:
Floral Illustrations Prints Style Shirt with Dupatta and Trousers 
SHIRT
Shirt: 3 Meter (RS 780/-Mtr)
Fabric: Lawn
Color: Black
DUPATTA
Dupatta: 2.5 Meter (RS 800/-Mtr)
Fabric: Voile
Color Black
TROUSERS
Trousers: 2.5 Meter (RS 680/-Mtr)
Fabric: Cambric
Color: Black
Note:
Product color may slightly vary due to photographic lighting sources or your device settings.",https://nishatlinen.com/collections/women/products/42403318,"image_2_637_1.jpg, image_2_637_2.jpg, image_2_637_3.jpg"
3 Piece - Printed Embroidered Suit - 42405012,"Rs. 8,720.00 Rs. 5,668.00","Glorify yourself with this amazing printed embroidered three-piece from the latest summer collection.
Product Detail:
Shirt with Dupatta and Trousers
SHIRT
Printed Super Fine Lawn Shirt: 3.2 Meter
Embroidered Front + Motifs
Fabric: Lawn
Color: Red & Ivory
DUPATTA
Printed Voile Dupatta: 2.6 Meter
Fabric: Voile
Color: Red
TROUSERS
Dyed Cambric Trousers: 2.5 Meter
Fabric: Cambric
Color: Ivory
Note:
Product color may slightly vary due to photographic lighting sources or your device settings.",https://nishatlinen.com/collections/women/products/42405012,"image_2_638_1.jpg, image_2_638_2.jpg, image_2_638_3.jpg"
Embroidered Shirt - PE24-104 - XS,"Rs. 3,590.00 Rs. 2,154.00","Ease your confusion about styling by wearing this embroidered shirt from the latest pret summer collection.  
Product Detail
Embroidered Shirt
Shirt
Band Neckline With Pleats, Top Stitches & Buttons Detail on Placket, Front Open At Hem, Button Down Shirt
Fabric: Cambric
Color: Copper
Note:
Product color may vary slightly due to photographic lighting sources or monitor settings.",https://nishatlinen.com/collections/women/products/pe24-104,"image_2_639_1.jpg, image_2_639_2.jpg, image_2_639_3.jpg"
Embroidered Shirt - PE24-139 - XS,"Rs. 5,130.00 Rs. 3,078.00","Ease your confusion for styling by wearing this embroidered shirt from the latest pret summer collection.
Product Detail
Embroidered Shirt
Shirt
Band Neckline With Placket, Embroidered Border on Sleeves, Classic Shirt
Fabric: Jacquard
Color: Mustard
Note:
Product color may vary slightly due to photographic lighting sources or monitor settings.",https://nishatlinen.com/collections/women/products/pe24-139,"image_2_640_1.jpg, image_2_640_2.jpg, image_2_640_3.jpg"
3 Piece - Printed Loose Fabric - 42403371 - Dupatta / 2.5 / 2.5,Rs. 455.00 - Rs. 533.00,"Embrace the season with our printed three-piece from the latest freedom to buy summer collection.
Product Detail
Floral & Geometric Mix Printed Style Shirt with Dupatta and Trousers 
SHIRT
Shirt: 3 Meter (RS 780/-Mtr) 
Fabric: Lawn
Color: Light Grey
DUPATTA
Dupatta: 2.5 Meter (RS 800/-Mtr) 
Fabric: Voile
Color: Light Grey
TROUSERS
Trousers: 2.5 Meter (RS 700/-Mtr) 
Fabric: Cambric
Color: Light Grey
Note:
Product color may slightly vary due to photographic lighting sources or your device settings.",https://nishatlinen.com/products/42403371,"image_2_641_1.jpg, image_2_641_2.jpg, image_2_641_3.jpg"
3 Piece - Printed Loose Fabric - 42403032 - Shirt / 3 / 3,Rs. 670.00 Rs. 436.00,"Look radiant with this printed three-piece from the latest freedom to buy summer collection.
Product Detail:
Paisleys Printed Style Shirt with Dupatta and Trousers
SHIRT
Shirt: 3 Meter (RS 730/-Mtr)
Fabric: Lawn
Color: Pale Aqua Blue
DUPATTA
Dupatta: 2.5 Meter (RS 750/-Mtr)
Fabric: Voile
Color: Pale Aqua Blue
TROUSERS
Trousers: 2.5 Meter (RS 650/-Mtr)
Fabric: Cambric
Color: Pale Aqua Blue
Note:
Product color may slightly vary due to photographic lighting sources or your device settings.",https://nishatlinen.com/collections/women/products/42403032,"image_2_642_1.jpg, image_2_642_2.jpg, image_2_642_3.jpg"
2 Piece - Printed Suit - PS24-302 - XS,"Rs. 4,820.00 Rs. 2,892.00","Make a unique style statement with this printed two-piece suit from the latest pret summer collection.
Product Detail
Printed Shirt With Trousers
Shirt
Band Neckline with Slit, Flared Hem, Printed Shirt
Fabric: Cambric
Color: Pink
Trousers
Printed Straight Trousers
Fabric: Cambric
Color: Pink
Note:
Product color may vary slightly due to photographic lighting sources or monitor settings.",https://nishatlinen.com/collections/women/products/ps24-302,"image_2_643_1.jpg, image_2_643_2.jpg, image_2_643_3.jpg"
2 Piece - Embroidered Suit - PE24-90 - XS,"Rs. 8,200.00 Rs. 4,920.00","Radiate positivity and vibrancy in this embroidered two-piece suit from the latest pret summer collection.
Product Detail
Embroidered Shirt With Dupatta
Shirt
Band Neckline With Placket, Embroidered Front & Sleeves
Fabric: Cambric
Color: Apple Green
Dupatta
Dupatta With Embroidered Hem
Fabric: Silk
Color: Apple Green
Note:
Product color may vary slightly due to photographic lighting sources or monitor settings.",https://nishatlinen.com/collections/women/products/pe24-90,"image_2_644_1.jpg, image_2_644_2.jpg, image_2_644_3.jpg"
3 Piece - Printed Loose Fabric - 42403013 - Shirt / 3 / 3,Rs. 670.00 Rs. 436.00,"Adopt an enthralling look by wearing this printed three-piece from the latest freedom to buy summer collection.
Product Detail:
Modern Printed Style Shirt with Dupatta and Trousers
SHIRT
Shirt: 3 Meter (RS 730/-Mtr)
Fabric: Lawn
Color: Black & Off white
Note: Fabric used in shoot for gown is shirt fabric
DUPATTA
Dupatta: 2.5 Meter (RS 750/-Mtr)
Fabric: Voile
Color: Black & Off white
Note: Fabric used in shoot for shirt is dupatta fabric
TROUSERS
Trousers: 2.5 Meter (RS 690/-Mtr)
Fabric: Cambric
Color: Black & Off white
Note:
Product color may slightly vary due to photographic lighting sources or your device settings",https://nishatlinen.com/collections/women/products/42403013,image_2_645_1.jpg
1 Piece - Digital Printed Loose Fabric - 42403059 - Shirt / 3 / 3,Rs. 670.00 Rs. 436.00,"Unveil your summer story with the timeless elegance of our digital printed one-piece from the latest freedom to buy summer collection.
Product Detail:
Block Printed Style Shirt
SHIRT
Shirt: 3 Meter (RS 1090/-Mtr)
Fabric: Fancy Strip
Color: Off White
Note:
Product color may slightly vary due to photographic lighting sources or your device settings.",https://nishatlinen.com/products/42403059,"image_2_646_1.jpg, image_2_646_2.jpg, image_2_646_3.jpg"
Basic Tunic - AS24-77 - L,"Rs. 4,310.00 Rs. 2,586.00","Keep yourself comfy with this gorgeous basic tunic from the latest pret summer collection.
Product Detail
Basic Tunic
Tunic
Band Neckline With Embellished Placket, Cuffed Sleeves, Round Hem, Short Tunic
Fabric: Jacquard
Color: Off White
Note:
Product color may vary slightly due to photographic lighting sources or monitor settings.",https://nishatlinen.com/products/as24-77,"image_2_647_1.jpg, image_2_647_2.jpg, image_2_647_3.jpg"
2 Piece - Embroidered Suit - PS24-117 - XS,"Rs. 7,790.00 Rs. 4,674.00","Radiate positivity and vibrancy in this embroidered two-piece suit from the latest pret summer collection.
Product Detail
Embroidered Shirt With Dupatta
Shirt
V Neckline, Embroidered Neckline & Sleeves, Straight Shirt
Fabric: Cambric
Color: Purple
Dupatta
Embroidered Dupatta With Accessories
Fabric: Lawn
Color: Purple
Note:
Product color may vary slightly due to photographic lighting sources or monitor settings.",https://nishatlinen.com/collections/women/products/ps24-117,"image_2_648_1.jpg, image_2_648_2.jpg, image_2_648_3.jpg"
Basic Shirt - PS24-53 - XS,"Rs. 3,590.00 Rs. 2,154.00","Meet elegance by wearing this contemporary basic shirt from the latest pret summer collection. 
Product Detail
Basic Shirt
Shirt
Band Neckline With Long Placket & Button Detail, Gathered Cuff Sleeves With Top Stitching, Button Down Shirt
Fabric: Cambric
Color: Carrot
Note:
Product color may vary slightly due to photographic lighting sources or monitor settings.",https://nishatlinen.com/collections/women/products/ps24-53,"image_2_649_1.jpg, image_2_649_2.jpg, image_2_649_3.jpg"
3 Piece - Printed Loose Fabric - 42403240 - Dupatta / 2.5 / 2.5,Rs. 455.00 - Rs. 527.00,"Embrace elegance with the delicate beauty of this printed three-piece from the latest freedom to buy summer collection.
Product Detail:
Floral Silhouettes Printed Style Shirt with Dupatta and Trousers
SHIRT
Shirt: 3 Meter (RS 750/-Mtr)
Fabric: Lawn
Color: ﻿Green & Pink
DUPATTA
Dupatta: 2.5 Meter (RS 780/-Mtr)
Fabric: Voile
Color: Green & Pink
TROUSERS
Trousers: 2.5 Meter (RS 680/-Mtr)
Fabric: Cambric
Color: Pink
Note:
Product color may slightly vary due to photographic lighting sources or your device settings.",https://nishatlinen.com/products/42403240,"image_2_650_1.jpg, image_2_650_2.jpg, image_2_650_3.jpg"
3 Piece - Printed Suit - 42402044,"Rs. 6,490.00 Rs. 4,218.50","Indulge in elegance with our printed three-piece from the latest unstitched summer collection.
Product Detail:
Floral With Lace Patterns Printed Style Shirt with Dupatta and Trousers
SHIRT
Printed Super Fine Lawn Shirt: 3 Meter
Fabric: Lawn
Color: Light Blue
DUPATTA
Digital Printed Crinkle Chiffon Dupatta: 2.5 Meter
Fabric: Crinkle Chiffon
Color: Light Blue
TROUSERS
Solid Cambric Trousers: 2.5 Meter
Fabric: Cambric
Color: Light Blue
Note:
Product color may slightly vary due to photographic lighting sources or your device settings.",https://nishatlinen.com/collections/women/products/42402044,"image_2_651_1.jpg, image_2_651_2.jpg, image_2_651_3.jpg"
3 Piece - Printed Suit - 42401881,"Rs. 5,640.00 Rs. 3,666.00","Look gorgeous effortlessly by wearing a printed three-piece from the latest unstitched summer collection.
Product Detail:
Chunri With Lehria Texture In Printed Form Shirt with Dupatta and Trousers
SHIRT
Printed Super Fine Lawn Shirt: 3 Meter
Fabric: Lawn
Color: Coral & Pink
DUPATTA
Digital Printed Muzlin Dupatta: 2.5 Meter
Fabric: Muzlin
Color: Coral & Pink
TROUSERS
Dyed Cambric Trousers: 2.5 Meter
Fabric: Cambric
Color: Coral
Note:
Product color may slightly vary due to photographic lighting sources or your device settings.",https://nishatlinen.com/collections/women/products/42401881,"image_2_652_1.jpg, image_2_652_2.jpg, image_2_652_3.jpg"
Embroidered Tunic - AS24-76 - XS,"Rs. 5,130.00 Rs. 3,078.00","Create an inspiring look by wearing this embroidered tunic from the latest pret summer collection.
Product Detail
Embroidered Tunic
Tunic
V Neckline, Cuffed Sleeves, Embroidered Neckline & Sleeves, Short Tunic
Fabric: Yarn Dyed
Color: Blue
Note:
Product color may vary slightly due to photographic lighting sources or monitor settings.",https://nishatlinen.com/products/as24-76,"image_2_653_1.jpg, image_2_653_2.jpg, image_2_653_3.jpg"
3 Piece - Printed Embroidered Suit - 42401561,"Rs. 8,720.00 Rs. 5,668.00","Maximize your style with this digital printed embroidered three-piece from the latest unstitched summer collection.
Product Detail:
Ajrak Style Shirt with Dupatta and Trousers
SHIRT
Digital Printed Zari Lawn Shirt: 3 Meter
2 Embroidered Motifs + Border
Fabric: Lawn
Color: Blue
DUPATTA
Digital Printed Zari Lawn Dupatta: 2.5 Meter
Fabric: Lawn
Color: Blue
TROUSERS
Dyed Cambric Trousers: 2.5 Meter
Fabric: Cambric
Color: Blue
Note:
Product color may slightly vary due to photographic lighting sources or your device settings.",https://nishatlinen.com/collections/women/products/42401561,"image_2_654_1.jpg, image_2_654_2.jpg, image_2_654_3.jpg"
Embroidered Shirt - PS24-96 - S,"Rs. 3,590.00 Rs. 2,154.00","Look enticing this summer by wearing this embroidered shirt from the latest pret summer collection. 
Product Detail
Embroidered Shirt
Shirt
Round Neckline, Round Hem, Embroidered Neckline
Fabric: Cambric
Color: Parrot Green
Note:
Product color may vary slightly due to photographic lighting sources or monitor settings.",https://nishatlinen.com/collections/women/products/ps24-96,"image_2_655_1.jpg, image_2_655_2.jpg, image_2_655_3.jpg"
2 Piece - Printed Suit - PE24-222 - XS / S,"Rs. 6,150.00 Rs. 3,690.00","Catch the versatile look by wearing this printed two-piece suit from the latest pret summer collection.
Product Detail
Printed Shirt With Trousers
Shirt
Band Neckline With Buttons Detail On Placket, Box Pleat Detail At Front
Fabric: Lawn
Color: Blue
Trousers
Loose Straight Trousers
Fabric: Cambric 
Color: Blue
Note:
Product color may vary slightly due to photographic lighting sources or monitor settings.",https://nishatlinen.com/collections/women/products/pe24-222,"image_2_656_1.jpg, image_2_656_2.jpg, image_2_656_3.jpg"
2-Piece - Printed Embroidered Suit  - PS24-294 - XS,"Rs. 4,890.00 Rs. 2,934.00","Make your day magnificent by wearing this printed embroidered two-piece suit from the latest pret summer collection.
Product Detail
Printed Embroidered Shirt With Trousers
Shirt
Band Neckline With Placket, Embroidered Sleeves Edges, Printed Shirt 
Fabric: Cambric
Color: Navy
Trousers
Printed Straight Trousers
Fabric: Cambric
Color: Navy
Note:
Product color may vary slightly due to photographic lighting sources or monitor settings.",https://nishatlinen.com/products/ps24-294,"image_2_657_1.jpg, image_2_657_2.jpg, image_2_657_3.jpg"
2 Piece - Dyed Embroidered Suit - 42401058,"Rs. 5,640.00 Rs. 3,666.00","Elevate your daily wear with our dyed embroidered two-piece from the latest unstitched summer collection.
Product Detail:
Shirt with Trousers
SHIRT
Dyed Cambric Shirt: 3 Meter
Embroidered Front + Border
Fabric: Cambric
Color: Sky Blue
TROUSERS
Dyed Cambric Trousers: 2.5 Meter
Fabric: Cambric
Color: ﻿Sky Blue
Note:
Product color may slightly vary due to photographic lighting sources or your device settings.",https://nishatlinen.com/products/42401058,"image_2_658_1.jpg, image_2_658_2.jpg, image_2_658_3.jpg"
3 Piece - Digital Printed Suit - 42401552,"Rs. 8,200.00 Rs. 5,330.00","Get special attention by wearing this digital printed three-piece from the latest unstitched summer collection. 
Product Detail:
Floral Style Shirt with Dupatta and Trousers
SHIRT
Digital Printed Brochia Jacquard Shirt: 3 Meter
Fabric: Jacquard
Color: Yellow
DUPATTA
Digital Printed Brochia Jacquard Dupatta: 2.5 Meter
Fabric: Jacquard
Color: Yellow
TROUSERS
Dyed Cambric Trousers: 2.5 Meter
Fabric: Cambric
Color: ﻿Yellow
Note:
Product color may slightly vary due to photographic lighting sources or your device settings.",https://nishatlinen.com/products/42401552,"image_2_659_1.jpg, image_2_659_2.jpg, image_2_659_3.jpg"
3 Piece - Printed Embroidered Suit - 42401153,"Rs. 7,180.00 Rs. 4,667.00","Begin Your Fashion Journey with our printed embroidered three-piece from the latest unstitched summer collection.
Product Detail:
Tie & Dye Patterns Prints Style Shirt with Dupatta and Trousers
SHIRT
Printed Super Fine Lawn Shirt: 3 Meter
Embroidered Motifs + Border 
Fabric: Lawn
Color: Pink
DUPATTA
Digital Printed Emboss Chiffon Dupatta: 2.5 Meter
Fabric: Chiffon
Color: Pink
TROUSERS
Dyed Cambric Trousers: 2.5 Meter
Fabric: Cambric
Color: White
Note:
Product color may slightly vary due to photographic lighting sources or your device settings.",https://nishatlinen.com/collections/women/products/42401153,"image_2_660_1.jpg, image_2_660_2.jpg, image_2_660_3.jpg"
2 Piece - Printed Suit - 42402150,"Rs. 3,290.00 Rs. 2,632.00","Look elegant with this printed two-piece from the latest unstitched summer collection.
Product Detail:
Floral Bunches With Polkas Printed Style Shirt with Trousers
SHIRT
Digital Printed Cambric Shirt: 3 Meter
Fabric: Cambric
Color: Greenish Yellow
TROUSERS
Digital Printed Cambric Trousers: 2.5 Meter
Fabric: Cambric
Color: Greenish Yellow
Note:
Product color may slightly vary due to photographic lighting sources or your device settings.",https://nishatlinen.com/collections/women/products/42402150,"image_2_661_1.jpg, image_2_661_2.jpg, image_2_661_3.jpg"
3 Piece - Printed Suit - 42401848,"Rs. 6,150.00 Rs. 3,997.50","Become the ultimate trendsetter with our stylish printed three-piece from the latest unstitched summer collection.
Product Detail:
Embellished Patterns Style Shirt with Dupatta and Trousers
SHIRT
Printed Lawn Shirt: 3 Meter
Fabric: Lawn
Color: Black
DUPATTA
Digital Printed Zari Lawn Dupatta: 2.5 Meter
Fabric: Zari Lawn
Color: Black
TROUSERS
Dyed Cambric Trousers: 2.5 Meter
Fabric: Cambric
Color: Black
Note:
Product color may slightly vary due to photographic lighting sources or your device settings.",https://nishatlinen.com/collections/women/products/42401848,"image_2_662_1.jpg, image_2_662_2.jpg, image_2_662_3.jpg"
Printed Shirt - PE24-241 - XS,"Rs. 3,590.00 Rs. 2,154.00","Look and feel your best by wearing this printed shirt from the latest pret summer collection.
Product Detail
Printed Shirt
Shirt
Band Neckline With Overlap Placket
Fabric: Lawn
Color: Beige
Note:
Product color may vary slightly due to photographic lighting sources or monitor settings.",https://nishatlinen.com/collections/women/products/pe24-241,"image_2_663_1.jpg, image_2_663_2.jpg, image_2_663_3.jpg"
Printed Dress - FE24-07 - XS,"Rs. 7,700.00 Rs. 4,620.00","Look and feel your best by wearing this printed dress from the latest pret summer collection. 
Product Detail
Printed Dress
Dress
Round Neckline, Cuffed Sleeves, Gathers Below Yoke & Hem
Fabric: Monar Gold
Color: Maroon
Note:
Product color may vary slightly due to photographic lighting sources or monitor settings.",https://nishatlinen.com/products/fe24-07,"image_2_664_1.jpg, image_2_664_2.jpg, image_2_664_3.jpg"
3 Piece - Digital Printed Loose Fabric - 42403172 - Shirt / 3 / 3,Rs. 830.00 Rs. 540.00,"Uplift your look with digital printed three-piece from the latest freedom to buy summer collection.
Product Detail:
Floral Bunches With Embellished Motifs Printed Style Shirt with Dupatta and Trousers
SHIRT
Shirt: 3 Meter (RS 750/-Mtr)
Fabric: Lawn
Color: Green
DUPATTA
Dupatta: 2.5 Meter (RS 780/-Mtr)
Fabric: Voile
Color: Green
TROUSERS
Trousers: 2.5 Meter (RS 650/-Mtr)
Fabric: Cambric
Color: Green
Note:
Product color may slightly vary due to photographic lighting sources or your device settings.",https://nishatlinen.com/products/42403172,"image_2_665_1.jpg, image_2_665_2.jpg, image_2_665_3.jpg"
3 Piece - Embroidered Suit - 42402054,"Rs. 8,690.00 Rs. 5,648.50","Look mesmerizing with this embroidered three-piece from the latest unstitched summer collection.
Product Detail:
Mughal Botanical Mix Style Shirt with Dupatta and Trousers
SHIRT
Solid Slub Cambric Shirt: 3 Meter
Embroidered Front + Sleeves + Border
Fabric: Cambric
Color: Orange
DUPATTA
Digital Printed Slub Dupatta: 2.5 Meter
Fabric: Slub
Color: Orange
TROUSERS
Solid Cambric Trousers: 2.5 Meter
Fabric: Cambric
Color: Orange
Note:
Product color may slightly vary due to photographic lighting sources or your device settings.",https://nishatlinen.com/collections/women/products/42402054,"image_2_666_1.jpg, image_2_666_2.jpg, image_2_666_3.jpg"
2 Piece - Printed Suit - 42401586,"Rs. 3,590.00 Rs. 2,333.50","Look stylish with our daily wear printed two-piece from the latest unstitched summer collection.
Product Detail:
Mughal Printed Style Shirt with Dupatta
SHIRT
Printed Super Fine Lawn Shirt: 3 Meter
Fabric: Lawn
Color: Skin
DUPATTA
Digital Printed Muzlin Dupatta: 2.5 Meter
Fabric: Muzlin
Color: ﻿Skin
Note:
Product color may slightly vary due to photographic lighting sources or your device settings.",https://nishatlinen.com/products/42401586,"image_2_667_1.jpg, image_2_667_2.jpg, image_2_667_3.jpg"
2 Piece - Printed Embroidered Suit - 42401280,"Rs. 4,610.00 Rs. 2,996.50","Keep your look subtle yet chic with this printed embroidered two-piece from the latest unstitched summer collection.
Product Detail:
Floral Jaal Printed Style Style Shirt with Trousers
SHIRT
Printed Super Fine Lawn Shirt: 3 Meter
Embroidered Border
Fabric: Lawn
Color: Light Brown
TROUSERS
Printed Cambric Trousers: 2.5 Meter
Fabric: Cambric
Color: Light Brown
Note:
Product color may slightly vary due to photographic lighting sources or your device settings.",https://nishatlinen.com/products/42401280,"image_2_668_1.jpg, image_2_668_2.jpg, image_2_668_3.jpg"
2 Piece - Fancy Embroidered Suit - 42401291,"Rs. 6,150.00 Rs. 3,997.50","Create a gleaming statement in this fancy embroidered two-piece from the latest unstitched summer collection. 
Product Detail:
Shirt with Dupatta
SHIRT
Embroidered Super Fine Lawn Front: 1.15 Meter
Dyed Super Fine Lawn Back & Sleeves: 1.85 Meter
Embroidered Border
Fabric: Lawn
Color: Beige
DUPATTA
Sequin Dupatta: 2.5 Meter
Fabric: Sequin
Color: Beige
Note:
Product color may slightly vary due to photographic lighting sources or your device settings.",https://nishatlinen.com/collections/women/products/42401291,"image_2_669_1.jpg, image_2_669_2.jpg, image_2_669_3.jpg"
Printed Tunic - AS24-89 - XS,"Rs. 3,700.00 Rs. 2,220.00","Create gorgeous and magnificent look this season by wearing our printed tunic from the latest pret summer collection.
Product Detail
Printed Tunic
Tunic
Overlapped Band V Neckline, Rollover Cuffed Sleeves, Printed Tunic
Fabric: Silk
Color: Blue
Note:
Product color may vary slightly due to photographic lighting sources or monitor settings.",https://nishatlinen.com/products/as24-89,"image_2_670_1.jpg, image_2_670_2.jpg, image_2_670_3.jpg"
3 Piece - Printed Loose Fabric - 42403117 - Dupatta / 2.5 / 2.5,Rs. 830.00 Rs. 540.00,"Clear your wardrobe and make way for this effortless summer style printed three-piece from the latest freedom to buy summer collection.
Product Detail:
Vector Stencils Printed Style Shirt with Dupatta and Trousers
SHIRT
Shirt: 3 Meter (RS 730/-Mtr)
Fabric: Lawn
Color: Blue
DUPATTA
Dupatta: 2.5 Meter (RS 750/-Mtr)
Fabric: Voile
Color: Blue
Note: Fabric used in shoot for gown is dupatta fabric
TROUSERS
Trousers: 2.5 Meter (RS 650/-Mtr)
Fabric: Cambric
Color: Blue
Note:
Product color may slightly vary due to photographic lighting sources or your device settings.",https://nishatlinen.com/products/42403117,"image_2_671_1.jpg, image_2_671_2.jpg, image_2_671_3.jpg"
Printed Shirt - PE24-361 - XS,"Rs. 4,100.00 Rs. 2,460.00","Ease your confusion for styling by wearing this printed shirt from the latest pret summer collection.
Product Detail
Printed Shirt
Shirt
Round Neckline With Back Slit, Front Yoke With Gathers Detail, Flared Shirt
Fabric: Lawn
Color: Green
Note:
Product color may vary slightly due to photographic lighting sources or monitor settings.",https://nishatlinen.com/collections/women/products/pe24-361,"image_2_672_1.jpg, image_2_672_2.jpg, image_2_672_3.jpg"
3 Piece - Gold & Silver Printed Loose Fabric - 42403311 - Shirt / 3 / 3,Rs. 880.00 Rs. 572.00,"Elevate your style game in gold & silver printed three-piece from the latest freedom to buy summer collection.
Product Detail:
Stars Prints Style Shirt with Dupatta and Trousers 
SHIRT
Shirt: 3 Meter (RS 800/-Mtr)
Fabric: Lawn
Color: Sea Green
DUPATTA
Dupatta: 2.5 Meter (RS 850/-Mtr)
Fabric: Voile
Color: Sea Green
TROUSERS
Trousers: 2.5 Meter (RS 680/-Mtr)
Fabric: Cambric
Color: Sea Green
Note:
Product color may slightly vary due to photographic lighting sources or your device settings.",https://nishatlinen.com/collections/women/products/42403311,"image_2_673_1.jpg, image_2_673_2.jpg, image_2_673_3.jpg"
3 Piece - Printed Loose Fabric - 42403122 - Dupatta / 2.5 / 2.5,"Rs. 1,120.00 Rs. 728.00","Make visually pleasing and appealing look with this printed three-piece from the latest freedom to buy summer collection.
Product Detail:
Bold Leafs With Animal Printed Style Shirt with Dupatta and Trousers
SHIRT
Shirt: 3 Meter (RS 730/-Mtr)
Fabric: Lawn
Color: Multi
DUPATTA
Dupatta: 2.5 Meter (RS 750/-Mtr)
Fabric: Voile
Color: Multi
Note: Fabric used for gown in shoot is dupatta fabric
TROUSERS
Trousers: 2.5 Meter (RS 650/-Mtr)
Fabric: Cambric
Color: Off White
Note:
Product color may slightly vary due to photographic lighting sources or your device settings.",https://nishatlinen.com/products/42403122,"image_2_674_1.jpg, image_2_674_2.jpg, image_2_674_3.jpg"
2 Piece - Printed Suit - 42402149,"Rs. 3,290.00 Rs. 2,632.00","Look elegant wih this printed two-piece from the latest unstitched summer collection.
Product Detail:
Banarsi Printed Style Shirt with Trousers
SHIRT
Digital Printed Cambric Shirt: 3 Meter
Fabric: Cambric
Color: Black
TROUSERS
Digital Printed Cambric Trousers: 2.5 Meter
Fabric: Cambric
Color: Black
Note:
Product color may slightly vary due to photographic lighting sources or your device settings.",https://nishatlinen.com/collections/women/products/42402149,"image_2_675_1.jpg, image_2_675_2.jpg, image_2_675_3.jpg"
3 Piece - Printed Suit - 42401484,"Rs. 6,150.00 Rs. 3,997.50","Make your day pleasingly memorable with this printed three-piece from the latest unstitched summer collection.
Product Detail:
Lace Jaal Style Shirt with Dupatta and Trousers
SHIRT
Printed Super Fine Lawn Shirt: 3 Meter
1 Lace: 1.25 Meter
1 Lace: 2.5 Meter
Fabric: Lawn
Color: Lime Green
DUPATTA
Digital Printed Crinkle Chiffon Dupatta: 2.5 Meter
Fabric: Crinkle Chiffon
Color: Lime Green
TROUSERS
Printed Cambric Trousers: 2.5 Meter
Fabric: Cambric
Color: Lime Green
Note:
Product color may slightly vary due to photographic lighting sources or your device settings.",https://nishatlinen.com/collections/women/products/42401484,"image_2_676_1.jpg, image_2_676_2.jpg, image_2_676_3.jpg"
Embroidered Tunic - PS24-120 - L,"Rs. 4,300.00 Rs. 2,580.00","Get the most significant look by wearing this embroidered tunic from the latest pret summer collection.
Product Detail
Embroidered Tunic
Tunic
Round Neckline With Slit & Piping Detail, Embroidered Bodice With Gathers Detail
Fabric: Cambric
Color: Pink
Note:
Product color may vary slightly due to photographic lighting sources or monitor settings.",https://nishatlinen.com/products/ps24-120,"image_2_677_1.jpg, image_2_677_2.jpg, image_2_677_3.jpg"
2-Piece - Basic Suit  - PS24-27 - XL,"Rs. 5,690.00 Rs. 3,414.00","Look and feel your best by wearing this basic two-piece suit from the latest pret summer collection. 
Product Detail
Basic Shirt With Trousers
Shirt
Band Neckline With Buttons Detail On Placket, Adda Work On Sleeves, Flared Shirt 
Fabric: Cambric
Color: Peacock
Trousers
Loose Straight Trousers With Pleats Detail At Hem
Fabric: Cambric
Color: Peacock
Note:
Product color may vary slightly due to photographic lighting sources or monitor settings. ",https://nishatlinen.com/products/ps24-27,"image_2_678_1.jpg, image_2_678_2.jpg, image_2_678_3.jpg"
2 Piece - Embroidered Suit - PS24-22 - XS,"Rs. 7,700.00 Rs. 4,620.00","Effortlessly elevate your style with this embroidered two-piece suit from the latest pret pre summer collection.
Product Detail
Embroidered Shirt With Trousers
Shirt
V Neckline With Front Pleat Detail
Fabric: Jacquard
Color: Blue
Trousers
Straight Trousers With Embroidered Hem
Fabric: Cambric
Color: Blue
Note:
Product color may vary slightly due to photographic lighting sources or monitor settings.",https://nishatlinen.com/products/ps24-22,"image_2_679_1.jpg, image_2_679_2.jpg, image_2_679_3.jpg"
Embroidered Tunic - PS24-104 - XS,"Rs. 3,790.00 Rs. 2,274.00","Brighten your wardrobe with this embroidered tunic from the latest pret summer collection.
Product Detail
Embroidered Tunic
Tunic
Round Neckline With Placket, Embroidered Front
Fabric: Cambric
Color: Red
Note:
Product color may vary slightly due to photographic lighting sources or monitor settings.",https://nishatlinen.com/collections/women/products/ps24-104,"image_2_680_1.jpg, image_2_680_2.jpg, image_2_680_3.jpg"
3 Piece - Jacquard Suit - 42402126,"Rs. 9,990.00 Rs. 7,992.00","Get ready for garden parties by styling our jacquard three-piece from the latest unstitched summer collection.
Product Detail:
Animal Print With Abstract Florals Style Shirt with Dupatta and Trousers
SHIRT
Jacquard Shirt: 3 Meter
Fabric: Jacquard
Color: Black
DUPATTA
Digital Printed Crinkle Chiffon Dupatta: 2.5 Meter
Fabric: Crinkle Chiffon
Color: Black
TROUSERS
Jacquard Trousers: 2.5 Meter
Fabric: Jacquard
Color: Black
Note:
Product color may slightly vary due to photographic lighting sources or your device settings.",https://nishatlinen.com/collections/women/products/42402126,"image_2_681_1.jpg, image_2_681_2.jpg, image_2_681_3.jpg"
3 Piece - Printed Suit - 42402108,"Rs. 4,990.00 Rs. 3,992.00","Amaze yourself in this printed three-piece from the latest unstitched summer collection.
Product Detail:
Floral Bunches Printed Style Shirt with Dupatta and Trousers
SHIRT
Printed Lawn Shirt: 3 Meter
Fabric: Lawn
Color: Skin
DUPATTA
Printed Doriya Dupatta: 2.5 Meter
Fabric: Doriya
Color: Skin
TROUSERS
Solid Cambric Trousers: 2.5 Meter
Fabric: Cambric
Color: Skin
Note:
Product color may slightly vary due to photographic lighting sources or your device settings.",https://nishatlinen.com/collections/women/products/42402108,"image_2_682_1.jpg, image_2_682_2.jpg, image_2_682_3.jpg"
3 Piece - Printed Suit - 42401851,"Rs. 6,150.00 Rs. 3,997.50","Get a versatile look with our printed three-piece from the latest unstitched summer collection.
Product Detail:
Stencil Laces With Tie & Dye Background Printed Style Shirt with Dupatta and Trousers
SHIRT
Printed Lawn Shirt: 3 Meter
Fabric: Lawn
Color: Yellow
DUPATTA
Digital Printed Zari Lawn Dupatta: 2.5 Meter
Fabric: Zari Lawn
Color: Yellow
TROUSERS
Dyed Cambric Trousers: 2.5 Meter
Fabric: Cambric
Color: White
Note:
Product color may slightly vary due to photographic lighting sources or your device settings.",https://nishatlinen.com/collections/women/products/42401851,"image_2_683_1.jpg, image_2_683_2.jpg, image_2_683_3.jpg"
Printed Shirt - PE24-359 - XS,"Rs. 4,100.00 Rs. 2,460.00","Ease your confusion for styling by wearing this printed shirt from the latest pret summer collection.
Product Detail
Printed Shirt
Shirt
Band Neckline With V-Slit, Printed Shirt
Fabric: Lawn
Color: Maroon
Note:
Product color may vary slightly due to photographic lighting sources or monitor settings.",https://nishatlinen.com/products/pe24-359,"image_2_684_1.jpg, image_2_684_2.jpg, image_2_684_3.jpg"
3 Piece - Embroidered Suit - 42402061,"Rs. 8,690.00 Rs. 5,648.50","Be exclusive in this unique embroidered three-piece from the latest unstitched summer collection.
Product Detail:
Ethnic Patterns With Embellished Motifs Style Shirt with Dupatta and Trousers
SHIRT
Solid Slub Cambric Shirt: 3 Meter
Embroidered Front + Sleeves + Motifs
Fabric: Cambric
Color: Red
DUPATTA
Digital Printed Slub Dupatta: 2.5 Meter
Fabric: Slub
Color: Red
TROUSERS
Solid Cambric Trousers: 2.5 Meter
Fabric: Cambric
Color: Red
Note:
Product color may slightly vary due to photographic lighting sources or your device settings.",https://nishatlinen.com/collections/women/products/42402061,"image_2_685_1.jpg, image_2_685_2.jpg, image_2_685_3.jpg"
3 Piece - Printed Suit - 42402103,"Rs. 4,990.00 Rs. 3,992.00","Look your best with this elegant printed three-piece from the latest unstitched summer collection.
Product Detail:
Abstract Floral Printed Style Shirt with Dupatta and Trousers
SHIRT
Printed Lawn Shirt: 3 Meter
Fabric: Lawn
Color: Yellow
DUPATTA
Printed Doriya Dupatta: 2.5 Meter
Fabric: Doriya
Color: Yellow
TROUSERS
Solid Cambric Trousers: 2.5 Meter
Fabric: Cambric
Color: White
Note:
Product color may slightly vary due to photographic lighting sources or your device settings.",https://nishatlinen.com/products/42402103,"image_2_686_1.jpg, image_2_686_2.jpg, image_2_686_3.jpg"
3 Piece - Printed Suit - PE24-214 - XS,"Rs. 10,160.00 Rs. 6,096.00","Look and feel your best by wearing this printed three-piece suit from the latest pret summer collection. 
Product Detail
Printed Shirt With Dupatta & Shalwar
Shirt
Round Neckline With Piping & Slit, Adda Detail On Neckline & Hem
Fabric: Lawn
Color: Brown
Dupatta
Fabric: Silk
Color: Mustard
Shalwar
Fabric: Cambric
Color: Mustard
Note:
Product color may vary slightly due to photographic lighting sources or monitor settings.",https://nishatlinen.com/collections/women/products/pe24-214,"image_2_687_1.jpg, image_2_687_2.jpg, image_2_687_3.jpg"
Printed Tunic - PS24-247 - XS,"Rs. 2,770.00 Rs. 1,662.00","Enrich your everyday style by wearing this printed tunic from the latest pret summer collection.
Product Detail
Printed Tunic
Tunic
Band Neckline With Placket & Buttons Detail, Printed Tunic
Fabric: Cambric
Color: Multi
Note:
Product color may vary slightly due to photographic lighting sources or monitor settings.",https://nishatlinen.com/collections/women/products/ps24-247,"image_2_688_1.jpg, image_2_688_2.jpg, image_2_688_3.jpg"
3 Piece - Digital Printed Jacquard Suit - 42401183,"Rs. 7,690.00 Rs. 4,998.50","Elevate our wardrobe with our digital printed jacquard three-piece from the latest unstitched summer collection.
Product Detail:
Floral Chintz Style Shirt with Dupatta and Trousers
SHIRT
Digital Printed Brochia Jacquard Shirt: 3 Meter
Fabric: Brochia Jacquard
Color: White
DUPATTA
Digital Printed Brochia Jacquard Dupatta: 2.5 Meter
Fabric: Brochia Jacquard
Color: White
TROUSERS
Dyed Cambric Trousers: 2.5 Meter
Fabric: Cambric
Color: ﻿White
Note:
Product color may slightly vary due to photographic lighting sources or your device settings.",https://nishatlinen.com/products/42401183,"image_2_689_1.jpg, image_2_689_2.jpg, image_2_689_3.jpg"
Embroidered Shirt - PE24-71 - XS,"Rs. 5,130.00 Rs. 3,078.00","Radiate pure enchantment by wearing this embroidered shirt from the latest pret summer collection.
Product Detail
Embroidered Shirt
Shirt
Band Neckline With Piping & Slit, Embroidered Front, Lace Detail On Sleeves
Fabric: Texture
Color: Sky Blue
Note:
Product color may vary slightly due to photographic lighting sources or monitor settings.",https://nishatlinen.com/collections/women/products/pe24-71,"image_2_690_1.jpg, image_2_690_2.jpg, image_2_690_3.jpg"
3 Piece - Printed Embroidered Suit - 42402034,"Rs. 7,690.00 Rs. 4,998.50","Find simplicity with printed embroidered three-piece from the latest unstitched summer collection.
Product Detail:
Textures & Floral Silhouettes Prints Style Shirt with Dupatta and Trousers
SHIRT
Printed Super Fine Lawn Shirt: 3 Meter
2 Embroidered Motifs
Fabric: Lawn
Color: Black
DUPATTA
Digital Printed Crinkle Chiffon Dupatta: 2.5 Meter
Fabric: Crinkle Chiffon
Color: Black
TROUSERS
Solid Cambric Trousers: 2.5 Meter
Fabric: Cambric
Color: Black
Note:
Product color may slightly vary due to photographic lighting sources or your device settings.",https://nishatlinen.com/collections/women/products/42402034,"image_2_691_1.jpg, image_2_691_2.jpg, image_2_691_3.jpg"
3 Piece - Printed Suit - 42402108,"Rs. 4,990.00 Rs. 3,992.00","Amaze yourself in this printed three-piece from the latest unstitched summer collection.
Product Detail:
Floral Bunches Printed Style Shirt with Dupatta and Trousers
SHIRT
Printed Lawn Shirt: 3 Meter
Fabric: Lawn
Color: Skin
DUPATTA
Printed Doriya Dupatta: 2.5 Meter
Fabric: Doriya
Color: Skin
TROUSERS
Solid Cambric Trousers: 2.5 Meter
Fabric: Cambric
Color: Skin
Note:
Product color may slightly vary due to photographic lighting sources or your device settings.",https://nishatlinen.com/products/42402108,"image_2_692_1.jpg, image_2_692_2.jpg, image_2_692_3.jpg"
3 Piece - Printed Embroidered Suit - 42402067,"Rs. 8,690.00 Rs. 5,648.50","Make your day magnificent by wearing this printed embroidered three-piece from the latest unstitched summer collection.
Product Detail:
Embroidery Motifs Style Shirt with Dupatta and Trousers
SHIRT
Printed Super Fine Lawn Shirt: 3 Meter
Embroidered Neckline + Motifs + Border
Fabric: Lawn
Color: Maroon
DUPATTA
Digital Printed Fancy Jacquard Dupatta: 2.5 Meter
Fabric: Jacquard
Color: Maroon
TROUSERS
Solid Cambric Trousers: 2.5 Meter
Fabric: Cambric
Color: Maroon
Note:
Product color may slightly vary due to photographic lighting sources or your device settings.",https://nishatlinen.com/products/42402067,"image_2_693_1.jpg, image_2_693_2.jpg, image_2_693_3.jpg"
2 Piece - Basic Suit - PE24-102 - XS,"Rs. 5,640.00 Rs. 3,384.00","Radiate positivity and vibrancy in this basic two-piece suit from the latest pret summer collection.
Product Detail
Basic Shirt With Trousers
Shirt
Band Neckline With Adda Work Detail On Placket, Cuffed Sleeves
Fabric: Cambric
Color: Green
Trousers
Straight Trousers
Fabric: Cambric
Color: Green
Note:
Product color may vary slightly due to photographic lighting sources or monitor settings.",https://nishatlinen.com/collections/women/products/pe24-102,"image_2_694_1.jpg, image_2_694_2.jpg, image_2_694_3.jpg"
2 Piece - Embroidered Suit - PE24-41 - XS,"Rs. 7,690.00 Rs. 4,614.00","Look and feel your best by wearing this embroidered two-piece suit from the latest pret summer collection. 
Product Detail
Embroidered Shirt With Dupatta
Shirt
Band Neckline, Embroidered Front Panels & Sleeves, Paneled Shirt
Fabric: Cambric
Color: Sky Blue
Dupatta
Fabric: Poly Stripe
Color: Sky Blue
Note:
Product color may vary slightly due to photographic lighting sources or monitor settings.",https://nishatlinen.com/collections/women/products/pe24-41,"image_2_695_1.jpg, image_2_695_2.jpg, image_2_695_3.jpg"
2 Piece - Printed Embroidered Suit - 42401716,"Rs. 5,640.00 Rs. 3,666.00","Dress up like a queen with this printed embroidered two-piece from the latest unstitched summer collection.
Product Detail:
Stamp Motifs With Textured Borders Style Shirt with Dupatta
SHIRT
Printed Super Fine Lawn Shirt: 3 Meter
Embroidered Neckline + Border
Fabric: Lawn
Color: Black
DUPATTA
Digital Printed Zari Chiffon Dupatta: 2.5 Meter
Fabric: Chiffon
Color: Black & Red
Note:
Product color may slightly vary due to photographic lighting sources or your device settings.",https://nishatlinen.com/collections/women/products/42401716,"image_2_696_1.jpg, image_2_696_2.jpg, image_2_696_3.jpg"
2 Piece - Printed Suit - 42402148,"Rs. 3,290.00 Rs. 2,632.00","Brighten up your wardrobe with this printed two-piece from the latest unstitched summer collection.
Product Detail:
Banarsi Printed Style Shirt with Trousers
SHIRT
Digital Printed Cambric Shirt: 3 Meter
Fabric: Cambric
Color: Green
TROUSERS
Digital Printed Cambric Trousers: 2.5 Meter
Fabric: Cambric
Color: Pink
Note:
Product color may slightly vary due to photographic lighting sources or your device settings.",https://nishatlinen.com/products/42402148,"image_2_697_1.jpg, image_2_697_2.jpg, image_2_697_3.jpg"
1 Piece - Digital Printed Loose Fabric - 42403202 - Shirt / 3 / 3,"Rs. 1,120.00 Rs. 728.00","Effortlessly capture hearts with our digital printed one-piece from the latest freedom to buy summer collection.
Product Detail:
Chintz With Checks Printed Style Shirt 
SHIRT
Shirt: 3 Meter (RS 830/-Mtr)
Fabric: Dobby Lawn
Color: Beige

Note:
Product color may slightly vary due to photographic lighting sources or your device settings.",https://nishatlinen.com/products/42403202,"image_2_698_1.jpg, image_2_698_2.jpg, image_2_698_3.jpg"
2 Piece - Printed Suit - 42401963,"Rs. 2,870.00 Rs. 1,865.50","Preserve your beautiful memories by wearing this printed two-piece from the latest unstitched summer collection.
Product Detail:
Ajrak Printed Style Shirt with Trousers
SHIRT
Printed Super Fine Lawn Shirt: 3 Meter
Fabric: Lawn
Color: Black
TROUSERS
Solid Cambric Trousers: 2.5 Meter
Fabric: Cambric
Color: Black
Note:
Product color may slightly vary due to photographic lighting sources or your device settings.",https://nishatlinen.com/collections/women/products/42401963,"image_2_699_1.jpg, image_2_699_2.jpg, image_2_699_3.jpg"
3 Piece - Printed Embroidered Suit - 42405002,"Rs. 9,230.00 Rs. 5,999.50","For an elegant appearance with printed embroidered three-piece from the latest summer collection.
Product Detail:
Shirt with Dupatta and Trousers
SHIRT
Digital Printed Super Fine Lawn Shirt: 3.2 Meter
2 Embroidered Borders
Fabric: Lawn
Color: Maroon
DUPATTA
Printed Voile Dupatta: 2.6 Meter
Fabric: Voile
Color: Maroon 
TROUSERS
Dyed Cambric Trousers: 2.5 Meter
Fabric: Cambric
Color: Maroon
Note:
Product color may slightly vary due to photographic lighting sources or your device settings.",https://nishatlinen.com/products/42405002,"image_2_700_1.jpg, image_2_700_2.jpg, image_2_700_3.jpg"
2 Piece - Jacquard Embroidered Suit - 42402155,"Rs. 6,990.00 Rs. 5,592.00","For an elegant appearance with this jacquard embroidered two-piece from the latest unstitched summer collection.
Product Detail:
Paisleys Style Shirt with Dupatta
SHIRT
Jacquard Shirt: 3 Meter
Embroidered Neckline + Border
Fabric: Jacquard
Color: Maroon
DUPATTA
Jacquard Dupatta: 2.5 Meter
Fabric: Jacquard
Color: Maroon
Note:
Product color may slightly vary due to photographic lighting sources or your device settings.",https://nishatlinen.com/products/42402155,"image_2_701_1.jpg, image_2_701_2.jpg, image_2_701_3.jpg"
3 Piece - Printed Suit - 42401206,"Rs. 6,660.00 Rs. 4,329.00","Be a style icon with printed three-piece from the latest unstitched summer collection.
Product Detail:
Floral Ethnic Mix Prints Style Shirt with Dupatta and Trousers
SHIRT
Printed Super Fine Lawn Shirt: 3 Meter
Fabric: Lawn
Color: Skin
DUPATTA
Digital Printed Crinkle Chiffon Dupatta: 2.5 Meter
Fabric: Crinkle Chiffon
Color: Skin
TROUSERS
Printed Cambric Trousers: 2.5 Meter
Fabric: Cambric
Color: ﻿Skin
Note:
Product color may slightly vary due to photographic lighting sources or your device settings.",https://nishatlinen.com/collections/women/products/42401206,"image_2_702_1.jpg, image_2_702_2.jpg, image_2_702_3.jpg"
3 Piece - Yarn Dyed Embroidered Suit - 42402171,"Rs. 8,490.00 Rs. 6,792.00","Build your core wardrobe with this yarn dyed embroidered three-piece from the latest unstitched summer collection.
Product Detail:
Yarn Dyed Dupatta With Checkered Shirt and Trousers
SHIRT
Yarn Dyed Shirt: 3 Meter
4 Embroidered Motifs + Border
Fabric: Yarn Dyed
Color: Peach
DUPATTA
Yarn Dyed Dupatta: 2.5 Meter
Fabric: Yarn Dyed
Color: Pink
TROUSERS
Solid Cambric Trousers: 2.5 Meter
Fabric: Solid Cambric
Color: Peach
Note:
Product color may slightly vary due to photographic lighting sources or your device settings.",https://nishatlinen.com/collections/women/products/42402171,"image_2_703_1.jpg, image_2_703_2.jpg, image_2_703_3.jpg"
Printed Shirt - AS24-86 - XS / S,"Rs. 3,290.00 Rs. 1,974.00","Enhance your style by wearing this printed shirt from the latest pret summer collection.
Product Detail
Printed Shirt
Shirt
Collar Neckline With Slit, Round Hem, Cuffed Sleeves With Buttons Detail, Kimono Shirt
Fabric: Viscose Lawn
Color: Grey
Note:
Product color may vary slightly due to photographic lighting sources or monitor settings.",https://nishatlinen.com/collections/women/products/as24-86,"image_2_704_1.jpg, image_2_704_2.jpg, image_2_704_3.jpg"
Embroidered Trousers - PS24-158 - XS,"Rs. 2,770.00 Rs. 1,662.00","Enhance your clothing selection with this embroidered trousers from the latest pret summer collection.
Product Detail
Embroidered Trousers
Trousers
Loose Straight Trousers With Embroidered Hem
Fabric: Cambric
Color: Black
Note:
Product color may vary slightly due to photographic lighting sources or monitor settings.",https://nishatlinen.com/collections/women/products/ps24-158,"image_2_705_1.jpg, image_2_705_2.jpg, image_2_705_3.jpg"
1 Piece - Digital Printed Loose Fabric - 42403351 - Shirt / 3 / 3,Rs. 880.00 Rs. 572.00,"Look regal with this digital printed one-piece from the latest freedom to buy summer collection.
Product Detail:
Suzani Printed Style Shirt 
SHIRT
Shirt: 3 Meter (RS 850/-Mtr)
Fabric: Dobby Lawn
Color: Navy
Note:
Product color may slightly vary due to photographic lighting sources or your device settings.",https://nishatlinen.com/collections/women/products/42403351,"image_2_706_1.jpg, image_2_706_2.jpg, image_2_706_3.jpg"
2 Piece - Basic Suit - PE24-34 - XS,"Rs. 6,660.00 Rs. 3,996.00","Look and feel your best by wearing this basic two-piece suit from the latest pret summer collection.
Product Detail
Basic Shirt With Trousers
Shirt
Round Neckline With Piping & Slit, Pintucks Detail At Fornt, Adda Detail At Sleeves
Fabric: Texture
Color: Peach
Trousers
Loose Straight Trousers
Fabric: Cambric
Color: Orange
Note:
Product color may vary slightly due to photographic lighting sources or monitor settings.",https://nishatlinen.com/products/pe24-34,"image_2_707_1.jpg, image_2_707_2.jpg, image_2_707_3.jpg"
3 Piece - Printed Embroidered Suit - 42402043,"Rs. 7,690.00 Rs. 4,998.50","Indulge in elegance with our printed embroidered three-piece from the latest unstitched summer collection.
Product Detail:
Animal Prints Style Shirt with Dupatta and Trousers
SHIRT
Printed Super Fine Lawn Shirt: 3 Meter
4 Embroidered Motifs
Fabric: Lawn
Color: Yellow
DUPATTA
Digital Printed Crinkle Chiffon Dupatta: 2.5 Meter
Fabric: Crinkle Chiffon
Color: Yellow 
TROUSERS
Solid Cambric Trousers: 2.5 Meter
Fabric: Cambric
Color: Yellow
Note:
Product color may slightly vary due to photographic lighting sources or your device settings.",https://nishatlinen.com/products/42402043,"image_2_708_1.jpg, image_2_708_2.jpg, image_2_708_3.jpg"
3 Piece - Printed Suit - 42401886,"Rs. 5,640.00 Rs. 3,666.00","Be yourself fabulous by wearing a printed three-piece from the latest unstitched summer collection.
Product Detail:
Mughal Prints Style Shirt with Dupatta and Trousers
SHIRT
Printed Super Fine Lawn Shirt: 3 Meter
Fabric: Lawn
Color: Beige
DUPATTA
Digital Printed Muzlin Dupatta: 2.5 Meter
Fabric: Muzlin
Color: Beige
TROUSERS
Dyed Cambric Trousers: 2.5 Meter
Fabric: Cambric
Color: Beige
Note:
Product color may slightly vary due to photographic lighting sources or your device settings.",https://nishatlinen.com/collections/women/products/42401886,"image_2_709_1.jpg, image_2_709_2.jpg, image_2_709_3.jpg"
2 Piece - Printed Suit - PE24-243 - XS,"Rs. 7,690.00 Rs. 4,614.00","Look and feel your best by wearing this printed two-piece suit from the latest pret summer collection. 
Product Detail
Printed Shirt With Dupatta
Shirt
Round Neckline With Slit & Piping
Fabric: Lawn
Color: Off White
Dupatta
Tassels Detail At Borders
Fabric: Sequence
Color: Maroon
Note:
Product color may vary slightly due to photographic lighting sources or monitor settings.",https://nishatlinen.com/products/pe24-243,"image_2_710_1.jpg, image_2_710_2.jpg, image_2_710_3.jpg"
1 Piece - Printed Loose Fabric - 42403053 - Shirt / 3 / 3,Rs. 670.00 Rs. 436.00,"Revitalize your style with this printed one-piece from the latest freedom to buy summer collection.
Product Detail:
Cross Stitch Patterns In Printed Form Shirt
SHIRT
Shirt: 3 Meter (RS 730/-Mtr)
Fabric: Lawn
Color: Off White
Note:
Product color may slightly vary due to photographic lighting sources or your device settings.",https://nishatlinen.com/collections/women/products/42403053,"image_2_711_1.jpg, image_2_711_2.jpg, image_2_711_3.jpg"
3 Piece - Printed Loose Fabric - 42403374 - Trouser / 2.5 / 2.5,Rs. 455.00 - Rs. 533.00,"Look gorgeous effortlessly by wearing this printed three-piece from the latest freedom to buy summer collection.
Product Detail
Mughal Motifs In Printed Form Shirt with Dupatta and Trousers 
SHIRT
Shirt: 3 Meter (RS 780/-Mtr) 
Fabric: Lawn
Color: Green
DUPATTA
Dupatta: 2.5 Meter (RS 800/-Mtr) 
Fabric: Voile
Color: Blue
TROUSERS
Trousers: 2.5 Meter (RS 700/-Mtr) 
Fabric: Cambric
Color: Green
Note:
Product color may slightly vary due to photographic lighting sources or your device settings.",https://nishatlinen.com/collections/women/products/42403374,"image_2_712_1.jpg, image_2_712_2.jpg, image_2_712_3.jpg"
3 Piece - Printed Suit - 42402052,"Rs. 6,490.00 Rs. 4,218.50","Brighten up your wardrobe with this printed three-piece from the latest unstitched summer collection.
Product Detail:
Textures Printed Style Shirt with Dupatta and Trousers
SHIRT
Printed Super Fine Lawn Shirt: 3 Meter
Fabric: Lawn
Color: Sky Magenta
DUPATTA
Digital Printed Crinkle Chiffon Dupatta: 2.5 Meter
Fabric: Crinkle Chiffon
Color: Sky Magenta
TROUSERS
Solid Cambric Trousers: 2.5 Meter
Fabric: Cambric
Color: Sky Magenta
Note:
Product color may slightly vary due to photographic lighting sources or your device settings.",https://nishatlinen.com/collections/women/products/42402052,"image_2_713_1.jpg, image_2_713_2.jpg, image_2_713_3.jpg"
3 Piece - Printed Loose Fabric - 42403022 - Shirt / 3 / 3,Rs. 670.00 Rs. 436.00,"Elevate your style and embrace sophistication with this alluring printed three-piece from the latest freedom to buy summer collection.
Product Detail:
Block Printed Style Shirt with Dupatta and Trousers
SHIRT
Shirt: 3 Meter (RS 730/-Mtr)
Fabric: Lawn
Color: White
DUPATTA
Dupatta: 2.5 Meter (RS 750/-Mtr)
Fabric: Voile
Color: White
TROUSERS
Trousers: 2.5 Meter (RS 650/-Mtr)
Fabric: Cambric
Color: White
Note:
Product color may slightly vary due to photographic lighting sources or your device settings.",https://nishatlinen.com/products/42403022,"image_2_714_1.jpg, image_2_714_2.jpg, image_2_714_3.jpg"
1 Piece - Printed Loose Fabric - 42403051 - Shirt / 3 / 3,Rs. 670.00 Rs. 436.00,"Get ready for garden parties by styling this printed one-piece from the latest freedom to buy summer collection.
Product Detail:
Block Printed Style Shirt
SHIRT
Shirt: 3 Meter (RS 730/-Mtr)
Fabric: Lawn
Color: Red
Note:
Product color may slightly vary due to photographic lighting sources or your device settings.",https://nishatlinen.com/products/42403051,"image_2_715_1.jpg, image_2_715_2.jpg, image_2_715_3.jpg"
3 Piece - Gold Paste Printed Embroidered Suit - 42401891,"Rs. 8,720.00 Rs. 5,668.00","Make an inspiring statement with our gold paste printed embroidered three-piece from the latest unstitched summer collection.
Product Detail:
Embellished Patterns Style Shirt with Dupatta and Trousers
SHIRT
Gold Paste Printed Super Fine Lawn Shirt: 3 Meter
Embroidered Motifs + Border
Fabric: Lawn
Color: Maroon
DUPATTA
Gold Paste Printed Lawn Dupatta: 2.5 Meter
Fabric: Lawn
Color: Maroon
TROUSERS
Dyed Cambric Trousers: 2.5 Meter
Fabric: Cambric
Color: ﻿Maroon
Note:
Product color may slightly vary due to photographic lighting sources or your device settings.",https://nishatlinen.com/collections/women/products/42401891,"image_2_716_1.jpg, image_2_716_2.jpg, image_2_716_3.jpg"
2 Piece - Embroidered Suit - FS24-64 - XS,"Rs. 10,290.00 Rs. 6,174.00","Get an essential graceful look in this embroidered two-piece suit from the latest pret summer collection.
Product Detail
Embroidered Tunic With Trousers
Tunic
Band Neckline With Shell Buttons On Front, Panels Detail On Sleeves, Embroidered Front & Sleeves, Button Down Tunic
Fabric: Jacquard
Color: Yellow
Trousers
Fabric: Jacquard
Color: Yellow
Note:
Product color may vary slightly due to photographic lighting sources or monitor settings.",https://nishatlinen.com/collections/women/products/fs24-64,"image_2_717_1.jpg, image_2_717_2.jpg, image_2_717_3.jpg"
Printed Tunic - PS24-247 - XS,"Rs. 2,770.00 Rs. 1,662.00","Enrich your everyday style by wearing this printed tunic from the latest pret summer collection.
Product Detail
Printed Tunic
Tunic
Band Neckline With Placket & Buttons Detail, Printed Tunic
Fabric: Cambric
Color: Multi
Note:
Product color may vary slightly due to photographic lighting sources or monitor settings.",https://nishatlinen.com/products/ps24-247,"image_2_718_1.jpg, image_2_718_2.jpg, image_2_718_3.jpg"
1 Piece - Digital Printed Loose Fabric - 42403214 - Shirt / 3 / 3,"Rs. 1,120.00 Rs. 728.00","Elegant details make this digital printed one-piece from the latest freedom to buy summer collection.
Product Detail:
Stars With Geometric Shapes Printed Style Shirt 
SHIRT
Shirt: 3 Meter (RS 800/-Mtr)
Fabric: Dobby Check
Color: Cream

Note:
Product color may slightly vary due to photographic lighting sources or your device settings.",https://nishatlinen.com/products/42403214,"image_2_719_1.jpg, image_2_719_2.jpg, image_2_719_3.jpg"
2 Piece - Embroidered Suit - PS24-111 - XS,"Rs. 6,690.00 Rs. 4,014.00","Radiate positivity and vibrancy in this embroidered two-piece suit from the latest pret summer collection.
Product Detail
Embroidered Shirt With Trousers
Shirt
Round Neckline With Placket, Pleated Front, Top Stitches Detail On Neckline & Sleeves, Embroidered Neckline
Fabric: Cambric
Color: Ocean
Trousers
Embroidered Trousers
Fabric: Cambric
Color: Ocean
Note:
Product color may vary slightly due to photographic lighting sources or monitor settings.",https://nishatlinen.com/collections/women/products/ps24-111,"image_2_720_1.jpg, image_2_720_2.jpg, image_2_720_3.jpg"
3 Piece - Gold Printed Embroidered Suit - 42401861,"Rs. 7,690.00 Rs. 4,998.50","Refresh your wardrobe with this gold printed embroidered three-piece from the latest unstitched summer collection.
Product Detail:
Chunri Print Style Shirt with Dupatta and Trousers
SHIRT
Gold Paste Printed Super Fine Lawn Shirt: 3 Meter
Embroidered Neckline + Border
Fabric: Lawn
Color: Black
DUPATTA
Gold Paste Printed Voile Dupatta: 2.5 Meter
Fabric: Voile
Color: Black
TROUSERS
Solid Cambric Trousers: 2.5 Meter
Fabric: Cambric
Color: Black
Note:
Product color may slightly vary due to photographic lighting sources or your device settings.",https://nishatlinen.com/products/42401861,"image_2_721_1.jpg, image_2_721_2.jpg, image_2_721_3.jpg"
2 Piece - Embroidered Suit - PS24-108 - XS,"Rs. 6,190.00 Rs. 3,714.00","Radiate positivity and vibrancy in this embroidered two-piece suit from the latest pret summer collection. 
Product Detail
Embroidered Shirt With Dupatta
Shirt
V Neckline With Front Box Pleat Detail, Embroidered Neckline, Straight Shirt
Fabric: Cambric
Color: Blue
Dupatta
Lace Detail On Edges
Fabric: Monar
Color: Blue
Note:
Product color may vary slightly due to photographic lighting sources or monitor settings.",https://nishatlinen.com/products/ps24-108,"image_2_722_1.jpg, image_2_722_2.jpg, image_2_722_3.jpg"
3 Piece - Digital Printed Suit - 42401052,"Rs. 4,610.00 Rs. 2,996.50","Get the tale of elegance and grace by wearing digital printed three-piece from the latest unstitched summer collection.
Product Detail:
Block Printed Style Motifs Shirt with Dupatta and Trousers
SHIRT
Digital Printed Super Fine Lawn Shirt: 3 Meter
Fabric: Lawn
Color: Orange
DUPATTA
Digital Printed Voile Dupatta: 2.5 Meter
Fabric: Voile
Color: Orange
TROUSERS
Dyed Cambric Trousers: 2.5 Meter
Fabric: Cambric
Color: ﻿Orange
Note:
Product color may slightly vary due to photographic lighting sources or your device settings.",https://nishatlinen.com/products/42401052,"image_2_723_1.jpg, image_2_723_2.jpg, image_2_723_3.jpg"
3 Piece - Digital Printed Loose Fabric - 42403379 - Shirt / 3 / 3,Rs. 455.00 - Rs. 533.00,"Captivate in majestic featuring digital printed three-piece from the latest freedom to buy summer collection.
Product Detail
Abstract Printed Style Shirt with Dupatta and Trousers 
SHIRT
Shirt: 3 Meter (RS 800/-Mtr) 
Fabric: Lawn
Color: Beige Green
DUPATTA
Dupatta: 2.5 Meter (RS 820/-Mtr) 
Fabric: Voile
Color: Beige Green
TROUSERS
Trousers: 2.5 Meter (RS 700/-Mtr) 
Fabric: Cambric
Color: Beige Green
Note:
Product color may slightly vary due to photographic lighting sources or your device settings.",https://nishatlinen.com/products/42403379,"image_2_724_1.jpg, image_2_724_2.jpg, image_2_724_3.jpg"
3 Piece - Printed Suit - 42402111,"Rs. 4,990.00 Rs. 3,992.00","Look appealing and graceful in printed three-piece from the latest unstitched summer collection.
Product Detail:
Chunri Printed Style Shirt with Dupatta and Trousers
SHIRT
Printed Lawn Shirt: 3 Meter
Fabric: Lawn
Color: Blue
DUPATTA
Printed Doriya Dupatta: 2.5 Meter
Fabric: Doriya
Color: Blue
TROUSERS
Solid Cambric Trousers: 2.5 Meter
Fabric: Cambric
Color: Blue
Note:
Product color may slightly vary due to photographic lighting sources or your device settings.",https://nishatlinen.com/products/42402111,"image_2_725_1.jpg, image_2_725_2.jpg, image_2_725_3.jpg"
3 Piece - Printed Loose Fabric - 42403271 - Shirt / 3 / 3,Rs. 455.00 - Rs. 527.00,"Upgrade your wardrobe with printed three-piece from the latest freedom to buy summer collection.
Product Detail:
Block Print With Lace Patterns Style Shirt with Dupatta and Trousers
SHIRT
Shirt: 3 Meter (RS 750/-Mtr)
Fabric: Lawn
Color: Blue
DUPATTA
Dupatta: 2.5 Meter (RS 780/-Mtr)
Fabric: Voile
Color: Blue
TROUSERS
Trousers: 2.5 Meter (RS 680/-Mtr)
Fabric: Cambric
Color: ﻿Blue
Note:
Product color may slightly vary due to photographic lighting sources or your device settings.",https://nishatlinen.com/collections/women/products/42403271,"image_2_726_1.jpg, image_2_726_2.jpg, image_2_726_3.jpg"
1 Piece - Digital Printed Loose Fabric - 42403221 - Shirt / 3 / 3,"Rs. 1,120.00 Rs. 728.00","Embrace elegance with the digital printed one-piece from the latest freedom to buy summer collection.
Product Detail:
Abstract Seamless Pattern Printed Style Shirt 
SHIRT
Shirt: 3 Meter (RS 800/-Mtr)
Fabric: Dobby Lawn
Color: Off White

Note:
Product color may slightly vary due to photographic lighting sources or your device settings.",https://nishatlinen.com/collections/women/products/42403221,"image_2_727_1.jpg, image_2_727_2.jpg, image_2_727_3.jpg"
Slip - PW24-100 - XS,"Rs. 1,250.00 Rs. 1,000.00","Add comfort and a soft and smooth feel to your daily wear with this slip from the latest winter collection.   
Product Detail
Basic Slip
Slip
Round Neckline Slip
Fabric: Voile
Color: Beige 
Note:
Product color may slightly vary due to photographic lighting sources or your monitor settings.",https://nishatlinen.com/collections/women/products/pw24-100,image_2_728_1.jpg
3 Piece - Printed Loose Fabric - 42403124 - Shirt / 3 / 3,Rs. 830.00 Rs. 540.00,"Create a statement-making festive look with this printed three-piece from the latest freedom to buy summer collection.
Product Detail:
Textures With Vector Pomegranates Printed Style Shirt with Dupatta and Trousers
SHIRT
Shirt: 3 Meter (RS 730/-Mtr)
Fabric: Lawn
Color: Maroon
DUPATTA
Dupatta: 2.5 Meter (RS 750/-Mtr)
Fabric: Voile
Color: Teal
Note: Fabric used in shoot for shirt is dupatta fabric
TROUSERS
Trousers: 2.5 Meter (RS 650/-Mtr)
Fabric: Cambric
Color: Teal
Note:
Product color may slightly vary due to photographic lighting sources or your device settings.",https://nishatlinen.com/collections/women/products/42403124,"image_2_729_1.jpg, image_2_729_2.jpg, image_2_729_3.jpg"
3 Piece - Printed Loose Fabric - 42403037 - Shirt / 3 / 3,Rs. 670.00 Rs. 436.00,"For a fashionable statement adorn this three-piece from the latest freedom to buy summer collection.
Product Detail:
Lace Floral Pattern In Printed Form Shirt with Dupatta and Trousers
SHIRT
Shirt: 3 Meter (RS 730/-Mtr)
Fabric: Lawn
Color: White
DUPATTA
Dupatta: 2.5 Meter (RS 750/-Mtr)
Fabric: Voile
Color: Black
TROUSERS
Trousers: 2.5 Meter (RS 690/-Mtr)
Fabric: Cambric
Color: White
Note:
Product color may slightly vary due to photographic lighting sources or your device settings.",https://nishatlinen.com/products/42403037,"image_2_730_1.jpg, image_2_730_2.jpg, image_2_730_3.jpg"
3 Piece - Printed Loose Fabric - 42403116 - Shirt / 3 / 3,Rs. 830.00 Rs. 540.00,"Give your new season look an elegant upgrade with this printed three-piece from the latest freedom to buy summer collection.
Product Detail:
Abstract Silhouettes Printed Style Shirt with Dupatta and Trousers
SHIRT
Shirt: 3 Meter (RS 730/-Mtr)
Fabric: Lawn
Color: Green
DUPATTA
Dupatta: 2.5 Meter (RS 750/-Mtr)
Fabric: Voile
Color: Green
Note: Fabric used in shoot for gown is dupatta fabric
TROUSERS
Trousers: 2.5 Meter (RS 650/-Mtr)
Fabric: Cambric
Color: Green
Note:
Product color may slightly vary due to photographic lighting sources or your device settings.",https://nishatlinen.com/collections/women/products/42403116,"image_2_731_1.jpg, image_2_731_2.jpg, image_2_731_3.jpg"
3 Piece - Printed Suit - 42402111,"Rs. 4,990.00 Rs. 3,992.00","Look appealing and graceful in printed three-piece from the latest unstitched summer collection.
Product Detail:
Chunri Printed Style Shirt with Dupatta and Trousers
SHIRT
Printed Lawn Shirt: 3 Meter
Fabric: Lawn
Color: Blue
DUPATTA
Printed Doriya Dupatta: 2.5 Meter
Fabric: Doriya
Color: Blue
TROUSERS
Solid Cambric Trousers: 2.5 Meter
Fabric: Cambric
Color: Blue
Note:
Product color may slightly vary due to photographic lighting sources or your device settings.",https://nishatlinen.com/collections/women/products/42402111,"image_2_732_1.jpg, image_2_732_2.jpg, image_2_732_3.jpg"
1 Piece - Digital Printed Loose Fabric - 42313099 - Shirt / 3 / 3,Rs. 830.00 Rs. 540.00,"Create a mesmerising look by wearing this digital printed one-piece from the latest freedom to buy summer collection.
Product Detail:
Printed Style Shirt
SHIRT
Shirt: 3 Meter (RS 800/-Mtr)
Fabric: Jacquard
Color: Teal
Note:
Product color may slightly vary due to photographic lighting sources or your device settings.",https://nishatlinen.com/collections/women/products/42313099,"image_2_733_1.jpg, image_2_733_2.jpg, image_2_733_3.jpg"
Printed Shirt - AS24-51 - XS,"Rs. 3,700.00 Rs. 2,220.00","Indulge in a world of sheer enchantment with this printed shirt from the latest pret summer collection.

Product Detail
Printed Shirt
Shirt
Collar Neckline With Slit, Stylized Sleeves
Fabric: Lawn
Color: Multi
Note:
Product color may vary slightly due to photographic lighting sources or monitor settings.",https://nishatlinen.com/collections/women/products/as24-51,"image_2_734_1.jpg, image_2_734_2.jpg, image_2_734_3.jpg"
3 Piece - Printed Loose Fabric - 42403304 - Shirt / 3 / 3,Rs. 880.00 Rs. 572.00,"Amaze yourself in this printed three-piece from the latest freedom to buy summer collection.
Product Detail:
Floral Vines With Stripes Printed Style Shirt with Dupatta and Trousers 
SHIRT
Shirt: 3 Meter (RS 750/-Mtr)
Fabric: Lawn
Color: Blue
DUPATTA
Dupatta: 2.5 Meter (RS 780/-Mtr)
Fabric: Voile
Color: Blue & Red
TROUSERS
Trousers: 2.5 Meter (RS 680/-Mtr)
Fabric: Cambric
Color: Blue
Note:
Product color may slightly vary due to photographic lighting sources or your device settings.",https://nishatlinen.com/collections/women/products/42403304,"image_2_735_1.jpg, image_2_735_2.jpg, image_2_735_3.jpg"
3 Piece - Printed Embroidered Suit - 42402032,"Rs. 9,490.00 Rs. 6,168.50","Style up with this new designer dress printed embroidered three-piece from the latest unstitched summer collection.
Product Detail:
Floral Style Shirt with Dupatta and Trousers
SHIRT
Printed Super Fine Lawn Shirt: 3 Meter
Embroidered Neckline + Border
Fabric: Lawn
Color: Grey
DUPATTA
Printed Banarsi Brochia Dupatta: 2.5 Meter
Fabric: Banarsi Brochia
Color: Grey
TROUSERS
Solid Cambric Trousers: 2.5 Meter
Fabric: Cambric
Color: Grey
Note:
Product color may slightly vary due to photographic lighting sources or your device settings.",https://nishatlinen.com/products/42402032,"image_2_736_1.jpg, image_2_736_2.jpg, image_2_736_3.jpg"
3 Piece - Digital Printed Suit - 42401497,"Rs. 8,200.00 Rs. 5,330.00","Brighten up your look by wearing this digital printed three-piece from the latest unstitched summer collection.
Product Detail:
Floral Vines With Laces Style Shirt with Dupatta and Trousers
SHIRT
Digital Printed Brochia Jacquard Shirt: 3 Meter
Fabric: Jacquard
Color: Green
DUPATTA
Digital Printed Brochia Jacquard Dupatta: 2.5 Meter
Fabric: Jacquard
Color: Green
TROUSERS
Dyed Cambric Trousers: 2.5 Meter
Fabric: Cambric
Color: ﻿Green
Note:
Product color may slightly vary due to photographic lighting sources or your device settings.",https://nishatlinen.com/collections/women/products/42401497,"image_2_737_1.jpg, image_2_737_2.jpg, image_2_737_3.jpg"
3 Piece - Printed Embroidered Suit - 42401563,"Rs. 8,720.00 Rs. 5,668.00","Style your casual outfit for a contemporary, modern look with this digital printed embroidered three-piece from the latest unstitched summer collection.
Product Detail:
Dori Embroidery Motifs Style Shirt with Dupatta and Trousers
SHIRT
Digital Printed Zari Lawn Shirt: 3 Meter
Embroidered Neckline + 4 Motifs + Border
Fabric: Lawn
Color: Off White
DUPATTA
Digital Printed Zari Lawn Dupatta: 2.5 Meter
Fabric: Lawn
Color: Off White
TROUSERS
Dyed Cambric Trousers: 2.5 Meter
Fabric: Cambric
Color: Off White
Note:
Product color may slightly vary due to photographic lighting sources or your device settings.",https://nishatlinen.com/products/42401563,"image_2_738_1.jpg, image_2_738_2.jpg, image_2_738_3.jpg"
Embroidered Trousers - PS24-272 - XS,"Rs. 2,050.00 Rs. 1,230.00","Look mesmerizing by wearing this embroidered trousers from the latest pret summer collection.
Product Detail
Embroidered Trousers
Trousers
Loose Straight Trousers With Embroidered Hem
Fabric: Cambric
Color: Off White
Note:
Product color may vary slightly due to photographic lighting sources or monitor settings.",https://nishatlinen.com/collections/women/products/ps24-272,"image_2_739_1.jpg, image_2_739_2.jpg, image_2_739_3.jpg"
3 Piece - Digital Printed Loose Fabric - 42403035 - Shirt / 3 / 3,Rs. 670.00 Rs. 436.00,"Step into a world of boundless imagination with this digital printed three-piece from the latest freedom to buy summer collection.
Product Detail:
Detailed Ethnic Patterns In Printed Form Shirt with Dupatta and Trousers
SHIRT
Shirt: 3 Meter (RS 750/-Mtr)
Fabric: Lawn
Color: Maroon
DUPATTA
Dupatta: 2.5 Meter (RS 780/-Mtr)
Fabric: Voile
Color: Maroon
TROUSERS
Trousers: 2.5 Meter (RS 650/-Mtr)
Fabric: Cambric
Color: Off White
Note:
Product color may slightly vary due to photographic lighting sources or your device settings.",https://nishatlinen.com/products/42403035,"image_2_740_1.jpg, image_2_740_2.jpg, image_2_740_3.jpg"
2 Piece - Printed Embroidered Suit - 42401626,"Rs. 5,130.00 Rs. 3,334.50","Become the ultimate trendsetter with our printed embroidered two-piece from the latest unstitched summer collection.
Product Detail:
Bold Flower In Dupatta Paired With Abstract Floral Stems Style Shirt
SHIRT
Printed Super Fine Lawn Shirt: 3 Meter
Embroidered Neckline
Fabric: Lawn
Color: Light Pink 
DUPATTA
Digital Printed Crinkle Chiffon Dupatta: 2.5 Meter
Fabric: Crinkle Chiffon
Color: ﻿Light Pink 
Note:
Product color may slightly vary due to photographic lighting sources or your device settings.",https://nishatlinen.com/collections/women/products/42401626,"image_2_741_1.jpg, image_2_741_2.jpg, image_2_741_3.jpg"
1 Piece - Glitter Gold Printed Loose Fabric - 42403238 - Dupatta / 2.5 / 2.5,"Rs. 1,120.00 Rs. 728.00","Transform your beauty into timeless perfection with this glitter gold one-piece from the latest freedom to buy summer collection.
Product Detail:
Doori Work Motifs Printed Style Dupatta
DUPATTA
Dupatta: 2.5 Meter (RS 800/-Mtr)
Fabric: Voile
Color: Orange

Note:
Product color may slightly vary due to photographic lighting sources or your device settings.",https://nishatlinen.com/collections/women/products/42403238,"image_2_742_1.jpg, image_2_742_2.jpg, image_2_742_3.jpg"
3 Piece - Embroidered Suit - 42401999,"Rs. 9,740.00 Rs. 6,331.00","Radiate with striking attractiveness by adorning yourself with this elegant embroidered three-piece from the latest unstitched summer collection.
Product Detail:
Floral Style Shirt with Dupatta and Trousers
SHIRT
Solid Lawn Shirt: 3 Meter
Embroidered Front + Motifs
Fabric: Lawn
Color: Carrot
DUPATTA
Embroidered Swiss Voile Dupatta: 2.5 Meter
Fabric: Swiss Voile
Color: Carrot
TROUSERS
Solid Cambric Trousers: 2.5 Meter
Fabric: Cambric
Color: Carrot
Note:
Product color may slightly vary due to photographic lighting sources or your device settings.",https://nishatlinen.com/products/42401999,"image_2_743_1.jpg, image_2_743_2.jpg, image_2_743_3.jpg"
3 Piece - Digital Printed Jacquard Embroidered Suit - 42401179,"Rs. 9,230.00 Rs. 5,999.50","Dress to impress in our digital printed jacquard embroidered three-piece from the latest unstitched summer collection.
Product Detail:
Ethnic Style Shirt with Dupatta and Trousers
SHIRT
Digital Printed Brochia Jacquard Shirt: 3 Meter
Embroidered Motifs + Border
Fabric: Brochia Jacquard
Color: Skin
DUPATTA
Digital Printed Brochia Jacquard Dupatta: 2.5 Meter
Fabric: Brochia Jacquard
Color: Skin
TROUSERS
Dyed Cambric Trousers: 2.5 Meter
Fabric: Cambric
Color: ﻿Skin
Note:
Product color may slightly vary due to photographic lighting sources or your device settings.",https://nishatlinen.com/products/42401179,"image_2_744_1.jpg, image_2_744_2.jpg, image_2_744_3.jpg"
2 Piece - Printed Embroidered Suit - 42401708,"Rs. 5,640.00 Rs. 3,666.00","Add sophistication to your wardrobe with this printed embroidered two-piece from the latest unstitched summer collection.
Product Detail:
Floral Prints Style Shirt with Dupatta
SHIRT
Printed Super Fine Lawn Shirt: 3 Meter
Embroidered Border
Fabric: Lawn
Color: White
DUPATTA
Digital Printed Zari Chiffon Dupatta: 2.5 Meter
Fabric: Chiffon
Color: White
Note:
Product color may slightly vary due to photographic lighting sources or your device settings.",https://nishatlinen.com/products/42401708,"image_2_745_1.jpg, image_2_745_2.jpg, image_2_745_3.jpg"
Printed Dress - FE24-35 - XS,"Rs. 6,150.00 Rs. 3,690.00","Look and feel your best by wearing this printed dress from the latest pret summer collection. 
Product Detail
Printed Dress
Dress
Band V Neckline With Placket, Adda Detail At Neckline & Sleeves
Fabric: Silk
Color: Sky Blue
Note:
Product color may vary slightly due to photographic lighting sources or monitor settings.",https://nishatlinen.com/products/fe24-35,"image_2_746_1.jpg, image_2_746_2.jpg, image_2_746_3.jpg"
3 Piece - Printed Loose Fabric - 42403010 - Dupatta / 2.5 / 2.5,"Rs. 1,120.00 Rs. 728.00","Curate a picturesque look in our featuring printed three-piece from the latest freedom to buy summer collection.
Product Detail:
Floral Chintz Printed Style Shirt with Dupatta and Trousers
SHIRT
Shirt: 3 Meter (RS 730/-Mtr)
Fabric: Lawn
Color: Light Blue
DUPATTA
Dupatta: 2.5 Meter (RS 750/-Mtr)
Fabric: Voile
Color: Light Blue
TROUSERS
Trousers: 2.5 Meter (RS 690/-Mtr)
Fabric: Cambric
Color: ﻿Light Blue
Note:
Product color may slightly vary due to photographic lighting sources or your device settings.",https://nishatlinen.com/collections/women/products/42403010,"image_2_747_1.jpg, image_2_747_2.jpg, image_2_747_3.jpg"
3 Piece - Printed Loose Fabric - 42403117 - Dupatta / 2.5 / 2.5,"Rs. 1,120.00 Rs. 728.00","Clear your wardrobe and make way for this effortless summer style printed three-piece from the latest freedom to buy summer collection.
Product Detail:
Vector Stencils Printed Style Shirt with Dupatta and Trousers
SHIRT
Shirt: 3 Meter (RS 730/-Mtr)
Fabric: Lawn
Color: Blue
DUPATTA
Dupatta: 2.5 Meter (RS 750/-Mtr)
Fabric: Voile
Color: Blue
Note: Fabric used in shoot for gown is dupatta fabric
TROUSERS
Trousers: 2.5 Meter (RS 650/-Mtr)
Fabric: Cambric
Color: Blue
Note:
Product color may slightly vary due to photographic lighting sources or your device settings.",https://nishatlinen.com/collections/women/products/42403117,"image_2_748_1.jpg, image_2_748_2.jpg, image_2_748_3.jpg"
Embroidered Shirt - AS24-66 - XS,"Rs. 4,920.00 Rs. 2,952.00","Make your look lavish by wearing this embroidered shirt from the latest pret summer collection.
Product Detail
Embroidered Shirt
Shirt
Band Neckline With Placket & Buttons Detail, Top Stitches Detail On Sleeves Edges, Embroidered Motif On Front, Button Down Shirt
Fabric: Jacquard
Color: Red
Note:
Product color may vary slightly due to photographic lighting sources or monitor settings.",https://nishatlinen.com/products/as24-66,"image_2_749_1.jpg, image_2_749_2.jpg, image_2_749_3.jpg"
2 Piece - Printed Suit With Laces - 42401606,"Rs. 5,130.00 Rs. 3,334.50","Refresh your vibe with this printed two-piece from the latest unstitched summer collection.
Product Detail:
Banarsi Printed Style Shirt with Dupatta
SHIRT
Printed Super Fine Lawn Shirt: 3 Meter
1 Lace: 1.25 Meter
1 Lace: 2.5 Meter
Fabric: Lawn
Color: Green
DUPATTA
Digital Printed Banarsi Slub Dupatta: 2.5 Meter
Fabric: Banarsi Slub
Color: ﻿Green
Note:
Product color may slightly vary due to photographic lighting sources or your device settings.",https://nishatlinen.com/collections/women/products/42401606,"image_2_750_1.jpg, image_2_750_2.jpg, image_2_750_3.jpg"
3 Piece - Printed Loose Fabric - 42403160 - Shirt / 3 / 3,Rs. 750.00 Rs. 488.00,"Capture understated glamour and stun with this printed three-piece from the latest freedom to buy summer collection.
Product Detail:
Embellished Patterns Printed Style Shirt with Dupatta and Trousers
SHIRT
Shirt: 3 Meter (RS 730/-Mtr)
Fabric: Lawn
Color: Black
DUPATTA
Dupatta: 2.5 Meter (RS 750/-Mtr)
Fabric: Voile
Color: Black
TROUSERS
Trousers: 2.5 Meter (RS 650/-Mtr)
Fabric: Cambric
Color: Black
Note:
Product color may slightly vary due to photographic lighting sources or your device settings.",https://nishatlinen.com/collections/women/products/42403160,"image_2_751_1.jpg, image_2_751_2.jpg, image_2_751_3.jpg"
3 Piece - Printed Loose Fabric - 42403133 - Dupatta / 2.5 / 2.5,Rs. 830.00 Rs. 540.00,"Add a flair of style to your look with this printed three-piece from the latest freedom to buy summer collection.
Product Detail:
Geometric Printed Style Shirt with Dupatta and Trousers
SHIRT
Shirt: 3 Meter (RS 730/-Mtr)
Fabric: Lawn
Color: Black & Red
DUPATTA
Dupatta: 2.5 Meter (RS 750/-Mtr)
Fabric: Voile
Color: Black & Red
TROUSERS
Trousers: 2.5 Meter (RS 650/-Mtr)
Fabric: Cambric
Color: Red
Note:
Product color may slightly vary due to photographic lighting sources or your device settings.",https://nishatlinen.com/products/42403133,"image_2_752_1.jpg, image_2_752_2.jpg, image_2_752_3.jpg"
3 Piece - Digital & Paste Printed Embroidered Suit - 42401914,"Rs. 13,850.00 Rs. 9,002.50","Uplift your look with this digital & paste printed embroidered three-piece from the latest unstitched summer collection.
Product Detail:
Floral Prints Style Shirt with Dupatta and Trousers
SHIRT
Schiffli Embroidered Printed Cambric Front & Back: 2 Meter
Schiffli Embroidered Printed Cambric Sleeves: 0.6 Meter
Fabric: Cambric
Color: Light Blue & Off White
DUPATTA
Digital Printed Chicken Kari Dupatta: 2.5 Meter
Fabric: Chicken Kari
Color: Off White
TROUSERS
White Paste Printed Cambric Trousers: 2.5 Meter
Fabric: Cambric
Color: Off White
Note:
Product color may slightly vary due to photographic lighting sources or your device settings.",https://nishatlinen.com/products/42401914,"image_2_753_1.jpg, image_2_753_2.jpg, image_2_753_3.jpg"
1 Piece - Digital Printed Loose Fabric - 42403217 - Shirt / 3 / 3,Rs. 830.00 Rs. 540.00,"Give occasion dressing a new age in this digital printed one-piece from the latest freedom to buy summer collection.
Product Detail:
Ethnic Flower Jaal Printed Style Shirt 
SHIRT
Shirt: 3 Meter (RS 800/-Mtr)
Fabric: Dobby Lawn
Color: Off White

Note:
Product color may slightly vary due to photographic lighting sources or your device settings.",https://nishatlinen.com/collections/women/products/42403217,"image_2_754_1.jpg, image_2_754_2.jpg, image_2_754_3.jpg"
3 Piece - Embroidered Suit - 42402175,"Rs. 10,490.00 Rs. 8,392.00","Exude grace with this embroidered three-piece from the latest unstitched summer collection.
Product Detail:
Tie & Dye Style Shirt with Dupatta and Trousers
SHIRT
Solid Satin Shirt: 3 Meter
Embroidered Side & Center Panel + Border
Fabric: Satin
Color: Blue & Off White
DUPATTA
Printed Khadi Silk Dupatta: 2.23 Meter
Fabric: Khadi Silk
Color: Blue & Off White 
TROUSERS
Solid Satin Trousers: 2.5 Meter
Fabric: Satin
Color: Blue
Note:
Product color may slightly vary due to photographic lighting sources or your device settings.",https://nishatlinen.com/collections/women/products/42402175,"image_2_755_1.jpg, image_2_755_2.jpg, image_2_755_3.jpg"
2 Piece - Printed Embroidered Suit - 42401305,"Rs. 5,130.00 Rs. 3,334.50","Glow-up for evening events by wearing this printed embroidered two-piece from the latest unstitched summer collection.
Product Detail:
Ikkat Prints Style Shirt with Dupatta 
SHIRT
Printed Super Fine Lawn Shirt: 3 Meter
Embroidered Motifs
Fabric: Lawn
Color: Beige & Magenta
DUPATTA
Digital Printed Crinkle Chiffon Dupatta: 2.5 Meter
Fabric: Crinkle Chiffon
Color: Beige & Magenta
Note:
Product color may slightly vary due to photographic lighting sources or your device settings.",https://nishatlinen.com/collections/women/products/42401305,"image_2_756_1.jpg, image_2_756_2.jpg, image_2_756_3.jpg"
1 Piece - Gold Printed Loose Fabric - 42403332 - Shirt / 3 / 3,Rs. 880.00 Rs. 572.00,"Radiate confidence with this gold printed one-piece from the latest freedom to buy summer collection.
Product Detail:
Brush Stroke Patterns In Printed Form Shirt 
SHIRT
Shirt: 3 Meter (RS 800/-Mtr)
Fabric: Lawn
Color: Green
Note:
Product color may slightly vary due to photographic lighting sources or your device settings.",https://nishatlinen.com/collections/women/products/42403332,"image_2_757_1.jpg, image_2_757_2.jpg, image_2_757_3.jpg"
3 Piece - Paste & Pigment Printed Embroidered Suit - 42401889,"Rs. 8,720.00 Rs. 5,668.00","Make a delicate statement with our paste & pigment printed embroidered three-piece from the latest unstitched summer collection.
Product Detail:
Floral Damask Patterns Style Shirt with Dupatta and Trousers
SHIRT
Gold & Copper Paste Printed Super Fine Lawn Shirt: 3 Meter
Embroidered Motifs
Fabric: Lawn
Color: Off White
DUPATTA
Gold & Copper Paste Printed Lawn Dupatta: 2.5 Meter
Fabric: Lawn
Color: Off White
TROUSERS
Dyed Cambric Trousers: 2.5 Meter
Fabric: Cambric
Color: ﻿Off White
Note:
Product color may slightly vary due to photographic lighting sources or your device settings.",https://nishatlinen.com/collections/women/products/42401889,"image_2_758_1.jpg, image_2_758_2.jpg, image_2_758_3.jpg"
2 Piece - Printed Suit - PE24-419 - XS,"Rs. 4,570.00 Rs. 2,742.00","Enhance the value of the entire piece of clothing for a lovely and stunning appearance with this printed two-piece suit from the latest pret summer collection.
Product Detail
Printed Shirt With Trousers
Shirt
Band Neckline, Straight Shirt
Fabric: Cambric
Color: Red
Trousers
Printed Loose Trousers
Fabric: Cambric
Color: Red
Note:
Product color may vary slightly due to photographic lighting sources or monitor settings.",https://nishatlinen.com/collections/women/products/pe24-419,"image_2_759_1.jpg, image_2_759_2.jpg, image_2_759_3.jpg"
Printed Dress - FE24-50 - XS,"Rs. 7,390.00 Rs. 4,434.00","Transform every moment into a timeless affair with this printed dress from the latest pret summer collection.  
Product Detail
Printed Dress
Dress
Round Neckline With Side Panels, Gathered Bell-Shaped Sleeves & Side Panels
Fabric: Cambric
Color: Olive Green
Note:
Product color may vary slightly due to photographic lighting sources or monitor settings.",https://nishatlinen.com/products/fe24-50,"image_2_760_1.jpg, image_2_760_2.jpg, image_2_760_3.jpg"
3 Piece - Printed Loose Fabric - 42403025 - Shirt / 3 / 3,Rs. 670.00 Rs. 436.00,"Adorn your authenticity in the printed three-piece from the latest freedom to buy summer collection.
Product Detail:
Ethnic Printed Style Shirt with Dupatta and Trousers
SHIRT
Shirt: 3 Meter (RS 730/-Mtr)
Fabric: Lawn
Color: Orange & Magenta
DUPATTA
Dupatta: 2.5 Meter (RS 750/-Mtr)
Fabric: Voile
Color: Orange & Magenta
TROUSERS
Trousers: 2.5 Meter (RS 650/-Mtr)
Fabric: Cambric
Color: Orange 
Note:
Product color may slightly vary due to photographic lighting sources or your device settings.",https://nishatlinen.com/products/42403025,"image_2_761_1.jpg, image_2_761_2.jpg, image_2_761_3.jpg"
Slip - PS24-282 - XS,"Rs. 1,430.00 Rs. 1,144.00","Add comfort and a soft and smooth feel to your daily wear with this slip from the latest winter collection.
Product Detail
Basic Slip
Slip
Round Neckline
Fabric: Voile
Color: Off White
Note:
Product color may slightly vary due to photographic lighting sources or your monitor settings.",https://nishatlinen.com/collections/women/products/ps24-282,image_2_762_1.jpg
Printed Shirt - PS24-246 - XS,"Rs. 4,610.00 Rs. 2,766.00","Enliven your look with this printed shirt from the latest pret summer collection.
Product Detail
Printed Shirt
Shirt
Band Neckline With Slit, A-Line Shirt
Fabric: Lawn
Color: Blue
Note:
Product color may vary slightly due to photographic lighting sources or monitor settings.",https://nishatlinen.com/collections/women/products/ps24-246,"image_2_763_1.jpg, image_2_763_2.jpg, image_2_763_3.jpg"
2 Piece - Fancy Embroidered Suit - 42401293,"Rs. 6,150.00 Rs. 3,997.50","Enrich your everyday style by wearing this fancy embroidered two-piece from the latest unstitched summer collection.
Product Detail:
Shirt with Dupatta
SHIRT
Embroidered Super Fine Lawn Front: 1.15 Meter
Dyed Super Fine Lawn Back & Sleeves: 1.85 Meter
Embroidered Neckline + Motifs + Border
Fabric: Lawn
Color: Light Yellow
DUPATTA
Sequin Dupatta: 2.5 Meter
Fabric: Sequin
Color: Light Yellow
Note:
Product color may slightly vary due to photographic lighting sources or your device settings.",https://nishatlinen.com/products/42401293,"image_2_764_1.jpg, image_2_764_2.jpg, image_2_764_3.jpg"
2 Piece - Dyed Embroidered Suit - 42401731,"Rs. 5,640.00 Rs. 3,666.00","Wear this most influential beige dyed embroidered two-piece from the latest unstitched summer collection.
Product Detail:
Shirt with Trousers
SHIRT
Solid Cambric Shirt: 3 Meter
Embroidered Motifs + Border
Fabric: Cambric
Color: Beige
TROUSERS
Embroidered Solid Cambric Trousers: 2.5 Meter
Fabric: Cambric
Color: Beige
Note:
Product color may slightly vary due to photographic lighting sources or your device settings.",https://nishatlinen.com/products/42401731,"image_2_765_1.jpg, image_2_765_2.jpg, image_2_765_3.jpg"
1 Piece - Digital Printed Loose Fabric - 42403218 - Shirt / 3 / 3,"Rs. 1,120.00 Rs. 728.00","Make special occasions even more magical with this digital printed one-piece from the latest freedom to buy summer collection.
Product Detail:
Florals In Stitch Printed Style Shirt 
SHIRT
Shirt: 3 Meter (RS 800/-Mtr)
Fabric: Dobby Lawn
Color: Red

Note:
Product color may slightly vary due to photographic lighting sources or your device settings.",https://nishatlinen.com/collections/women/products/42403218,"image_2_766_1.jpg, image_2_766_2.jpg, image_2_766_3.jpg"
2 Piece - Printed Suit - PS24-293 - XS,"Rs. 4,820.00 Rs. 2,892.00","Add a touch of magic and glamour to your wardrobe with this printed two-piece suit from the latest pret summer collection.
Product Detail
Printed Shirt With Trousers
Shirt
Collar Neckline With Buttons & Loops Detail, Length Variation, Back Forward Shirt
Fabric: Cambric
Color: Camel
Trousers
Straight Trousers
Fabric: Cambric
Color: Camel
Note:
Product color may vary slightly due to photographic lighting sources or monitor settings.",https://nishatlinen.com/products/ps24-293,"image_2_767_1.jpg, image_2_767_2.jpg, image_2_767_3.jpg"
2 Piece - Jacquard Embroidered Suit - 42401752,"Rs. 7,180.00 Rs. 4,667.00","Add sophistication to your wardrobe with this jacquard embroidered two-piece from the latest unstitched summer collection.
Product Detail:
Shirt with Trousers
SHIRT
Jacquard Shirt: 3 Meter
2 Embroidered Motifs + Border
Fabric: Jacquard
Color: Black
TROUSERS
Solid Cambric Trousers: 2.5 Meter
Fabric: Cambric
Color: Black
Note:
Product color may slightly vary due to photographic lighting sources or your device settings.",https://nishatlinen.com/collections/women/products/42401752,"image_2_768_1.jpg, image_2_768_2.jpg, image_2_768_3.jpg"
1 Piece - Dyed Loose Fabric - 42402012-1 - Shirt / 3 / 3,Rs. 670.00 Rs. 436.00,"Unveil your summer glow in our carefully curated, dyed one-piece from the latest freedom to buy summer collection.
Product Detail:
Shirt
SHIRT
Shirt: 3 Meter (RS 650/-Mtr)
Fabric: Cambric
Color: Red
Note:
Product color may slightly vary due to photographic lighting sources or your device settings.",https://nishatlinen.com/products/42402012-1,"image_2_769_1.jpg, image_2_769_2.jpg, image_2_769_3.jpg"
1 Piece - Paste Printed Loose Fabric - 42403091 - Trouser / 2.5 / 2.5,Rs. 670.00 Rs. 436.00,"Step up your fashion style with our paste printed one-piece from the latest freedom to buy summer collection.
Product Detail:
Paisleys Prints Style Trousers
TROUSERS
Trousers: 2.5 Meter (RS 690/-Mtr)
Fabric: Cambric
Color: ﻿White
Note:
Product color may slightly vary due to photographic lighting sources or your device settings.",https://nishatlinen.com/collections/women/products/42403091,"image_2_770_1.jpg, image_2_770_2.jpg, image_2_770_3.jpg"
2 Piece - Printed Suit - PE24-364 - XS / S,"Rs. 5,130.00 Rs. 3,078.00","For a stunningly spectacular look, try this printed two-piece suit from the latest pret summer collection.
Product Detail
Printed Shirt With Trousers
Shirt
Collar Neckline With Buttons Detail On Placket, Gathered Elastic Sleeves, Button Down Shirt
Fabric: Lawn
Color: Red
Trousers
Printed Loose Straight Trousers
Fabric: Cambric
Color: Red
Note:
Product color may vary slightly due to photographic lighting sources or monitor settings.",https://nishatlinen.com/products/pe24-364,"image_2_771_1.jpg, image_2_771_2.jpg, image_2_771_3.jpg"
2 Piece - Printed Suit - PS24-344 - XS,"Rs. 6,150.00 Rs. 3,690.00","Enrich your festive look with this printed two-piece suit from the latest pret summer collection.
Product Detail
Printed Shirt With Dupatta
Shirt
Lace Detail On Sleeves Edges, Straight Shirt
Fabric: Lawn
Color: Blue
Dupatta
Printed Dupatta
Fabric: Voile
Color: Blue
Note:
Product color may vary slightly due to photographic lighting sources or monitor settings.",https://nishatlinen.com/products/ps24-344,"image_2_772_1.jpg, image_2_772_2.jpg, image_2_772_3.jpg"
Embroidered Shalwar - PS24-169 - XS,"Rs. 3,070.00 Rs. 1,842.00","Transform your wardrobe with the addition of this exquisite embroidered shalwar from the latest pret summer collection. 
Product Detail
Embroidered Shalwar
Shalwar
Embroidered Hem With Lace Insertion
Fabric: Cambric
Color: Black
Note:
Product color may vary slightly due to photographic lighting sources or monitor settings.",https://nishatlinen.com/products/ps24-169,"image_2_773_1.jpg, image_2_773_2.jpg, image_2_773_3.jpg"
3 Piece - Yarn Dyed Embroidered Suit - 42401975,"Rs. 13,330.00 Rs. 8,664.50","Make your day memorable with this graceful yarn dyed embroidered three-piece from the latest unstitched summer collection.
Product Detail:
Banarsi Style Shirt with Dupatta and Trousers
SHIRT
Yarn Dyed Banarsi Shirt: 3 Meter
Embroidered Front + Motifs + Border
Fabric: Banarsi
Color: Blue
DUPATTA
Banarsi Jacquard Dupatta: 2.5 Meter
Fabric: Jacquard
Color: Blue
TROUSERS
Yarn Dyed Banarsi Trousers: 2.5 Meter
Fabric: Banarsi
Color: Blue
Note:
Product color may slightly vary due to photographic lighting sources or your device settings.",https://nishatlinen.com/products/42401975,"image_2_774_1.jpg, image_2_774_2.jpg, image_2_774_3.jpg"
Printed Shirt - PE24-365 - XS,"Rs. 4,100.00 Rs. 2,460.00","Ease your confusion about styling by wearing this printed shirt from the latest pret summer collection.
Product Detail
Printed Shirt
Shirt
Round Neckline With Slit & Pearls Detail On Piping
Fabric: Lawn
Color: Yellow
Note:
Product color may vary slightly due to photographic lighting sources or monitor settings.",https://nishatlinen.com/products/pe24-365,"image_2_775_1.jpg, image_2_775_2.jpg, image_2_775_3.jpg"
2 Piece - Embroidered Suit - PE24-86 - XS,"Rs. 6,660.00 Rs. 3,996.00","Create a statement-making festive look with this embroidered two-piece suit from the latest pret summer collection. 
Product Detail
Embroidered Shirt With Trousers
Shirt
Band Neckline With Piping & Slit, Embroidered Front & Sleeves
Fabric: Cambric
Color: Tea Pink
Trousers
Loose Straight Trousers
Fabric: Cambric
Color: Tea Pink
Note:
Product color may vary slightly due to photographic lighting sources or monitor settings.",https://nishatlinen.com/collections/women/products/pe24-86,"image_2_776_1.jpg, image_2_776_2.jpg, image_2_776_3.jpg"
3 Piece - Printed Embroidered Suit - 42401841,"Rs. 7,690.00 Rs. 4,998.50","Look gorgeous effortlessly by wearing printed embroidered three-piece from the latest unstitched summer collection.
Product Detail:
Phulkari Patterns Style Shirt with Dupatta and Trousers
SHIRT
Printed Lawn Shirt: 3 Meter
Embroidered Neckline + Border
Fabric: Lawn
Color: Purple
DUPATTA
Digital Printed Zari Lawn Dupatta: 2.5 Meter
Fabric: Zari Lawn
Color: Purple
TROUSERS
Dyed Cambric Trousers: 2.5 Meter
Fabric: Cambric
Color: Purple
Note:
Product color may slightly vary due to photographic lighting sources or your device settings.",https://nishatlinen.com/products/42401841,"image_2_777_1.jpg, image_2_777_2.jpg, image_2_777_3.jpg"
1 Piece - Digital Printed Loose Fabric - 42403213 - Shirt / 3 / 3,Rs. 830.00 Rs. 540.00,"Elevate your modest wear wardrobe with this digital printed one-piece from the latest freedom to buy summer collection.
Product Detail:
Roses With Textures Printed Style Shirt 
SHIRT
Shirt: 3 Meter (RS 830/-Mtr)
Fabric: Dobby Check
Color: Peach

Note:
Product color may slightly vary due to photographic lighting sources or your device settings.",https://nishatlinen.com/products/42403213,"image_2_778_1.jpg, image_2_778_2.jpg, image_2_778_3.jpg"
3 Piece - Printed Embroidered Suit - 42401639,"Rs. 9,740.00 Rs. 6,331.00","Adorn grace with this printed embroidered three-piece from the latest unstitched summer collection.
Product Detail:
Suzani Patterns Prints Style Shirt with Dupatta and Trousers
SHIRT
Solid Cambric Shirt: 3 Meter
Embroidered Front 
Fabric: Cambric
Color: Black
DUPATTA
Digital Printed Brochia Dupatta: 2.5 Meter
Fabric: Brochia
Color: Black
TROUSERS
Printed Cambric Trousers: 2.5 Meter
Fabric: Cambric
Color: Black
Note:
Product color may slightly vary due to photographic lighting sources or your device settings.",https://nishatlinen.com/collections/women/products/42401639,"image_2_779_1.jpg, image_2_779_2.jpg, image_2_779_3.jpg"
Printed Embroidered Kaftan - PE24-291 - XS / S,"Rs. 5,130.00 Rs. 3,078.00","Embrace the whispers of timeless elegance with this printed embroidered kaftan from the latest pret summer collection.
Product Detail
Printed Embroidered Kaftaan
Kaftaan
Round Neckline With V Slit & Adda Detail On Front Piping, Embroidered Front & Sides Of Hem
Fabric: Lawn
Color: Blue
Note:
Product color may vary slightly due to photographic lighting sources or monitor settings.",https://nishatlinen.com/products/pe24-291,"image_2_780_1.jpg, image_2_780_2.jpg, image_2_780_3.jpg"
3 Piece - Embroidered Suit - 42401802,"Rs. 10,770.00 Rs. 7,000.50","Express yourself with an embroidered three-piece from the latest unstitched summer collection.
Product Detail:
Banarsi Style Shirt with Dupatta and Trousers
SHIRT
Solid Satin Shirt: 3 Meter
Embroidered Front + Border
Fabric: Satin
Color: Pink
DUPATTA
Fancy Banarsi Dupatta: 2.5 Meter
Fabric: Banarsi
Color: Pink
TROUSERS
Solid Satin Trousers: 2.5 Meter
Fabric: Satin
Color: Pink
Note:
Product color may slightly vary due to photographic lighting sources or your device settings.",https://nishatlinen.com/collections/women/products/42401802,"image_2_781_1.jpg, image_2_781_2.jpg, image_2_781_3.jpg"
3 Piece - Printed Embroidered Suit - 42401150,"Rs. 7,180.00 Rs. 4,667.00","Establish your unique style identity with the printed embroidered three-piece from the latest unstitched summer collection.
Product Detail:
Abstract Floral Pattern Prints Style Shirt with Dupatta and Trousers
SHIRT
Printed Super Fine Lawn Shirt: 3 Meter
Embroidered Neckline + Border 
Fabric: Lawn
Color: Light Orange
DUPATTA
Digital Printed Emboss Chiffon Dupatta: 2.5 Meter
Fabric: Chiffon
Color: Light Orange
TROUSERS
Dyed Cambric Trousers: 2.5 Meter
Fabric: Cambric
Color: Off White
Note:
Product color may slightly vary due to photographic lighting sources or your device settings.",https://nishatlinen.com/collections/women/products/42401150,"image_2_782_1.jpg, image_2_782_2.jpg, image_2_782_3.jpg"
Printed Shirt - PS24-147 - XS,"Rs. 3,590.00 Rs. 2,154.00","Elevate your wardrobe with a fashionable & trendy printed shirt from the latest pret summer collection.
Product Detail
Printed Shirt
Shirt
Button Details at Placket, Mix & Match Button Down Shirt
Fabric: Lawn
Color: Pink
Note:
Product color may vary slightly due to photographic lighting sources or monitor settings.",https://nishatlinen.com/products/ps24-147,"image_2_783_1.jpg, image_2_783_2.jpg, image_2_783_3.jpg"
Printed Dress - FS24-52 - XS,"Rs. 8,420.00 Rs. 5,052.00","Make your day memorable with this printed dress from the latest pret summer collection.
Product Detail
Printed Dress
Dress
T Shirt Neckline, Belt Detail On Waist With Back Knot, Flared Sleeves
Fabric: Chicken Kari
Color: Powder Pink
Note:
Product color may vary slightly due to photographic lighting sources or monitor settings.",https://nishatlinen.com/collections/women/products/fs24-52,"image_2_784_1.jpg, image_2_784_2.jpg, image_2_784_3.jpg"
2 Piece - Printed Embroidered Suit - 42401282,"Rs. 4,610.00 Rs. 2,996.50","Get ultimate glamorous look with this printed embroidered two-piece from the latest unstitched summer collection.
Product Detail:
Polka Dot Shirt Paired With Toile Patterns Prints Style Shirt with Trousers
SHIRT
Printed Super Fine Lawn Shirt: 3 Meter
Embroidered Motifs
Fabric: Lawn
Color: Gold & Off White
TROUSERS
Printed Cambric Trousers: 2.5 Meter
Fabric: Cambric
Color: Gold & Off White
Note:
Product color may slightly vary due to photographic lighting sources or your device settings.",https://nishatlinen.com/collections/women/products/42401282,"image_2_785_1.jpg, image_2_785_2.jpg, image_2_785_3.jpg"
2 Piece - Digital Printed Suit - 42401107,"Rs. 4,820.00 Rs. 3,133.00","Threads that resonate with elegance digital printed two-piece from the latest unstitched summer collection.
Product Detail:
Flower Bunch Printed Style Shirt with Dupatta
SHIRT
Digital Printed Super Fine Lawn Shirt: 3 Meter
Fabric: Lawn
Color: Light Green
DUPATTA
Digital Printed Zari Monar Dupatta: 2.5 Meter
Fabric: Zari Monar
Color: Light Green
Note:
Product color may slightly vary due to photographic lighting sources or your device settings.",https://nishatlinen.com/products/42401107,"image_2_786_1.jpg, image_2_786_2.jpg, image_2_786_3.jpg"
3 Piece - Gold Printed Suit - 42401391,"Rs. 6,660.00 Rs. 4,329.00","Unveil your inner goddess with this gold printed three-piece from the latest unstitched summer collection.
Product Detail:
Embellished Style Shirt with Dupatta and Trousers
SHIRT
Gold Printed Super Fine Lawn Shirt: 3 Meter
Fabric: Lawn
Color: Black
DUPATTA
Digital Printed Maysuri Dupatta: 2.5 Meter
Fabric: Maysuri
Color: Maroon
TROUSERS
Dyed Cambric Trousers: 2.5 Meter
Fabric: Cambric
Color: Black
Note:
Product color may slightly vary due to photographic lighting sources or your device settings.",https://nishatlinen.com/collections/women/products/42401391,"image_2_787_1.jpg, image_2_787_2.jpg, image_2_787_3.jpg"
3 Piece - Printed Loose Fabric - 42403249 - Shirt / 3 / 3,Rs. 455.00 - Rs. 527.00,"Enchant hearts and captivate souls with this mesmerizing printed three-piece from the latest freedom to buy summer collection.
Product Detail:
Floral Silhouettes Printed Style Shirt with Dupatta and Trousers
SHIRT
Shirt: 3 Meter (RS 750/-Mtr)
Fabric: Lawn
Color: Black
DUPATTA
Dupatta: 2.5 Meter (RS 780/-Mtr)
Fabric: Voile
Color: Black
TROUSERS
Trousers: 2.5 Meter (RS 680/-Mtr)
Fabric: Cambric
Color: ﻿Black
Note:
Product color may slightly vary due to photographic lighting sources or your device settings.",https://nishatlinen.com/collections/women/products/42403249,"image_2_788_1.jpg, image_2_788_2.jpg, image_2_788_3.jpg"
3 Piece - Printed Suit - 42401812,"Rs. 6,660.00 Rs. 4,329.00","Express yourself with confidence printed three-piece from the latest unstitched summer collection.
Product Detail:
Wild Leaf Patterns With Floral Print In Line Form Shirt with Dupatta and Trousers
SHIRT
Printed Super Fine Lawn Shirt: 3 Meter
Fabric: Lawn
Color: Red
DUPATTA
Digital Printed Crinkle Chiffon Dupatta: 2.5 Meter
Fabric: Crinkle Chiffon
Color: Red
TROUSERS
Printed Cambric Trousers: 2.5 Meter
Fabric: Cambric
Color: Red
Note:
Product color may slightly vary due to photographic lighting sources or your device settings.",https://nishatlinen.com/collections/women/products/42401812,"image_2_789_1.jpg, image_2_789_2.jpg, image_2_789_3.jpg"
2 Piece - Printed Suit - 42401596,"Rs. 3,070.00 Rs. 1,995.50","Glance yourself in this attractively printed two-piece from the latest unstitched summer collection.
Product Detail:
Abstract Printed Style Shirt with Dupatta
SHIRT
Printed Super Fine Lawn Shirt: 3 Meter
Fabric: Lawn
Color: Off White
DUPATTA
Printed Voile Dupatta: 2.5 Meter
Fabric: Voile
Color: ﻿Off White
Note:
Product color may slightly vary due to photographic lighting sources or your device settings.",https://nishatlinen.com/collections/women/products/42401596,"image_2_790_1.jpg, image_2_790_2.jpg, image_2_790_3.jpg"
3 Piece - Printed Loose Fabric - 42403145 - Shirt / 3 / 3,Rs. 830.00 Rs. 540.00,"Embody the essence of timeless beauty with this printed three-piece from the latest freedom to buy summer collection.
Product Detail:
Paisleys Printed Style Shirt with Dupatta and Trousers
SHIRT
Shirt: 3 Meter (RS 730/-Mtr)
Fabric: Lawn
Color: White
DUPATTA
Dupatta: 2.5 Meter (RS 750/-Mtr)
Fabric: Voile
Color: Multi
TROUSERS
Trousers: 2.5 Meter (RS 650/-Mtr)
Fabric: Cambric
Color: White
Note:
Product color may slightly vary due to photographic lighting sources or your device settings.",https://nishatlinen.com/products/42403145,"image_2_791_1.jpg, image_2_791_2.jpg, image_2_791_3.jpg"
1 Piece - Digital Printed Loose Fabric - 42403392 - Shirt / 3 / 3,Rs. 830.00 Rs. 540.00,"Revitalize your casual look with this digital printed one-piece from the latest freedom to buy summer collection.
Product Detail:
Line Art Flowers Printed Style Shirt 
SHIRT
Shirt: 3 Meter (RS 800/-Mtr)
Fabric: Dobby Lawn
Color: Black

Note:
Product color may slightly vary due to photographic lighting sources or your device settings.",https://nishatlinen.com/collections/women/products/42403392,"image_2_792_1.jpg, image_2_792_2.jpg, image_2_792_3.jpg"
3 Piece - Printed Loose Fabric - 42403289 - Shirt / 3 / 3,Rs. 880.00 Rs. 572.00,"Level up your wardrobe with gorgeous printed three-piece from the latest freedom to buy summer collection.
Product Detail:
Floral Prints Style Shirt with Dupatta and Trousers 
SHIRT
Shirt: 3 Meter (RS 750/-Mtr)
Fabric: Lawn
Color: Black
DUPATTA
Dupatta: 2.5 Meter (RS 780/-Mtr)
Fabric: Voile
Color: Black
TROUSERS
Trousers: 2.5 Meter (RS 680/-Mtr)
Fabric: Cambric
Color: Black
Note:
Product color may slightly vary due to photographic lighting sources or your device settings.",https://nishatlinen.com/collections/women/products/42403289,"image_2_793_1.jpg, image_2_793_2.jpg, image_2_793_3.jpg"
3 Piece - Printed Embroidered Suit - 42402040,"Rs. 7,690.00 Rs. 4,998.50","Create an elegant and lavish look with our printed embroidered three-piece from the latest unstitched summer collection.
Product Detail:
Floral & Lace Patterns Style Shirt with Dupatta and Trousers
SHIRT
Printed Super Fine Lawn Shirt: 3 Meter
Embroidered Motifs + Border
Fabric: Lawn
Color: Sea Green
DUPATTA
Digital Printed Crinkle Chiffon Dupatta: 2.5 Meter
Fabric: Crinkle Chiffon
Color: Sea Green
TROUSERS
Solid Cambric Trousers: 2.5 Meter
Fabric: Cambric
Color: Sea Green
Note:
Product color may slightly vary due to photographic lighting sources or your device settings.",https://nishatlinen.com/products/42402040,"image_2_794_1.jpg, image_2_794_2.jpg, image_2_794_3.jpg"
3 Piece - Paste & Pigment Printed Embroidered Suit - 42401889,"Rs. 8,720.00 Rs. 5,668.00","Make a delicate statement with our paste & pigment printed embroidered three-piece from the latest unstitched summer collection.
Product Detail:
Floral Damask Patterns Style Shirt with Dupatta and Trousers
SHIRT
Gold & Copper Paste Printed Super Fine Lawn Shirt: 3 Meter
Embroidered Motifs
Fabric: Lawn
Color: Off White
DUPATTA
Gold & Copper Paste Printed Lawn Dupatta: 2.5 Meter
Fabric: Lawn
Color: Off White
TROUSERS
Dyed Cambric Trousers: 2.5 Meter
Fabric: Cambric
Color: ﻿Off White
Note:
Product color may slightly vary due to photographic lighting sources or your device settings.",https://nishatlinen.com/products/42401889,"image_2_795_1.jpg, image_2_795_2.jpg, image_2_795_3.jpg"
Embroidered Trousers - PE24-266 - XS,"Rs. 2,560.00 Rs. 1,536.00","Upgrade your wardrobe with this embroidered trousers from the latest pret summer collection. 
Product Detail
Embroidered Trousers
Trousers
Embroidered Loose Straight Trousers With Lace Detail On Hem
Fabric: Cambric
Color: White
Note:
Product color may vary slightly due to photographic lighting sources or monitor settings.",https://nishatlinen.com/products/pe24-266,"image_2_796_1.jpg, image_2_796_2.jpg, image_2_796_3.jpg"
3 Piece - Digital Printed Loose Fabric - 42403112 - Trouser / 2.5 / 2.5,Rs. 830.00 Rs. 540.00,"Revitalize your style with this digital printed three-piece from the latest freedom to buy summer collection.
Product Detail:
Flowers In Stroke Style And Checks Printed Style Shirt with Dupatta and Trousers
SHIRT
Shirt: 3 Meter (RS 750/-Mtr)
Fabric: Lawn
Color: Pink
DUPATTA
Dupatta: 2.5 Meter (RS 780/-Mtr)
Fabric: Voile 
Color: Pink
Note: Fabric used in shoot for gown is dupatta fabric
TROUSERS
Trousers: 2.5 Meter (RS 650/-Mtr)
Fabric: Cambric
Color: Off White
Note:
Product color may slightly vary due to photographic lighting sources or your device settings.",https://nishatlinen.com/products/42403112,"image_2_797_1.jpg, image_2_797_2.jpg, image_2_797_3.jpg"
3 Piece - Embroidered Suit - 42401653,"Rs. 9,740.00 Rs. 6,331.00","Make a grand entry in your event with an embroidered three-piece from the latest unstitched summer collection.
Product Detail:
Ethnic Style Shirt with Dupatta and Trousers
SHIRT
Dyed Cambric Shirt: 3 Meter
Embroidered Front + Border
Fabric: Cambric
Color: Purple
DUPATTA
Digital Printed Organza Chiffon Dupatta: 2.5 Meter
Fabric: Organza Chiffon
Color: Purple
TROUSERS
Dyed Cambric Trousers: 2.5 Meter
Fabric: Cambric
Color: ﻿Purple
Note:
Product color may slightly vary due to photographic lighting sources or your device settings.",https://nishatlinen.com/collections/women/products/42401653,"image_2_798_1.jpg, image_2_798_2.jpg, image_2_798_3.jpg"
2 Piece - Embroidered Suit - PE24-92 - XS,"Rs. 7,180.00 Rs. 4,308.00","Add a layer of glamour to your summer outfit with this embroidered two-piece suit from the latest pret summer collection. 
Product Detail
Embroidered Shirt With Dupatta
Shirt
Round Neckline, Embroidered Neckline & Sleeves
Fabric: Cambric
Color: Purple
Dupatta
Fabric: Chiffon
Color: Purple
Note:
Product color may vary slightly due to photographic lighting sources or monitor settings.",https://nishatlinen.com/collections/women/products/pe24-92,"image_2_799_1.jpg, image_2_799_2.jpg, image_2_799_3.jpg"
3 Piece - Embroidered Suit - 42401649,"Rs. 9,740.00 Rs. 6,331.00","Brighten up your life to remember this embroidered three-piece from the latest unstitched summer collection.
Product Detail:
Textures With Embellished Borders Style Shirt with Dupatta and Trousers
SHIRT
Dyed Cambric Shirt: 3 Meter
Embroidered Front + Border
Fabric: Cambric
Color: Purple
DUPATTA
Digital Printed Organza Chiffon Dupatta: 2.5 Meter
Fabric: Organza Chiffon
Color: Purple
TROUSERS
Dyed Cambric Trousers: 2.5 Meter
Fabric: Cambric
Color: ﻿Purple
Note:
Product color may slightly vary due to photographic lighting sources or your device settings.",https://nishatlinen.com/collections/women/products/42401649,"image_2_800_1.jpg, image_2_800_2.jpg, image_2_800_3.jpg"
2 piece - Digital Printed Embroidered Suit - 42401745,"Rs. 5,130.00 Rs. 3,334.50","Look absolutely stunning by wearing this digital printed embroidered two-piece from the latest unstitched summer collection.
Product Detail:
Chunri Prints Style Shirt with Trousers
SHIRT
Digital Printed Cambric Shirt: 3 Meter
Embroidered Neckline
Fabric: Cambric
Color: Blue
TROUSERS
Solid Cambric Trousers: 2.5 Meter
Fabric: Cambric
Color: Blue
Note:
Product color may slightly vary due to photographic lighting sources or your device settings.",https://nishatlinen.com/collections/women/products/42401745,"image_2_801_1.jpg, image_2_801_2.jpg, image_2_801_3.jpg"
2 Piece - Printed Suit - 42401268,"Rs. 3,590.00 Rs. 2,333.50","Power up your traditional look and make a mark in everyone’s heart by styling this printed two-piece from the latest unstitched summer collection.
Product Detail:
Rug Patterns Printed Style Shirt with Dupatta 
SHIRT
Printed Super Fine Lawn Shirt: 3 Meter
Fabric: Lawn
Color: Multi
DUPATTA
Digital Printed Crinkle Chiffon Dupatta: 2.5 Meter
Fabric: Crinkle Chiffon
Color: Red
Note:
Product color may slightly vary due to photographic lighting sources or your device settings.",https://nishatlinen.com/collections/women/products/42401268,"image_2_802_1.jpg, image_2_802_2.jpg, image_2_802_3.jpg"
2 Piece - Printed Suit - PS24-307 - XS / S,"Rs. 4,820.00 Rs. 2,892.00","Add a touch of magic and glamour to your wardrobe with this printed two-piece suit from the latest pret summer collection.
Product Detail
Printed Shirt With Trousers
Shirt
V Neckline, Short Cuffed Sleeves, Length Variation, Boxy Loose Shirt
Fabric: Cambric
Color: Off White
Trousers
Straight Trousers
Fabric: Cambric
Color: Off White
Note:
Product color may vary slightly due to photographic lighting sources or monitor settings.",https://nishatlinen.com/collections/women/products/ps24-307,"image_2_803_1.jpg, image_2_803_2.jpg, image_2_803_3.jpg"
3 Piece - Printed Loose Fabric - 42403043 - Shirt / 3 / 3,Rs. 670.00 Rs. 436.00,"Elevate your daily style with this three-piece from the latest freedom to buy summer collection.
Product Detail:
Floral Printed Style Shirt with Dupatta and Trousers
SHIRT
Shirt: 3 Meter (RS 730/-Mtr)
Fabric: Lawn
Color: ﻿Pink
DUPATTA
Dupatta: 2.5 Meter (RS 750/-Mtr)
Fabric: Voile
Color: Pink
TROUSERS
Trousers: 2.5 Meter (RS 650/-Mtr)
Fabric: Cambric
Color: Off White
Note:
Product color may slightly vary due to photographic lighting sources or your device settings",https://nishatlinen.com/products/42403043,"image_2_804_1.jpg, image_2_804_2.jpg, image_2_804_3.jpg"
1 Piece - Digital Printed Loose Fabric - 42403100 - Shirt / 3 / 3,Rs. 750.00 Rs. 488.00,"Achieve a tasteful appearance with this digital printed one-piece from the latest freedom to buy summer collection.
Product Detail:
Periwinkle Floral Bunches Printed Style Shirt 
SHIRT
Shirt: 3 Meter (RS 1090/-Mtr)
Fabric: Lurix Stripe
Color: Yellow

Note:
Product color may slightly vary due to photographic lighting sources or your device settings.",https://nishatlinen.com/collections/women/products/42403100,"image_2_805_1.jpg, image_2_805_2.jpg, image_2_805_3.jpg"
Embroidered Shirt - PE24-123 - XS,"Rs. 4,820.00 Rs. 2,892.00","Make a pleasing and appealing look with this embroidered shirt from the latest pret summer collection. 
Product Detail
Embroidered Shirt
Shirt
Round Neckline With Piping & Slit, Pintucks Detail On Sleeves, Embroidered Front
Fabric: Cambric
Color: Green
Note:
Product color may vary slightly due to photographic lighting sources or monitor settings.",https://nishatlinen.com/collections/women/products/pe24-123,"image_2_806_1.jpg, image_2_806_2.jpg, image_2_806_3.jpg"
Basic Shirt - PE24-28 - XS / S,"Rs. 3,590.00 Rs. 2,154.00","Elevate your style and embody elegance with this basic shirt from the latest pret summer collection. 
Product Detail
Basic Shirt
Shirt
Collar Neckline With Buttons Detail At Packet, Lace Detail On Sleeves Edges
Fabric: Cambric
Color: Light Blue
Note:
Product color may vary slightly due to photographic lighting sources or monitor settings.",https://nishatlinen.com/products/pe24-28,"image_2_807_1.jpg, image_2_807_2.jpg, image_2_807_3.jpg"
3 Piece - Embroidered Suit - PS24-322 - XS,"Rs. 8,790.00 Rs. 5,274.00","Radiate positivity and vibrancy in this embroidered three-piece suit from the latest pret summer collection.
Product Detail
Embroidered Shirt With Dupatta & Trousers
Shirt
V Neckline, Embroidered Front, Straight Shirt
Fabric: Cambric
Color: Grey
Dupatta
Embroidered Dupatta
Fabric: Chiffon
Color: Grey
Trousers
Straight Trousers
Fabric: Cambric
Color: Grey
Note:
Product color may vary slightly due to photographic lighting sources or monitor settings.",https://nishatlinen.com/collections/women/products/ps24-322,"image_2_808_1.jpg, image_2_808_2.jpg, image_2_808_3.jpg"
2 Piece - Printed Embroidered Suit - 42401286,"Rs. 4,610.00 Rs. 2,996.50","Create a very sober look & embrace your creativity with this printed embroidered two-piece from the latest unstitched summer collection.
Product Detail:
Floral Prints Style Style Shirt with Trousers
SHIRT
Printed Super Fine Lawn Shirt: 3 Meter
Embroidered Neckline + Border
Fabric: Lawn
Color: Pink
TROUSERS
Printed Cambric Trousers: 2.5 Meter
Fabric: Cambric
Color: Pink
Note:
Product color may slightly vary due to photographic lighting sources or your device settings.",https://nishatlinen.com/products/42401286,"image_2_809_1.jpg, image_2_809_2.jpg, image_2_809_3.jpg"
2 Piece - Printed Suit - PE24-399 - XS,"Rs. 4,570.00 Rs. 2,742.00","Radiate positivity and vibrancy in this printed two-piece suit from the latest pret summer collection.
Product Detail
Printed Shirt With Trousers
Shirt
Band Neckline With Placket, Printed Shirt
Fabric: Cambric
Color: Mint
Trousers
Loose Trousers
Fabric: Cambric
Color: Mint
Note:
Product color may vary slightly due to photographic lighting sources or monitor settings.",https://nishatlinen.com/collections/women/products/pe24-399,"image_2_810_1.jpg, image_2_810_2.jpg, image_2_810_3.jpg"
2 Piece - Printed Suit - PS24-315 - XS,"Rs. 4,820.00 Rs. 2,892.00","Get most iconic look by wearing this printed two-piece suit from the latest pret summer collection.
Product Detail
Printed Shirt With Trousers
Shirt
Round Neckline With Pearls & Loops Detail, A-Line Shirt
Fabric: Cambric
Color: Red
Trousers
Fitted Printed Trousers
Fabric: Cambric
Color: Red
Note:
Product color may vary slightly due to photographic lighting sources or monitor settings.",https://nishatlinen.com/collections/women/products/ps24-315,"image_2_811_1.jpg, image_2_811_2.jpg, image_2_811_3.jpg"
3 Piece - Printed Loose Fabric - 42403290 - Shirt / 3 / 3,Rs. 880.00 Rs. 572.00,"Uplift your look with this printed three-piece from the latest freedom to buy summer collection.
Product Detail:
Animal Prints Style Shirt with Dupatta and Trousers 
SHIRT
Shirt: 3 Meter (RS 750/-Mtr)
Fabric: Lawn
Color: Multi
DUPATTA
Dupatta: 2.5 Meter (RS 780/-Mtr)
Fabric: Voile
Color: Multi
TROUSERS
Trousers: 2.5 Meter (RS 680/-Mtr)
Fabric: Cambric
Color: White
Note:
Product color may slightly vary due to photographic lighting sources or your device settings.",https://nishatlinen.com/collections/women/products/42403290,"image_2_812_1.jpg, image_2_812_2.jpg, image_2_812_3.jpg"
3 Piece - Printed Loose Fabric - 42403168 - Shirt / 3 / 3,Rs. 830.00 Rs. 540.00,"Experience the embodiment of ethereal beauty with this printed three-piece from the latest freedom to buy summer collection.
Product Detail:
Floral Bunches With Striped Floral Vine Shirt Printed Style with Dupatta and Trousers
SHIRT
Shirt: 3 Meter (RS 730/-Mtr)
Fabric: Lawn
Color: Light Yellow
DUPATTA
Dupatta: 2.5 Meter (RS 750/-Mtr)
Fabric: Voile
Color: Light Yellow
TROUSERS
Trousers: 2.5 Meter (RS 650/-Mtr)
Fabric: Cambric
Color: Light Yellow
Note:
Product color may slightly vary due to photographic lighting sources or your device settings.",https://nishatlinen.com/collections/women/products/42403168,"image_2_813_1.jpg, image_2_813_2.jpg, image_2_813_3.jpg"
Embroidered Shirt - PE24-139 - XS,"Rs. 5,130.00 Rs. 3,078.00","Ease your confusion for styling by wearing this embroidered shirt from the latest pret summer collection.
Product Detail
Embroidered Shirt
Shirt
Band Neckline With Placket, Embroidered Border on Sleeves, Classic Shirt
Fabric: Jacquard
Color: Mustard
Note:
Product color may vary slightly due to photographic lighting sources or monitor settings.",https://nishatlinen.com/products/pe24-139,"image_2_814_1.jpg, image_2_814_2.jpg, image_2_814_3.jpg"
3 Piece - Printed Embroidered Suit - 42401401,"Rs. 7,180.00 Rs. 4,667.00","Indulge in a world of sheer enchantment with this printed embroidered three-piece from the latest unstitched summer collection.
Product Detail:
Ralli Borders With French Floral Patterns Style Shirt with Dupatta and Trousers
SHIRT
Printed Super Fine Lawn: 3 Meter
Embroidered Front + Border
Fabric: Lawn
Color: Light Green
DUPATTA
Digital Printed Banarsi Slub Dupatta: 2.5 Meter
Fabric: Banarsi Slub
Color: Light Green
TROUSERS
Printed Cambric Trousers: 2.5 Meter
Fabric: Cambric
Color: Light Green
Note:
Product color may slightly vary due to photographic lighting sources or your device settings.",https://nishatlinen.com/collections/women/products/42401401,"image_2_815_1.jpg, image_2_815_2.jpg, image_2_815_3.jpg"
3 Piece - Yarn Dyed Embroidered Suit - 42402167,"Rs. 8,490.00 Rs. 6,792.00","Become the ultimate trendsetter with our yarn dyed embroidered three-piece from the latest unstitched summer collection.
Product Detail:
Yarn Dyed Dupatta With Block Print Booti On Shirt and Trousers
SHIRT
Jacquard Shirt: 3 Meter
Embroidered Neckline + Border
Fabric: Jacquard
Color: Off White
DUPATTA
Yarn Dyed Dupatta: 2.5 Meter
Fabric: Yarn Dyed
Color: Off White
TROUSERS
Solid Cambric Trousers: 2.5 Meter
Fabric: Solid Cambric
Color: Off White
Note:
Product color may slightly vary due to photographic lighting sources or your device settings.",https://nishatlinen.com/collections/women/products/42402167,"image_2_816_1.jpg, image_2_816_2.jpg, image_2_816_3.jpg"
2 Piece - Jacquard Embroidered Suit - 42402157,"Rs. 6,990.00 Rs. 5,592.00","Adorn grace with this jacquard embroidered two-piece from the latest unstitched summer collection.
Product Detail:
Floral Ethnic Style Shirt with Dupatta
SHIRT
Jacquard Shirt: 3 Meter
2 Embroidered Motifs
Fabric: Jacquard
Color: Green
DUPATTA
Jacquard Dupatta: 2.5 Meter
Fabric: Jacquard
Color: Green
Note:
Product color may slightly vary due to photographic lighting sources or your device settings.",https://nishatlinen.com/products/42402157,"image_2_817_1.jpg, image_2_817_2.jpg, image_2_817_3.jpg"
Embroidered Trousers - PE24-396 - XS,"Rs. 2,460.00 Rs. 1,476.00","Add a touch of cool affection to your everyday look with this embroidered trousers from the latest pret summer collection.
Product Detail
Embroidered Trousers
Trousers
Loose Straight Trousers With Embroidered Hem
Fabric: Cambric
Color: Black
Note:
Product color may vary slightly due to photographic lighting sources or monitor settings.",https://nishatlinen.com/collections/women/products/pe24-396,"image_2_818_1.jpg, image_2_818_2.jpg, image_2_818_3.jpg"
3 Piece - Printed Embroidered Suit - 42402024,"Rs. 9,490.00 Rs. 6,168.50","Be dedicated in this printed embroidered three-piece from the latest unstitched summer collection.
Product Detail:
Rug Patterns In Printed Form Shirt with Dupatta and Trousers
SHIRT
Printed Super Fine Lawn Shirt: 3 Meter
Embroidered Neckline + Border
Fabric: Lawn
Color: Sea Green
DUPATTA
Printed Banarsi Brochia Dupatta: 2.5 Meter
Fabric: Banarsi Brochia
Color: Sea Green
TROUSERS
Solid Cambric Trousers: 2.5 Meter
Fabric: Cambric
Color: Sea Green
Note:
Product color may slightly vary due to photographic lighting sources or your device settings.",https://nishatlinen.com/products/42402024,"image_2_819_1.jpg, image_2_819_2.jpg, image_2_819_3.jpg"
Printed Dress - FE24-35 - XS,"Rs. 6,150.00 Rs. 3,690.00","Look and feel your best by wearing this printed dress from the latest pret summer collection. 
Product Detail
Printed Dress
Dress
Band V Neckline With Placket, Adda Detail At Neckline & Sleeves
Fabric: Silk
Color: Sky Blue
Note:
Product color may vary slightly due to photographic lighting sources or monitor settings.",https://nishatlinen.com/collections/women/products/fe24-35,"image_2_820_1.jpg, image_2_820_2.jpg, image_2_820_3.jpg"
2 Piece - Printed Suit - 42401580,"Rs. 3,590.00 Rs. 2,333.50","For a stunningly spectacular look with this printed two-piece from the latest unstitched summer collection.
Product Detail:
Traditional Embroidery Patterns Printed Style Shirt with Dupatta
SHIRT
Printed Super Fine Lawn Shirt: 3 Meter
Fabric: Lawn
Color: Off White
DUPATTA
Digital Printed Muzlin Dupatta: 2.5 Meter
Fabric: Muzlin
Color: Light Yellow
Note:
Product color may slightly vary due to photographic lighting sources or your device settings.",https://nishatlinen.com/products/42401580,"image_2_821_1.jpg, image_2_821_2.jpg, image_2_821_3.jpg"
2 Piece - Printed Suit - PS24-267 - XS / S,"Rs. 4,510.00 Rs. 2,706.00","Glance yourself in this attractively printed two-piece suit from the latest pret summer collection. 
Product Detail
Printed Shirt With Trousers
Shirt
Band Neckline With Placket, Printed Shirt
Fabric: Cambric
Color: Pink
Trousers
Printed Straight Trousers
Fabric: Cambric
Color: Pink
Note:
Product color may vary slightly due to photographic lighting sources or monitor settings.",https://nishatlinen.com/products/ps24-267,"image_2_822_1.jpg, image_2_822_2.jpg, image_2_822_3.jpg"
2 Piece - Dyed Embroidered Suit - 42401060,"Rs. 5,640.00 Rs. 3,666.00","Embrace the essence of effortless style with our dyed embroidered two-piece from the latest unstitched summer collection.
Product Detail:
Shirt with Trousers
SHIRT
Dyed Cambric Shirt: 3 Meter
Embroidered Front
Fabric: Cambric
Color: Black
TROUSERS
Dyed Cambric Trousers: 2.5 Meter
Fabric: Cambric
Color: ﻿Black
Note:
Product color may slightly vary due to photographic lighting sources or your device settings.",https://nishatlinen.com/collections/women/products/42401060,"image_2_823_1.jpg, image_2_823_2.jpg, image_2_823_3.jpg"
1 Piece - Digital Printed Loose Fabric - 42403059 - Shirt / 3 / 3,Rs. 670.00 Rs. 436.00,"Unveil your summer story with the timeless elegance of our digital printed one-piece from the latest freedom to buy summer collection.
Product Detail:
Block Printed Style Shirt
SHIRT
Shirt: 3 Meter (RS 1090/-Mtr)
Fabric: Fancy Strip
Color: Off White
Note:
Product color may slightly vary due to photographic lighting sources or your device settings.",https://nishatlinen.com/collections/women/products/42403059,"image_2_824_1.jpg, image_2_824_2.jpg, image_2_824_3.jpg"
3 Piece - Yarn Dyed Embroidered Suit - 42401976,"Rs. 13,330.00 Rs. 8,664.50","Make your day memorable with this graceful yarn dyed embroidered three-piece from the latest unstitched summer collection.
Product Detail:
Banarsi Style Shirt with Dupatta and Trousers
SHIRT
Yarn Dyed Banarsi Shirt: 3 Meter
Embroidered Front + Border
Fabric: Banarsi
Color: Mink
DUPATTA
Banarsi Jacquard Dupatta: 2.5 Meter
Fabric: Banarsi
Color: Mink
TROUSERS
Yarn Dyed Banarsi Trousers: 2.5 Meter
Fabric: Banarsi
Color: Mink
Note:
Product color may slightly vary due to photographic lighting sources or your device settings.",https://nishatlinen.com/products/42401976,"image_2_825_1.jpg, image_2_825_2.jpg, image_2_825_3.jpg"
Printed Shirt - PE24-275 - XS,"Rs. 3,590.00 Rs. 2,154.00","Express a more joyful version of yourself with this printed shirt from the latest pret summer collection.
Product Detail
Printed Shirt
Shirt
Band Neckline With Placket
Fabric: Lawn
Color: Maroon
Note:
Product color may vary slightly due to photographic lighting sources or monitor settings.",https://nishatlinen.com/products/pe24-275,"image_2_826_1.jpg, image_2_826_2.jpg, image_2_826_3.jpg"
3 Piece - Jacquard Embroidered Suit - 42402084,"Rs. 9,990.00 Rs. 6,493.50","Make your catchy with this wonderful jacquard embroidered three-piece from the latest unstitched summer collection.
Product Detail:
Phulkari Patterns Printed Style Shirt with Dupatta and Trousers
SHIRT
Jacquard Shirt: 2.1 Meter
Embroidered Front + Border
Fabric: Jacquard 
Color: Green
DUPATTA
Yarn Dyed Fancy Jacquard Dupatta: 2.5 Meter
Fabric:  Yarn Dyed
Color: Peach
TROUSERS
Solid Cambric Trousers: 1.7 Meter
Fabric: Cambric
Color: Green
Note:
Product color may slightly vary due to photographic lighting sources or your device settings.",https://nishatlinen.com/collections/women/products/42402084,"image_2_827_1.jpg, image_2_827_2.jpg, image_2_827_3.jpg"
1 Piece - Digital Printed Loose Fabric - 42403280 - Shirt / 3 / 3,Rs. 455.00 - Rs. 527.00,"Elevate your appearance with this stunning digital Printed one-piece from the latest freedom to buy summer collection.
Product Detail:
Floral Printed Style Shirt
SHIRT
Shirt: 3 Meter (RS 850/-Mtr)
Fabric: Dobby Lawn
Color: Off White
Note:
Product color may slightly vary due to photographic lighting sources or your device settings.",https://nishatlinen.com/products/42403280,"image_2_828_1.jpg, image_2_828_2.jpg, image_2_828_3.jpg"
3 Piece - Printed Loose Fabric - 42403242 - Dupatta / 2.5 / 2.5,Rs. 455.00 - Rs. 527.00,"Delight in the magnificence of this printed three-piece from the latest freedom to buy summer collection.
Product Detail
Modern Vector Stems Printed Style Shirt with Dupatta and Trousers
SHIRT
Shirt: 3 Meter (RS 750/-Mtr)
Fabric: Lawn
Color: Beige
DUPATTA
Dupatta: 2.5 Meter (RS 780/-Mtr)
Fabric: Voile
Color: Beige
TROUSERS
Trousers: 2.5 Meter (RS 680/-Mtr)
Fabric: Cambric
Color: ﻿Beige
Note:
Product color may slightly vary due to photographic lighting sources or your device settings.",https://nishatlinen.com/products/42403242,"image_2_829_1.jpg, image_2_829_2.jpg, image_2_829_3.jpg"
3 Piece - Jacquard Embroidered Suit - 42402088,"Rs. 10,260.00 Rs. 6,669.00","Get the natural attraction of women towards the new and dynamic jacquard embroidered three-piece from the latest unstitched summer collection.
Product Detail:
Embellished Style Shirt with Dupatta & Trousers
SHIRT
Fancy Jacquard Shirt: 2.1 Meter
Embroidered Front + Neckline + Border
Fabric: Jacquard
Color: Black & Off White
DUPATTA
Yarn Dyed Dupatta: 2.5 Meter
Fabric: Yarn Dyed
Color: Black 
TROUSERS
Solid Cambric Trousers: 1.7 Meter
Fabric: Cambric
Color: Off White
Note:
Product color may slightly vary due to photographic lighting sources or your device settings.",https://nishatlinen.com/products/42402088,"image_2_830_1.jpg, image_2_830_2.jpg, image_2_830_3.jpg"
Embroidered Trousers - PS24-155 - XS,"Rs. 2,770.00 Rs. 1,662.00","Upgrade your wardrobe with this embroidered trousers from the latest pret summer collection. 
Product Detail
Embroidered Trousers
Trousers
Straight Trousers With Embroidered Hem
Fabric: Cambric
Color: Black
Note:
Product color may vary slightly due to photographic lighting sources or monitor settings.",https://nishatlinen.com/collections/women/products/ps24-155,"image_2_831_1.jpg, image_2_831_2.jpg, image_2_831_3.jpg"
3 Piece - Digital Printed Loose Fabric - 42403317 - Shirt / 3 / 3,Rs. 880.00 Rs. 572.00,"Make a regal statement in this digital printed three-piece from the latest freedom to buy summer collection.
Product Detail:
Floral Printed Style Shirt with Dupatta and Trousers 
SHIRT
Shirt: 3 Meter (RS 780/-Mtr)
Fabric: Lawn
Color: Multi
DUPATTA
Dupatta: 2.5 Meter (RS 800/-Mtr)
Fabric: Voile
Color: Multi
TROUSERS
Trousers: 2.5 Meter (RS 680/-Mtr)
Fabric: Cambric
Color: Yellow
Note:
Product color may slightly vary due to photographic lighting sources or your device settings.",https://nishatlinen.com/collections/women/products/42403317,"image_2_832_1.jpg, image_2_832_2.jpg, image_2_832_3.jpg"
3 Piece - Printed Suit - 42402045,"Rs. 6,490.00 Rs. 4,218.50","Curate the perfect wardrobe with our printed three-piece from the latest unstitched summer collection.
Product Detail:
Decorative Printed Style Shirt with Dupatta and Trousers
SHIRT
Printed Super Fine Lawn Shirt: 3 Meter
Fabric: Lawn
Color: Gold
DUPATTA
Digital Printed Crinkle Chiffon Dupatta: 2.5 Meter
Fabric: Crinkle Chiffon
Color: Gold
TROUSERS
Solid Cambric Trousers: 2.5 Meter
Fabric: Cambric
Color: Gold
Note:
Product color may slightly vary due to photographic lighting sources or your device settings.",https://nishatlinen.com/collections/women/products/42402045,"image_2_833_1.jpg, image_2_833_2.jpg, image_2_833_3.jpg"
3 Piece - Printed Embroidered Suit - 42402131,"Rs. 10,490.00 Rs. 8,392.00","Endless look from our trendiest printed embroidered three-piece from the latest unstitched summer collection.
Product Detail:
Paisleys Style Shirt with Dupatta and Trousers
SHIRT
Printed Slub Cambric Shirt: 3 Meter
Embroidered Front Panel + Border
Fabric: Cambric
Color: Light Greenish Blue
DUPATTA
Printed Fancy Brochia Dupatta: 2.5 Meter
Fabric: Fancy Brochia
Color: Light Greenish Blue
TROUSERS
Solid Cambric Trousers: 2.5 Meter
Fabric: Cambric
Color: Light Greenish Blue
Note:
Product color may slightly vary due to photographic lighting sources or your device settings.",https://nishatlinen.com/products/42402131,"image_2_834_1.jpg, image_2_834_2.jpg, image_2_834_3.jpg"
3 Piece - Printed Embroidered Suit - 42401566,"Rs. 8,720.00 Rs. 5,668.00","Become the epitome of exquisite grace and sophistication with this digital printed embroidered three-piece from the latest unstitched summer collection.
Product Detail:
Embellished Patterns In Borders Style Shirt with Dupatta and Trousers
SHIRT
Digital Printed Zari Lawn Shirt: 3 Meter
2 Embroidered Borders
Fabric: Lawn
Color: Lilac
DUPATTA
Digital Printed Zari Lawn Dupatta: 2.5 Meter
Fabric: Lawn
Color: Lilac
TROUSERS
Dyed Cambric Trousers: 2.5 Meter
Fabric: Cambric
Color: Lilac
Note:
Product color may slightly vary due to photographic lighting sources or your device settings.",https://nishatlinen.com/products/42401566,"image_2_835_1.jpg, image_2_835_2.jpg, image_2_835_3.jpg"
Printed Shirt - PS24-249 - XS,"Rs. 3,890.00 Rs. 2,334.00","Look and feel your best by wearing this printed shirt from the latest pret summer collection. 
Product Detail
Printed Shirt
Shirt
Band Neckline With Placket, Rollover Sleeves, Straight Shirt
Fabric: Lawn
Color: Beige
Note:
Product color may vary slightly due to photographic lighting sources or monitor settings.",https://nishatlinen.com/products/ps24-249,"image_2_836_1.jpg, image_2_836_2.jpg, image_2_836_3.jpg"
3 Piece - Gold Printed Embroidered Suit - 42401865,"Rs. 7,690.00 Rs. 4,998.50","Look perfect with this gold printed embroidered three-piece from the latest unstitched summer collection.
Product Detail:
Chain Stitch & Ethnic Patterns Style Shirt with Dupatta and Trousers
SHIRT
Gold Paste Printed Super Fine Lawn Shirt: 3 Meter
Embroidered Neckline + Border
Fabric: Lawn
Color: Green
DUPATTA
Gold Paste Printed Voile Dupatta: 2.5 Meter
Fabric: Voile
Color: Green
TROUSERS
Solid Cambric Trousers: 2.5 Meter
Fabric: Cambric
Color: Green
Note:
Product color may slightly vary due to photographic lighting sources or your device settings.",https://nishatlinen.com/collections/women/products/42401865,"image_2_837_1.jpg, image_2_837_2.jpg, image_2_837_3.jpg"
2 Piece - Printed Suit - 42401068,"Rs. 2,870.00 Rs. 1,865.50","For a stellar statement this season, adorn our printed two-piece from the latest unstitched summer collection.
Product Detail:
Lemons With Polkas Printed Style Shirt with Trousers
SHIRT
Printed Super Fine Lawn Shirt: 3 Meter
Fabric: Lawn
Color: Black
TROUSERS
Printed Cambric Trousers: 2.5 Meter
Fabric: Cambric
Color: ﻿Black
Note:
Product color may slightly vary due to photographic lighting sources or your device settings.",https://nishatlinen.com/products/42401068,"image_2_838_1.jpg, image_2_838_2.jpg, image_2_838_3.jpg"
3 Piece - Printed Embroidered Suit - 42401705,"Rs. 7,690.00 Rs. 4,998.50","Build your core wardrobe with this printed embroidered three-piece from the latest unstitched summer collection.
Product Detail:
Checks & Stripes Style Shirt with Dupatta and Trousers
SHIRT
Printed Super Fine Lawn Shirt: 3 Meter
Embroidered Motifs + Border
Fabric: Lawn
Color: Lilac
DUPATTA
Printed Voile Dupatta: 2.5 Meter
Fabric: Voile
Color: Lilac
TROUSERS
Printed Cambric Trousers: 2.5 Meter
Fabric: Cambric
Color: ﻿Lilac
Note:
Product color may slightly vary due to photographic lighting sources or your device settings.",https://nishatlinen.com/products/42401705,"image_2_839_1.jpg, image_2_839_2.jpg, image_2_839_3.jpg"
2 Piece - Printed Suit - PE24-420 - XS,"Rs. 4,570.00 Rs. 2,742.00","Glance yourself in this attractively printed two-piece suit from the latest pret summer collection.  
Product Detail
Printed Shirt With Trousers
Shirt
Round Band Neckline, Round Hem, High & Low Classic Shirt 
Fabric: Cambric
Color: Orange
Trousers
Printed Straight Trousers
Fabric: Cambric
Color: Orange
Note:
Product color may vary slightly due to photographic lighting sources or monitor settings.",https://nishatlinen.com/collections/women/products/pe24-420,"image_2_840_1.jpg, image_2_840_2.jpg, image_2_840_3.jpg"
3 Piece - Embroidered Suit - 42401797,"Rs. 10,770.00 Rs. 7,000.50","Make a bold fashion statement with this embroidered three-piece from the latest unstitched summer collection.
Product Detail:
Banarsi Style Shirt with Dupatta and Trousers
SHIRT
Solid Satin Shirt: 3 Meter
Embroidered Front + Neckline + Sleeves + Border
Fabric: Satin
Color: Black
DUPATTA
Fancy Banarsi Dupatta: 2.5 Meter
Fabric: Banarsi
Color: Black
TROUSERS
Solid Satin Trousers: 2.5 Meter
Fabric: Satin
Color: Black
Note:
Product color may slightly vary due to photographic lighting sources or your device settings.",https://nishatlinen.com/collections/women/products/42401797,"image_2_841_1.jpg, image_2_841_2.jpg, image_2_841_3.jpg"
3 Piece - Digital & Paste Printed Embroidered Suit - 42401918,"Rs. 13,850.00 Rs. 9,002.50","Make a bold fashion statement by wearing this digital & Paste printed embroidered three-piece from the latest unstitched summer collection.
Product Detail:
Style Shirt with Dupatta and Trousers
SHIRT
Schiffli Embroidered Printed Cambric Front & Back: 2 Meter
Schiffli Embroidered Printed Cambric Sleeves: 0.6 Meter
Fabric: Cambric
Color: Green & Black
DUPATTA
Digital Printed Chicken Kari Dupatta: 2.5 Meter
Fabric: Chicken Kari
Color: Green & Black
TROUSERS
Paste Printed Cambric Trousers: 2.5 Meter
Fabric: Cambric
Color: Black
Note:
Product color may slightly vary due to photographic lighting sources or your device settings",https://nishatlinen.com/collections/women/products/42401918,"image_2_842_1.jpg, image_2_842_2.jpg, image_2_842_3.jpg"
1 Piece - Printed Loose Fabric - 42403085 - Dupatta / 2.5 / 2.5,Rs. 670.00 Rs. 436.00,"Step into a world of boundless imagination with this printed one-piece from the latest freedom to buy summer collection.
Product Detail:
Gradient Printed Style Dupatta
DUPATTA
Dupatta: 2.5 Meter (RS 750/-Mtr)
Fabric: Voile
Color: Teal Blue
Note:
Product color may slightly vary due to photographic lighting sources or your device settings",https://nishatlinen.com/products/42403085,"image_2_843_1.jpg, image_2_843_2.jpg, image_2_843_3.jpg"
Printed Embroidered Kaftan - PS24-245 - XS / S,"Rs. 5,190.00 Rs. 3,114.00","Elevate your look with this embroidered kaftan from the latest pret summer collection.  
Product Detail
Printed Embroidered Kaftan
Kaftan
Band Neckline With Piping, Printed Embroidered Kaftan
Fabric: Lawn
Color: Navy
Note:
Product color may vary slightly due to photographic lighting sources or monitor settings.",https://nishatlinen.com/products/ps24-245,"image_2_844_1.jpg, image_2_844_2.jpg, image_2_844_3.jpg"
2 Piece - Printed Embroidered Suit - 42401623,"Rs. 5,130.00 Rs. 3,334.50","Elevate your look with this printed embroidered two-piece from the latest unstitched summer collection.
Product Detail:
Laces With Floral Bunches Prints Style Shirt with Dupatta
SHIRT
Printed Super Fine Lawn Shirt: 3 Meter
Embroidered Border
Fabric: Lawn
Color: White
DUPATTA
Digital Printed Crinkle Chiffon Dupatta: 2.5 Meter
Fabric: Crinkle Chiffon
Color: ﻿White
Note:
Product color may slightly vary due to photographic lighting sources or your device settings.",https://nishatlinen.com/products/42401623,"image_2_845_1.jpg, image_2_845_2.jpg, image_2_845_3.jpg"
3 Piece - Printed Embroidered Suit - 42401418,"Rs. 6,150.00 Rs. 3,997.50","Become the epitome of exquisite grace and sophistication with this digital printed embroidered three-piece from the latest unstitched summer collection.
Product Detail:
Japanese Patterns Style Shirt with Dupatta and Trousers
SHIRT
Digital Printed Super Fine Lawn Shirt: 3 Meter
Embroidered Motifs
Fabric: Lawn
Color: Ice Blue
DUPATTA
Digital Printed Silk Dupatta: 2.5 Meter
Fabric: Silk
Color: Ice Blue
TROUSERS
Dyed Cambric Trousers: 2.5 Meter
Fabric: Cambric
Color: Ice Blue
Note:
Product color may slightly vary due to photographic lighting sources or your device settings.",https://nishatlinen.com/collections/women/products/42401418,"image_2_846_1.jpg, image_2_846_2.jpg, image_2_846_3.jpg"
3 Piece - Printed Embroidered Suit - 42401154,"Rs. 7,180.00 Rs. 4,667.00","Craft your innate style with the printed embroidered three-piece from the latest unstitched summer collection.
Product Detail:
Floral Jaal Prints Style Shirt with Dupatta and Trousers
SHIRT
Printed Super Fine Lawn Shirt: 3 Meter
Embroidered Motifs + Border 
Fabric: Lawn
Color: Burnt Orange & Off White
DUPATTA
Digital Printed Emboss Chiffon Dupatta: 2.5 Meter
Fabric: Chiffon
Color: Burnt Orange
TROUSERS
Dyed Cambric Trousers: 2.5 Meter
Fabric: Cambric
Color: Off White
Note:
Product color may slightly vary due to photographic lighting sources or your device settings.",https://nishatlinen.com/collections/women/products/42401154,"image_2_847_1.jpg, image_2_847_2.jpg, image_2_847_3.jpg"
3 Piece - Printed Loose Fabric - 42403135 - Dupatta / 2.5 / 2.5,Rs. 830.00 Rs. 540.00,"Personalize your style with the new printed three-piece from the latest freedom to buy summer collection.
Product Detail:
Mughal Motifs Printed Style Shirt with Dupatta and Trousers
SHIRT
Shirt: 3 Meter (RS 730/-Mtr)
Fabric: Lawn
Color: Purple
DUPATTA
Dupatta: 2.5 Meter (RS 750/-Mtr)
Fabric: Voile
Color: Purple
TROUSERS
Trousers: 2.5 Meter (RS 650/-Mtr)
Fabric: Cambric
Color: Purple
Note:
Product color may slightly vary due to photographic lighting sources or your device settings.",https://nishatlinen.com/products/42403135,"image_2_848_1.jpg, image_2_848_2.jpg, image_2_848_3.jpg"
3 Piece - Printed Suit - 42402105,"Rs. 4,990.00 Rs. 3,992.00","Be special in this unique printed three-piece from the latest unstitched summer collection.
Product Detail:
Cross Stitch Printed Style Shirt with Dupatta and Trousers
SHIRT
Printed Lawn Shirt: 3 Meter
Fabric: Lawn
Color: Lilac
DUPATTA
Printed Doriya Dupatta: 2.5 Meter
Fabric: Doriya
Color: Lilac
TROUSERS
Solid Cambric Trousers: 2.5 Meter
Fabric: Cambric
Color: Lilac
Note:
Product color may slightly vary due to photographic lighting sources or your device settings.",https://nishatlinen.com/collections/women/products/42402105,"image_2_849_1.jpg, image_2_849_2.jpg, image_2_849_3.jpg"
3 Piece - Printed Loose Fabric - 42403145 - Shirt / 3 / 3,Rs. 830.00 Rs. 540.00,"Embody the essence of timeless beauty with this printed three-piece from the latest freedom to buy summer collection.
Product Detail:
Paisleys Printed Style Shirt with Dupatta and Trousers
SHIRT
Shirt: 3 Meter (RS 730/-Mtr)
Fabric: Lawn
Color: White
DUPATTA
Dupatta: 2.5 Meter (RS 750/-Mtr)
Fabric: Voile
Color: Multi
TROUSERS
Trousers: 2.5 Meter (RS 650/-Mtr)
Fabric: Cambric
Color: White
Note:
Product color may slightly vary due to photographic lighting sources or your device settings.",https://nishatlinen.com/collections/women/products/42403145,"image_2_850_1.jpg, image_2_850_2.jpg, image_2_850_3.jpg"
3 Piece - Printed Loose Fabric - 42403366 - Shirt / 3 / 3,Rs. 455.00 - Rs. 533.00,"Brighten up your wardrobe with this printed three-piece from the latest freedom to buy summer collection.
Product Detail
Modern Printed Style Shirt with Dupatta and Trousers 
SHIRT
Shirt: 3 Meter (RS 800/-Mtr) 
Fabric: Lawn
Color: Off White 
DUPATTA
Dupatta: 2.5 Meter (RS 820/-Mtr) 
Fabric: Voile
Color: Pink
TROUSERS
Trousers: 2.5 Meter (RS 700/-Mtr) 
Fabric: Cambric
Color: Off White
Note:
Product color may slightly vary due to photographic lighting sources or your device settings.",https://nishatlinen.com/collections/women/products/42403366,"image_2_851_1.jpg, image_2_851_2.jpg, image_2_851_3.jpg"
3 Piece - Embroidered Suit - 42401657,"Rs. 9,740.00 Rs. 6,331.00","Glance yourself in this embroidered three-piece from the latest unstitched summer collection.
Product Detail:
Geometric Abstract Style Shirt with Dupatta and Trousers
SHIRT
Dyed Cambric Shirt: 3 Meter
Embroidered Front
Fabric: Cambric
Color: Black
DUPATTA
Digital Printed Organza Chiffon Dupatta: 2.5 Meter
Fabric: Organza Chiffon
Color: Black
TROUSERS
Dyed Cambric Trousers: 2.5 Meter
Fabric: Cambric
Color: Black
Note:
Product color may slightly vary due to photographic lighting sources or your device settings.",https://nishatlinen.com/products/42401657,"image_2_852_1.jpg, image_2_852_2.jpg, image_2_852_3.jpg"
3 Piece - Embroidered Suit - 42401446,"Rs. 8,200.00 Rs. 5,330.00","Flaunt your style by wearing this digital printed embroidered three-piece from the latest unstitched summer collection.
Product Detail:
Abstract Borders Style Shirt with Dupatta and Trousers
SHIRT
Dyed Super Fine Grid Lawn Shirt: 3 Meter
Embroidered Motifs + Border
Fabric: Grid Lawn
Color: Gold
DUPATTA
Digital Printed Grid Lawn Dupatta: 2.5 Meter
Fabric: Grid Lawn
Color: Blue
TROUSERS
Dyed Cambric Trousers: 2.5 Meter
Fabric: Cambric
Color: ﻿Gold
Note:
Product color may slightly vary due to photographic lighting sources or your device settings.",https://nishatlinen.com/collections/women/products/42401446,"image_2_853_1.jpg, image_2_853_2.jpg, image_2_853_3.jpg"
Embroidered Tunic - PS24-329 - S,"Rs. 4,190.00 Rs. 2,514.00","Elevate your look with this embroidered tunic from the latest pret summer collection. 
Product Detail
Embroidered Tunic 
Tunic
Band Neckline With Placket, Detailed Pleated Sleeves, Embroidered Side Hem & Upper Side, Embroidered Tunic
Fabric: Cambric
Color: Purple
Note:
Product color may vary slightly due to photographic lighting sources or monitor settings.",https://nishatlinen.com/collections/women/products/ps24-329,"image_2_854_1.jpg, image_2_854_2.jpg, image_2_854_3.jpg"
Embroidered Trousers - PS24-264 - XS,"Rs. 2,050.00 Rs. 1,230.00","Make your day memorable by wearing this embroidered trousers from the latest pret summer collection.
Product Detail
Embroidered Trousers
Trousers
Straight Fitted Trousers With Embroidered Hem
Fabric: Cambric
Color: White
Note:
Product color may vary slightly due to photographic lighting sources or monitor settings.",https://nishatlinen.com/products/ps24-264,"image_2_855_1.jpg, image_2_855_2.jpg, image_2_855_3.jpg"
3 Piece - Printed Suit - 42401218,"Rs. 7,690.00 Rs. 4,998.50","Refresh your vibe with this printed three-piece from the latest unstitched summer collection.
Product Detail:
Foliage Printed Style Shirt with Dupatta and Trousers
SHIRT
Printed Super Fine Lawn Shirt: 3 Meter
Fabric: Lawn
Color: Peach
DUPATTA
Yarn Dyed Dupatta: 2.5 Meter
Fabric: Yarn Dyed
Color: Peach
TROUSERS
Printed Cambric Trousers: 2.5 Meter
Fabric: Cambric
Color: ﻿Peach
Note:
Product color may slightly vary due to photographic lighting sources or your device settings.",https://nishatlinen.com/products/42401218,"image_2_856_1.jpg, image_2_856_2.jpg, image_2_856_3.jpg"
2 Piece - Printed Suit - PE24-345 - XS,"Rs. 4,610.00 Rs. 2,766.00","Elevate your individuality by wearing this printed two-piece suit from the latest pret summer collection.
Product Detail
Printed Shirt With Trousers
Shirt
Band Neckline With Buttons Detail On Placket, Button Down Shirt
Fabric: Cambric
Color: Light Green
Trousers
Printed Straight Trousers
Fabric: Cambric
Color: Light Green
Note:
Product color may vary slightly due to photographic lighting sources or monitor settings.",https://nishatlinen.com/products/pe24-345,"image_2_857_1.jpg, image_2_857_2.jpg, image_2_857_3.jpg"
1 Piece - Printed Loose Fabric - 42403079 - Dupatta / 2.5 / 2.5,Rs. 670.00 Rs. 436.00,"Uplift your wardrobe with our printed one-piece from the latest freedom to buy summer collection.
Product Detail:
Tie & Dye Textures In Prints Style Dupatta
DUPATTA
Dupatta: 2.5 Meter (RS 750/-Mtr)
Fabric: Voile
Color: Red & Beige
Note:
Product color may slightly vary due to photographic lighting sources or your device settings.",https://nishatlinen.com/products/42403079,"image_2_858_1.jpg, image_2_858_2.jpg, image_2_858_3.jpg"
3 Piece - Printed Loose Fabric - 42403008 - Shirt / 3 / 3,Rs. 670.00 Rs. 436.00,"Make your day magnificent by wearing this printed three-piece from the latest freedom to buy summer collection.
Product Detail:
Modern Floral Printed Style Shirt with Dupatta and Trousers
SHIRT
Shirt: 3 Meter (RS 730/-Mtr)
Fabric: Lawn
Color: ﻿Pink
DUPATTA
Dupatta: 2.5 Meter (RS 750/-Mtr)
Fabric: Voile
Color: Pink
TROUSERS
Trousers: 2.5 Meter (RS 650/-Mtr)
Fabric: Cambric
Color: Pink
Note:
Product color may slightly vary due to photographic lighting sources or your device settings.",https://nishatlinen.com/products/42403008,"image_2_859_1.jpg, image_2_859_2.jpg, image_2_859_3.jpg"
3 Piece - Printed Suit - 42401219,"Rs. 7,690.00 Rs. 4,998.50","Refresh your vibe with this printed three-piece from the latest unstitched summer collection.
Product Detail:
Ethnic Printed Style Shirt with Dupatta and Trousers
SHIRT
Printed Super Fine Lawn Shirt: 3 Meter
Fabric: Lawn
Color: Black
DUPATTA
Yarn Dyed Dupatta: 2.5 Meter
Fabric: Yarn Dyed
Color: Black
TROUSERS
Printed Cambric Trousers: 2.5 Meter
Fabric: Cambric
Color: ﻿Black
Note:
Product color may slightly vary due to photographic lighting sources or your device settings.",https://nishatlinen.com/collections/women/products/42401219,"image_2_860_1.jpg, image_2_860_2.jpg, image_2_860_3.jpg"
2 Piece - Dyed Embroidered Suit - 42401736,"Rs. 5,640.00 Rs. 3,666.00","Revamp your wardrobe with a trendy dyed embroidered two-piece from the latest unstitched summer collection.
Product Detail:
Shirt with Trousers
SHIRT
Solid Cambric Shirt: 3 Meter
Embroidered Front + Border
Fabric: Cambric
Color: Deep Red
TROUSERS
Solid Cambric Trousers: 2.5 Meter
Fabric: Cambric
Color: Deep Red
Note:
Product color may slightly vary due to photographic lighting sources or your device settings.",https://nishatlinen.com/products/42401736,"image_2_861_1.jpg, image_2_861_2.jpg, image_2_861_3.jpg"
3 Piece - Embroidered Suit - 42401435,"Rs. 9,740.00 Rs. 6,331.00","Refresh your wardrobe with this embroidered three-piece from the latest unstitched summer collection.
Product Detail:
Persian Flower Patterns Style Shirt with Dupatta and Trousers
SHIRT
Dyed Cambric Shirt: 3 Meter
Embroidered Front + Motifs + Border
Fabric: Cambric
Color: Mint
DUPATTA
Digital Printed Pure Chiffon Dupatta: 2.5 Meter
Fabric: Chiffon
Color: Light Peach & Mint
TROUSERS
Dyed Cambric Trousers: 2.5 Meter
Fabric: Cambric
Color: Mint
Note:
Product color may slightly vary due to photographic lighting sources or your device settings.",https://nishatlinen.com/products/42401435,"image_2_862_1.jpg, image_2_862_2.jpg, image_2_862_3.jpg"
3 Piece - Printed Embroidered Suit - 42401561,"Rs. 8,720.00 Rs. 5,668.00","Maximize your style with this digital printed embroidered three-piece from the latest unstitched summer collection.
Product Detail:
Ajrak Style Shirt with Dupatta and Trousers
SHIRT
Digital Printed Zari Lawn Shirt: 3 Meter
2 Embroidered Motifs + Border
Fabric: Lawn
Color: Blue
DUPATTA
Digital Printed Zari Lawn Dupatta: 2.5 Meter
Fabric: Lawn
Color: Blue
TROUSERS
Dyed Cambric Trousers: 2.5 Meter
Fabric: Cambric
Color: Blue
Note:
Product color may slightly vary due to photographic lighting sources or your device settings.",https://nishatlinen.com/products/42401561,"image_2_863_1.jpg, image_2_863_2.jpg, image_2_863_3.jpg"
3 Piece - Printed Embroidered Suit - 42401846,"Rs. 7,690.00 Rs. 4,998.50","Upgrade your evening outdoor look with our printed embroidered three-piece from the latest unstitched summer collection.
Product Detail:
Cross Stitch Patterns Style Shirt with Dupatta and Trousers
SHIRT
Printed Lawn Shirt: 3 Meter
Embroidered Motifs + Border
Fabric: Lawn
Color: Orange
DUPATTA
Digital Printed Zari Lawn Dupatta: 2.5 Meter
Fabric: Zari Lawn
Color: Orange
TROUSERS
Dyed Cambric Trousers: 2.5 Meter
Fabric: Cambric
Color: Off White
Note:
Product color may slightly vary due to photographic lighting sources or your device settings.",https://nishatlinen.com/collections/women/products/42401846,"image_2_864_1.jpg, image_2_864_2.jpg, image_2_864_3.jpg"
2 Piece - Printed Embroidered Suit - 42401764,"Rs. 5,130.00 Rs. 3,334.50","Try this most exhilarating design printed embroidered two-piece from the latest unstitched summer collection.
Product Detail:
Ethnic Patterns With Textured Base Style Shirt with Dupatta
SHIRT
Printed Super Fine Lawn Shirt: 3 Meter
Embroidered Motifs + Border
Fabric: Lawn
Color: Orange
DUPATTA
Printed Crinkle Chiffon Dupatta: 2.5 Meter
Fabric: Crinkle Chiffon
Color: Orange
Note:
Product color may slightly vary due to photographic lighting sources or your device settings.",https://nishatlinen.com/products/42401764,"image_2_865_1.jpg, image_2_865_2.jpg, image_2_865_3.jpg"
Embroidered Shirt - PE24-24 - XS,"Rs. 4,100.00 Rs. 2,460.00","Stay updated with the trends by wearing this embroidered shirt from the latest pret summer collection. 
Product Detail
Embroidered Shirt
Shirt
Band Pleated Neckline With Adda Work Detail On Placket, Epaulet Sleeves, Pockets At Both Sides
Fabric: Cambric
Color: Beige
Note:
Product color may vary slightly due to photographic lighting sources or monitor settings.",https://nishatlinen.com/products/pe24-24,"image_2_866_1.jpg, image_2_866_2.jpg, image_2_866_3.jpg"
3 Piece - Printed Loose Fabric - 42403116 - Shirt / 3 / 3,Rs. 830.00 Rs. 540.00,"Give your new season look an elegant upgrade with this printed three-piece from the latest freedom to buy summer collection.
Product Detail:
Abstract Silhouettes Printed Style Shirt with Dupatta and Trousers
SHIRT
Shirt: 3 Meter (RS 730/-Mtr)
Fabric: Lawn
Color: Green
DUPATTA
Dupatta: 2.5 Meter (RS 750/-Mtr)
Fabric: Voile
Color: Green
Note: Fabric used in shoot for gown is dupatta fabric
TROUSERS
Trousers: 2.5 Meter (RS 650/-Mtr)
Fabric: Cambric
Color: Green
Note:
Product color may slightly vary due to photographic lighting sources or your device settings.",https://nishatlinen.com/products/42403116,"image_2_867_1.jpg, image_2_867_2.jpg, image_2_867_3.jpg"
3 Piece - Printed Suit - 42402004,"Rs. 4,100.00 Rs. 2,665.00","Make a grand entry in your event with printed three-piece from the latest unstitched summer collection.
Product Detail:
Chunri Printed Style Shirt with Dupatta & Trousers
SHIRT
Printed Lawn Shirt: 3 Meter
Fabric: Lawn
Color: Black
DUPATTA
Printed Voile Dupatta: 2.5 Meter
Fabric: Voile
Color: Black 
TROUSERS
Solid Cambric Trousers: 2.5 Meter
Fabric: Cambric 
Color: Black
Note:
Product color may slightly vary due to photographic lighting sources or your device settings.",https://nishatlinen.com/products/42402004-1,"image_2_868_1.jpg, image_2_868_2.jpg, image_2_868_3.jpg"
3 Piece - Embroidered Suit - 42401694,"Rs. 8,720.00 Rs. 5,668.00","Exude grace with this embroidered three-piece from the latest unstitched summer collection.
Product Detail:
Bold Peony Style Shirt with Dupatta and Trousers
SHIRT
Dyed Cambric Shirt: 3 Meter
Embroidered Front + Sleeves
Fabric: Cambric
Color: Light Pink
DUPATTA
Digital Printed Crinkle Chiffon Dupatta: 2.5 Meter
Fabric: Crinkle Chiffon
Color: Red
TROUSERS
Dyed Cambric Trousers: 2.5 Meter
Fabric: Cambric
Color: ﻿Light Pink
Note:
Product color may slightly vary due to photographic lighting sources or your device settings.",https://nishatlinen.com/products/42401694,"image_2_869_1.jpg, image_2_869_2.jpg, image_2_869_3.jpg"
2 Piece - Embroidered Suit - PE24-106 - XS,"Rs. 6,660.00 Rs. 3,996.00","Keep yourself comfy with this gorgeous embroidered two-piece suit from the latest pret summer collection. 
Product Detail
Embroidered Shirt With Trousers
Shirt
Round Neckline With Piping & Slit, Embroidered Front & Sleeves
Fabric: Cambric
Color: Apple Green
Trousers
Straight Trousers
Fabric: Cambric
Color: Apple Green
Note:
Product color may vary slightly due to photographic lighting sources or monitor settings.",https://nishatlinen.com/products/pe24-106,"image_2_870_1.jpg, image_2_870_2.jpg, image_2_870_3.jpg"
1 Piece - Digital Printed Loose Fabric - 42403283 - Shirt / 3 / 3,Rs. 455.00 - Rs. 527.00,"Add an elegant touch to your special occasions with this digital printed one-piece from the latest freedom to buy summer collection.
Product Detail:
Doodle Art Printed Style Shirt
SHIRT
Shirt: 3 Meter (RS 850/-Mtr)
Fabric: Dobby Lawn
Color: White
Note:
Product color may slightly vary due to photographic lighting sources or your device settings.",https://nishatlinen.com/products/42403283,"image_2_871_1.jpg, image_2_871_2.jpg, image_2_871_3.jpg"
Embroidered Trousers - PE24-387 - XS,"Rs. 2,050.00 Rs. 1,230.00","Add a touch of magic and glamour to your wardrobe with this enticing embroidered trousers from the latest pret summer collection.
Product Detail
Embroidered Trousers
Trousers
Loose Straight Trousers With Lace Detail On Hem
Fabric: Cambric
Color: White
Note:
Product color may vary slightly due to photographic lighting sources or monitor settings.",https://nishatlinen.com/collections/women/products/pe24-387,"image_2_872_1.jpg, image_2_872_2.jpg, image_2_872_3.jpg"
Printed Dress - AS24-63 - XS,"Rs. 5,750.00 Rs. 3,450.00","Get a sparkling look by wearing this printed dress from the latest pret summer collection.
Product Detail
Printed Dress
Dress
Round Neckline, Cape Style Long Dress
Fabric: Lawn
Color: Multi
Note:
Product color may vary slightly due to photographic lighting sources or monitor settings.",https://nishatlinen.com/products/as24-63,"image_2_873_1.jpg, image_2_873_2.jpg, image_2_873_3.jpg"
3 Piece - Printed Loose Fabric - 42403047 - Shirt / 3 / 3,Rs. 670.00 Rs. 436.00,"Look famous with this printed three-piece from the latest freedom to buy summer collection.
Product Detail:
Ethnic Printed Style Shirt with Dupatta and Trousers
SHIRT
Shirt: 3 Meter (RS 730/-Mtr)
Fabric: Lawn
Color: Red
DUPATTA
Dupatta: 2.5 Meter (RS 750/-Mtr)
Fabric: Voile
Color: Deep Blue
TROUSERS
Trousers: 2.5 Meter (RS 650/-Mtr)
Fabric: Cambric
Color: Red
Note:
Product color may slightly vary due to photographic lighting sources or your device settings.",https://nishatlinen.com/products/42403047,"image_2_874_1.jpg, image_2_874_2.jpg, image_2_874_3.jpg"
3 Piece - Embroidered Suit - 42401077,"Rs. 9,230.00 Rs. 5,999.50","Get the ultimate queen look by wearing this embroidered three-piece from the latest unstitched summer collection.
Product Detail:
Floral With Laces Prints Style Shirt with Dupatta and Trousers
SHIRT
Embroidered Cambric Front:1.15 Meter
Dyed Cambric Back & Sleeves:1.85 Meter
Embroidered Motifs
Fabric: Cambric
Color: Skin
DUPATTA
Digital Printed Soft Net Dupatta: 2.5 Meter
Fabric: Net
Color: Skin
TROUSERS
Dyed Cambric Trousers: 2.5 Meter
Fabric: Cambric
Color: ﻿Skin
Note:
Product color may slightly vary due to photographic lighting sources or your device settings.",https://nishatlinen.com/collections/women/products/42401077,"image_2_875_1.jpg, image_2_875_2.jpg, image_2_875_3.jpg"
1 Piece - Gold Printed Loose Fabric - 42403331 - Shirt / 3 / 3,Rs. 880.00 Rs. 572.00,"Look elegant with this gold printed one-piece from the latest freedom to buy summer collection.
Product Detail:
Paisleys Prints Style Shirt 
SHIRT
Shirt: 3 Meter (RS 800/-Mtr)
Fabric: Lawn
Color: Teal
Note:
Product color may slightly vary due to photographic lighting sources or your device settings.",https://nishatlinen.com/collections/women/products/42403331,"image_2_876_1.jpg, image_2_876_2.jpg, image_2_876_3.jpg"
Embroidered Trousers - PE24-372 - XS,"Rs. 2,350.00 Rs. 1,410.00","Look and feel your best by wearing this embroidered trousers from the latest pret summer collection.
Product Detail
Embroidered Trousers
Trousers
Straight Trousers With Embroidered Hem
Fabric: Cambric
Color: Off White
Note:
Product color may vary slightly due to photographic lighting sources or monitor settings.",https://nishatlinen.com/products/pe24-372,"image_2_877_1.jpg, image_2_877_2.jpg, image_2_877_3.jpg"
1 Piece - Paste Printed Loose Fabric - 42403092 - Trouser / 2.5 / 2.5,Rs. 670.00 Rs. 436.00,"Make an elegant statement in our featuring paste printed one-piece from the latest freedom to buy summer collection.
Product Detail:
Origami Stitch Style Motifs Prints Style Trousers
TROUSERS
Trousers: 2.5 Meter (RS 690/-Mtr)
Fabric: Cambric
Color: ﻿White
Note:
Product color may slightly vary due to photographic lighting sources or your device settings.",https://nishatlinen.com/collections/women/products/42403092,"image_2_878_1.jpg, image_2_878_2.jpg, image_2_878_3.jpg"
3 Piece - Printed Embroidered Suit - 42401640,"Rs. 9,740.00 Rs. 6,331.00","For a fashionable statement adorn this printed embroidered three-piece from the latest unstitched summer collection.
Product Detail:
Block Prints Style Shirt with Dupatta and Trousers
SHIRT
Solid Cambric Shirt: 3 Meter
Embroidered Front + Border
Fabric: Cambric
Color: Off White
DUPATTA
Digital Printed Brochia Dupatta: 2.5 Meter
Fabric: Brochia
Color: Off White
TROUSERS
Printed Cambric Trousers: 2.5 Meter
Fabric: Cambric
Color: ﻿Off White
Note:
Product color may slightly vary due to photographic lighting sources or your device settings.",https://nishatlinen.com/products/42401640,"image_2_879_1.jpg, image_2_879_2.jpg, image_2_879_3.jpg"
2 Piece - Printed Embroidered Suit - 42401623,"Rs. 5,130.00 Rs. 3,334.50","Elevate your look with this printed embroidered two-piece from the latest unstitched summer collection.
Product Detail:
Laces With Floral Bunches Prints Style Shirt with Dupatta
SHIRT
Printed Super Fine Lawn Shirt: 3 Meter
Embroidered Border
Fabric: Lawn
Color: White
DUPATTA
Digital Printed Crinkle Chiffon Dupatta: 2.5 Meter
Fabric: Crinkle Chiffon
Color: ﻿White
Note:
Product color may slightly vary due to photographic lighting sources or your device settings.",https://nishatlinen.com/collections/women/products/42401623,"image_2_880_1.jpg, image_2_880_2.jpg, image_2_880_3.jpg"
3 Piece - Printed Suit - 42402022,"Rs. 6,150.00 Rs. 3,997.50","Keep your look effortlessly chic by wearing this printed three-piece from the latest unstitched summer collection.
Product Detail:
Floral Silhouettes Printed Style Shirt with Dupatta & Trousers
SHIRT
Printed Super Fine Lawn Shirt: 3 Meter
Fabric: Lawn
Color: Black & Skin
DUPATTA
Digital Printed Crinkle Chiffon Dupatta: 2.5 Meter
Fabric: Crinkle Chiffon
Color: Black & Skin
TROUSERS
Solid Cambric Trousers: 2.5 Meter
Fabric: Cambric
Color: Skin
Note:
Product color may slightly vary due to photographic lighting sources or your device settings.",https://nishatlinen.com/products/42402022,"image_2_881_1.jpg, image_2_881_2.jpg, image_2_881_3.jpg"
3 Piece - Printed Loose Fabric - 42403166 - Dupatta / 2.5 / 2.5,Rs. 830.00 Rs. 540.00,"Step into the spotlight of elegance by wearing this printed three-piece from the latest freedom to buy summer collection.
Product Detail:
Stencil Patterns Mix Printed Style Shirt with Dupatta and Trousers
SHIRT
Shirt: 3 Meter (RS 730/-Mtr)
Fabric: Lawn
Color: Deep Blue
DUPATTA
Dupatta: 2.5 Meter (RS 750/-Mtr)
Fabric: Voile
Color: Deep Blue
TROUSERS
Trousers: 2.5 Meter (RS 650/-Mtr)
Fabric: Cambric
Color: Deep Blue
Note:
Product color may slightly vary due to photographic lighting sources or your device settings.",https://nishatlinen.com/collections/women/products/42403166,"image_2_882_1.jpg, image_2_882_2.jpg, image_2_882_3.jpg"
Printed Shirt - PE24-273 - XS,"Rs. 3,790.00 Rs. 2,274.00","Look appealing and graceful in this printed shirt from the latest pret summer collection.
Product Detail
Printed Shirt
Shirt
Round Neckline With Buttons Detail On Piping
Fabric: Lawn
Color: Ivory
Note:
Product color may vary slightly due to photographic lighting sources or monitor settings.",https://nishatlinen.com/collections/women/products/pe24-273,"image_2_883_1.jpg, image_2_883_2.jpg, image_2_883_3.jpg"
2 Piece - Fancy Embroidered Suit - 42401290,"Rs. 6,150.00 Rs. 3,997.50","Keep your look classy with this fancy embroidered two-piece from the latest unstitched summer collection. 
Product Detail:
Shirt with Dupatta 
SHIRT
Dyed Super Fine Lawn Shirt: 3 Meter
Embroidered Front + Motifs
Fabric: Lawn
Color: Light Pink
DUPATTA
Sequin Dupatta: 2.5 Meter
Fabric: Sequin
Color: ﻿Light Pink
Note:
Product color may slightly vary due to photographic lighting sources or your device settings.",https://nishatlinen.com/products/42401290,"image_2_884_1.jpg, image_2_884_2.jpg, image_2_884_3.jpg"
3 Piece - Digital Printed Embroidered Suit - 42401792,"Rs. 8,200.00 Rs. 5,330.00","Delicate your look with this digital printed embroidered three-piece from the latest unstitched summer collection.
Product Detail:
Ethnic Print Style Shirt with Dupatta and Trousers
SHIRT
Digital Printed Super Fine Lawn Shirt: 3 Meter
2 Embroidered Motifs + Border
Fabric: Lawn
Color: Pink
DUPATTA
Digital Printed Silk Dupatta: 2.5 Meter
Fabric: Silk
Color: Pink
TROUSERS
Solid Cambric Trousers: 2.5 Meter
Fabric: Cambric
Color: Pink
Note:
Product color may slightly vary due to photographic lighting sources or your device settings.",https://nishatlinen.com/products/42401792,"image_2_885_1.jpg, image_2_885_2.jpg, image_2_885_3.jpg"
2 Piece - Printed Embroidered Suit - 42401286,"Rs. 4,610.00 Rs. 2,996.50","Create a very sober look & embrace your creativity with this printed embroidered two-piece from the latest unstitched summer collection.
Product Detail:
Floral Prints Style Style Shirt with Trousers
SHIRT
Printed Super Fine Lawn Shirt: 3 Meter
Embroidered Neckline + Border
Fabric: Lawn
Color: Pink
TROUSERS
Printed Cambric Trousers: 2.5 Meter
Fabric: Cambric
Color: Pink
Note:
Product color may slightly vary due to photographic lighting sources or your device settings.",https://nishatlinen.com/collections/women/products/42401286,"image_2_886_1.jpg, image_2_886_2.jpg, image_2_886_3.jpg"
3 Piece - Silver & Gold Paste Printed Embroidered Suit - 42401897,"Rs. 8,720.00 Rs. 5,668.00","Design your elegance, and define your style with silver & gold paste printed embroidered three-piece from the latest unstitched summer collection.
Product Detail:
Geometric Rug Patterns Style Shirt with Dupatta and Trousers
SHIRT
Gold & Silver Paste Printed Super Fine Lawn Shirt: 3 Meter
Embroidered Neckline + Motifs
Fabric: Lawn
Color: Purple
DUPATTA
Gold & Silver Paste Printed Lawn Dupatta: 2.5 Meter
Fabric: Lawn
Color: Purple
TROUSERS
Dyed Cambric Trousers: 2.5 Meter
Fabric: Cambric
Color: ﻿Purple
Note:
Product color may slightly vary due to photographic lighting sources or your device settings.",https://nishatlinen.com/products/42401897,"image_2_887_1.jpg, image_2_887_2.jpg, image_2_887_3.jpg"
1 Piece - Gold Printed Loose Fabric - 42403190 - Shirt / 3 / 3,Rs. 830.00 Rs. 540.00,"Enhance your appearance and make a bold statement with this gold printed one-piece from the latest freedom to buy summer collection.
Product Detail:
Flowers Printed Style Shirt 
SHIRT
Shirt: 3 Meter (RS 800/-Mtr)
Fabric: Lawn
Color: Black

Note:
Product color may slightly vary due to photographic lighting sources or your device settings.",https://nishatlinen.com/products/42403190,"image_2_888_1.jpg, image_2_888_2.jpg, image_2_888_3.jpg"
2 Piece - Printed Suit - 42402184,"Rs. 2,990.00 Rs. 1,943.50","Be confident in this printed two-piece from the latest unstitched summer collection.
Product Detail:
Phulkari Patterns In Printed Form Shirt with Trousers
SHIRT
Printed Cambric Shirt: 3 Meter
Fabric: Cambric
Color: Green & Red
TROUSERS
Printed Cambric Trousers: 2.5 Meter
Fabric: Cambric
Color: Red
Note:
Product color may slightly vary due to photographic lighting sources or your device settings.",https://nishatlinen.com/products/42402184,"image_2_889_1.jpg, image_2_889_2.jpg, image_2_889_3.jpg"
3 Piece - Embroidered Suit - 42401797,"Rs. 10,770.00 Rs. 7,000.50","Make a bold fashion statement with this embroidered three-piece from the latest unstitched summer collection.
Product Detail:
Banarsi Style Shirt with Dupatta and Trousers
SHIRT
Solid Satin Shirt: 3 Meter
Embroidered Front + Neckline + Sleeves + Border
Fabric: Satin
Color: Black
DUPATTA
Fancy Banarsi Dupatta: 2.5 Meter
Fabric: Banarsi
Color: Black
TROUSERS
Solid Satin Trousers: 2.5 Meter
Fabric: Satin
Color: Black
Note:
Product color may slightly vary due to photographic lighting sources or your device settings.",https://nishatlinen.com/products/42401797,"image_2_890_1.jpg, image_2_890_2.jpg, image_2_890_3.jpg"
Embroidered Tunic - PS24-109 - XS,"Rs. 4,000.00 Rs. 2,400.00","Give yourself a weather-friendly look with this embroidered tunic from the latest pret summer collection.
Product Detail
Embroidered Tunic
Tunic
Collar Neckline With Placket & Buttons Detail, Embroidered Front & Cuffed Sleeves With Side Slit, Button Down Tunic
Fabric: Cambric
Color: Peacock
Note:
Product color may vary slightly due to photographic lighting sources or monitor settings.",https://nishatlinen.com/products/ps24-109,"image_2_891_1.jpg, image_2_891_2.jpg, image_2_891_3.jpg"
3 Piece - Printed Loose Fabric - 42403122 - Dupatta / 2.5 / 2.5,Rs. 830.00 Rs. 540.00,"Make visually pleasing and appealing look with this printed three-piece from the latest freedom to buy summer collection.
Product Detail:
Bold Leafs With Animal Printed Style Shirt with Dupatta and Trousers
SHIRT
Shirt: 3 Meter (RS 730/-Mtr)
Fabric: Lawn
Color: Multi
DUPATTA
Dupatta: 2.5 Meter (RS 750/-Mtr)
Fabric: Voile
Color: Multi
Note: Fabric used for gown in shoot is dupatta fabric
TROUSERS
Trousers: 2.5 Meter (RS 650/-Mtr)
Fabric: Cambric
Color: Off White
Note:
Product color may slightly vary due to photographic lighting sources or your device settings.",https://nishatlinen.com/collections/women/products/42403122,"image_2_892_1.jpg, image_2_892_2.jpg, image_2_892_3.jpg"
3 Piece - Embroidered Suit - 42401648,"Rs. 9,740.00 Rs. 6,331.00","Preserve your beautiful memories by wearing this embroidered three-piece from the latest unstitched summer collection.
Product Detail:
Laces With Flowers Prints Style Shirt with Dupatta and Trousers
SHIRT
Dyed Cambric Embroidered Front: 3 Meter
Embroidered Front
Fabric: Cambric
Color: Light Pink
DUPATTA
Digital Printed Organza Chiffon Dupatta: 2.5 Meter
Fabric: Organza Chiffon
Color: Light Pink
TROUSERS
Dyed Cambric Trousers: 2.5 Meter
Fabric: Cambric
Color: ﻿Light Pink
Note:
Product color may slightly vary due to photographic lighting sources or your device settings.",https://nishatlinen.com/products/42401648,"image_2_893_1.jpg, image_2_893_2.jpg, image_2_893_3.jpg"
3 Piece - Digital Printed Jacquard Embroidered Suit - 42402093,"Rs. 9,990.00 Rs. 6,493.50","Look mesmerizing with this digital printed jacquard embroidered three-piece from the latest unstitched summer collection.
Product Detail:
Embellished Style Shirt with Dupatta and Trousers
SHIRT
Digital Printed Fancy Jacquard Shirt: 2.1 Meter
3 Embroidered Borders
Fabric: Jacquard
Color: Pink
DUPATTA
Yarn Dyed Dupatta: 2.5 Meter
Fabric: Yarn Dyed
Color: Pink
TROUSERS
Solid Cambric Trousers: 1.7 Meter
Fabric: Cambric
Color: Pink
Note:
Product color may slightly vary due to photographic lighting sources or your device settings.",https://nishatlinen.com/products/42402093,"image_2_894_1.jpg, image_2_894_2.jpg, image_2_894_3.jpg"
Printed Tunic - PS24-335 - XL,"Rs. 2,770.00 Rs. 1,662.00","Conquer summer days in this printed tunic from the latest pret summer collection.
Product Detail
Printed Tunic
Tunic
Band Tie Neckline, Gathered Sleeves, Printed Tunic
Fabric: Cambric
Color: Beige
Note:
Product color may vary slightly due to photographic lighting sources or monitor settings.",https://nishatlinen.com/collections/women/products/ps24-335,"image_2_895_1.jpg, image_2_895_2.jpg, image_2_895_3.jpg"
3 Piece - Digital Printed Suit - 42401500,"Rs. 8,200.00 Rs. 5,330.00","Get the tale of elegance and grace by wearing this digital printed three-piece from the latest unstitched summer collection.
Product Detail:
Floral Vines With Laces Style Shirt with Dupatta and Trousers
SHIRT
Digital Printed Brochia Jacquard Shirt: 3 Meter
Fabric: Jacquard
Color: Peach
DUPATTA
Digital Printed Brochia Jacquard Dupatta: 2.5 Meter
Fabric: Jacquard
Color: Peach
TROUSERS
Dyed Cambric Trousers: 2.5 Meter
Fabric: Cambric
Color: ﻿Peach
Note:
Product color may slightly vary due to photographic lighting sources or your device settings.",https://nishatlinen.com/products/42401500,"image_2_896_1.jpg, image_2_896_2.jpg, image_2_896_3.jpg"
3 Piece - Printed Loose Fabric - 42403292 - Dupatta / 2.5 / 2.5,Rs. 880.00 Rs. 572.00,"Style your elegant look with this printed three-piece from the latest freedom to buy summer collection.
Product Detail:
Ralli Prints Style Shirt with Dupatta and Trousers 
SHIRT
Shirt: 3 Meter (RS 750/-Mtr)
Fabric: Lawn
Color: Brown
DUPATTA
Dupatta: 2.5 Meter (RS 780/-Mtr)
Fabric: Voile
Color: Brown
TROUSERS
Trousers: 2.5 Meter (RS 680/-Mtr)
Fabric: Cambric
Color: Off White
Note:
Product color may slightly vary due to photographic lighting sources or your device settings.",https://nishatlinen.com/collections/women/products/42403292,"image_2_897_1.jpg, image_2_897_2.jpg, image_2_897_3.jpg"
3 Piece - Embroidered Suit - 42308043,"Rs. 11,280.00 Rs. 7,332.00","Get a stunning & fabulous blend of eye-catching looks by wearing this embroidered three-piece from the latest summer collection.
Product Detail:
Shirt with Dupatta and Trousers
SHIRT
Dyed Cambric Shirt: 3.2 Meter
Embroidered Front + 2 Borders
Fabric: Cambric
Color: ﻿Lime
DUPATTA
Dyed Jacquard Dupatta: 2.5 Meter
Fabric: Jacquard
Color: Lime
TROUSERS
Dyed Cambric Trousers: 2.5 Meter
Fabric: Cambric
Color: Lime
Note:
Product color may slightly vary due to photographic lighting sources or your device settings.",https://nishatlinen.com/products/42308043,"image_2_898_1.jpg, image_2_898_2.jpg, image_2_898_3.jpg"
3 Piece - Printed Suit - 42401942,"Rs. 7,180.00 Rs. 4,667.00","Upgrade your evening outdoor look with our printed three-piece from the latest unstitched summer collection.
Product Detail:
Textured Base With Sequins Printed Style Shirt with Dupatta & Trousers
SHIRT
Printed Zari Lawn Shirt: 3 Meter
Fabric: Zari Lawn
Color: Black & Grey
DUPATTA
Digital Printed Zari Lawn Dupatta: 2.5 Meter
Fabric: Zari Lawn
Color: Black & Grey
TROUSERS
Printed Cambric Trousers: 2.5 Meter
Fabric: Cambric
Color: White
Note:
Product color may slightly vary due to photographic lighting sources or your device settings.",https://nishatlinen.com/collections/women/products/42401942,"image_2_899_1.jpg, image_2_899_2.jpg, image_2_899_3.jpg"
3 Piece - Printed Loose Fabric - 42403240 - Dupatta / 2.5 / 2.5,Rs. 455.00 - Rs. 527.00,"Embrace elegance with the delicate beauty of this printed three-piece from the latest freedom to buy summer collection.
Product Detail:
Floral Silhouettes Printed Style Shirt with Dupatta and Trousers
SHIRT
Shirt: 3 Meter (RS 750/-Mtr)
Fabric: Lawn
Color: ﻿Green & Pink
DUPATTA
Dupatta: 2.5 Meter (RS 780/-Mtr)
Fabric: Voile
Color: Green & Pink
TROUSERS
Trousers: 2.5 Meter (RS 680/-Mtr)
Fabric: Cambric
Color: Pink
Note:
Product color may slightly vary due to photographic lighting sources or your device settings.",https://nishatlinen.com/collections/women/products/42403240,"image_2_900_1.jpg, image_2_900_2.jpg, image_2_900_3.jpg"
1 Piece - Digital Printed Loose Fabric - 42403195 - Shirt / 3 / 3,Rs. 830.00 Rs. 540.00,"Make a regal impression with this digital printed one-piece from the latest freedom to buy summer collection.
Product Detail:
Leafy Printed Style Shirt 
SHIRT
Shirt: 3 Meter (RS 830/-Mtr)
Fabric: Dobby Lawn
Color: Brown

Note:
Product color may slightly vary due to photographic lighting sources or your device settings.",https://nishatlinen.com/collections/women/products/42403195,"image_2_901_1.jpg, image_2_901_2.jpg, image_2_901_3.jpg"
3 Piece - Printed Embellished Suit - 42401351,"Rs. 10,260.00 Rs. 6,669.00","Step into a realm of sheer beauty and confidence with this printed embellished three-piece from the latest unstitched summer collection.
Product Detail:
Mukaish Work Style Shirt with Dupatta and Trousers
SHIRT
Dyed Cambric Shirt: 3 Meter
Embroidered Front + Border
Fabric: Cambric
Color: Chocolate Brown
DUPATTA
Printed Mukaish Chiffon Dupatta: 2.4 Meter
Fabric: Mukaish Chiffon
Color: Chocolate Brown
TROUSERS
Dyed Cambric Trousers: 2.5 Meter
Fabric: Cambric
Color: Chocolate Brown
Note:
Product color may slightly vary due to photographic lighting sources or your device settings.",https://nishatlinen.com/products/42401351,"image_2_902_1.jpg, image_2_902_2.jpg, image_2_902_3.jpg"
3 Piece - Printed Loose Fabric - 42403373 - Dupatta / 2.5 / 2.5,Rs. 455.00 - Rs. 533.00,"Unveil your summer story with the timeless elegance of our printed three-piece from the latest freedom to buy summer collection.
Product Detail
Ethnic Block Printed Style Shirt with Dupatta and Trousers 
SHIRT
Shirt: 3 Meter (RS 780/-Mtr) 
Fabric: Lawn
Color: Gold
DUPATTA
Dupatta: 2.5 Meter (RS 800/-Mtr) 
Fabric: Voile
Color: Gold
TROUSERS
Trousers: 2.5 Meter (RS 700/-Mtr) 
Fabric: Cambric
Color: Gold
Note:
Product color may slightly vary due to photographic lighting sources or your device settings.",https://nishatlinen.com/collections/women/products/42403373,"image_2_903_1.jpg, image_2_903_2.jpg, image_2_903_3.jpg"
2 Piece - Embroidered Suit - PE24-41 - XS,"Rs. 7,690.00 Rs. 4,614.00","Look and feel your best by wearing this embroidered two-piece suit from the latest pret summer collection. 
Product Detail
Embroidered Shirt With Dupatta
Shirt
Band Neckline, Embroidered Front Panels & Sleeves, Paneled Shirt
Fabric: Cambric
Color: Sky Blue
Dupatta
Fabric: Poly Stripe
Color: Sky Blue
Note:
Product color may vary slightly due to photographic lighting sources or monitor settings.",https://nishatlinen.com/products/pe24-41,"image_2_904_1.jpg, image_2_904_2.jpg, image_2_904_3.jpg"
3 Piece - Printed Suit - 42401481,"Rs. 6,150.00 Rs. 3,997.50","Make your day pleasingly memorable with this printed three-piece from the latest unstitched summer collection.
Product Detail:
Intricate Kashmiri Patterns Style Shirt with Dupatta and Trousers
SHIRT
Printed Super Fine Lawn Shirt: 3 Meter
1 Lace: 1.25 Meter
1 Lace: 2.5 Meter
Fabric: Lawn
Color: Green
DUPATTA
Digital Printed Crinkle Chiffon Dupatta: 2.5 Meter
Fabric: Crinkle Chiffon
Color: Green
TROUSERS
Printed Cambric Trousers: 2.5 Meter
Fabric: Cambric
Color: Green
Note:
Product color may slightly vary due to photographic lighting sources or your device settings.",https://nishatlinen.com/collections/women/products/42401481,"image_2_905_1.jpg, image_2_905_2.jpg, image_2_905_3.jpg"
3 Piece - Printed Loose Fabric - 42403146 - Shirt / 3 / 3,Rs. 830.00 Rs. 540.00,"Unleash your inner muse with this printed three-piece from the latest freedom to buy summer collection.
Product Detail:
Chintz Printed Style Shirt with Dupatta and Trousers
SHIRT
Shirt: 3 Meter (RS 730/-Mtr)
Fabric: Lawn
Color: Green
DUPATTA
Dupatta: 2.5 Meter (RS 750/-Mtr)
Fabric: Voile
Color: Green
TROUSERS
Trousers: 2.5 Meter (RS 650/-Mtr)
Fabric: Cambric
Color: Green
Note:
Product color may slightly vary due to photographic lighting sources or your device settings.",https://nishatlinen.com/collections/women/products/42403146,"image_2_906_1.jpg, image_2_906_2.jpg, image_2_906_3.jpg"
3 Piece - Printed Suit - 42402112,"Rs. 4,990.00 Rs. 3,992.00","Level up your wardrobe with gorgeous printed three-piece from the latest unstitched summer collection.
Product Detail:
Ethnic & Abstract Mix Printed Style Shirt with Dupatta and Trousers
SHIRT
Printed Lawn Shirt: 3 Meter
Fabric: Lawn
Color: Black
DUPATTA
Printed Doriya Dupatta: 2.5 Meter
Fabric: Doriya
Color: Black 
TROUSERS
Solid Cambric Trousers: 2.5 Meter
Fabric: Cambric
Color: Black
Note:
Product color may slightly vary due to photographic lighting sources or your device settings.",https://nishatlinen.com/collections/women/products/42402112,"image_2_907_1.jpg, image_2_907_2.jpg, image_2_907_3.jpg"
2 Piece - Printed Suit - 42401584,"Rs. 3,590.00 Rs. 2,333.50","Become the ultimate trendsetter with our printed two-piece from the latest unstitched summer collection.
Product Detail:
Block Printed Style Shirt with Dupatta
SHIRT
Printed Super Fine Lawn Shirt: 3 Meter
Fabric: Lawn
Color: Black
DUPATTA
Digital Printed Muzlin Dupatta: 2.5 Meter
Fabric: Muzlin
Color: ﻿Black
Note:
Product color may slightly vary due to photographic lighting sources or your device settings.",https://nishatlinen.com/collections/women/products/42401584,"image_2_908_1.jpg, image_2_908_2.jpg, image_2_908_3.jpg"
2 Piece - Embroidered Suit - PE24-113 - XS,"Rs. 6,150.00 Rs. 3,690.00","Flaunt your style with this embroidered two-piece suit from the latest pret summer collection.
Product Detail
Embroidered Shirt With Trousers
Shirt
Round Neckline With Buttons Detail On Placket, Embroidered Sleeves, Embroidered Shirt
Fabric: Cambric
Color: Blue
Trousers
Loose Straight Trousers With Embroidered Hem
Fabric: Cambric
Color: Blue
Note:
Product color may vary slightly due to photographic lighting sources or monitor settings.",https://nishatlinen.com/collections/women/products/pe24-113,"image_2_909_1.jpg, image_2_909_2.jpg, image_2_909_3.jpg"
3 Piece - Embroidered Suit - 42401246,"Rs. 8,200.00 Rs. 5,330.00","Make an inspiring statement with our embroidered three-piece from the latest unstitched summer collection.
Product Detail:
Colorful Abstract Textures Style Shirt with Dupatta and Trousers
SHIRT
Dyed Cambric Shirt: 3 Meter
Embroidered Front + Border
Fabric: Cambric
Color: Off White
DUPATTA
Digital Printed Crinkle Chiffon Dupatta: 2.5 Meter
Fabric: Crinkle Chiffon
Color: Multi
TROUSERS
Dyed Cambric Trousers: 2.5 Meter
Fabric: Cambric
Color: Off White
Note:
Product color may slightly vary due to photographic lighting sources or your device settings.",https://nishatlinen.com/collections/women/products/42401246,"image_2_910_1.jpg, image_2_910_2.jpg, image_2_910_3.jpg"
Basic Dress - FE24-66 - XS,"Rs. 7,180.00 Rs. 4,308.00","Unlock the secret language of style by wearing this basic dress from the latest pret summer collection.
Product Detail
Basic Dress
Dress
Band Neckline, Front Long Placket, Sleeves Without Seam, Lace Detail On Sleeves Openings & Front Yoke
Fabric: Yarn Dyed
Color: Green
Note:
Product color may vary slightly due to photographic lighting sources or monitor settings.",https://nishatlinen.com/products/fe24-66,"image_2_911_1.jpg, image_2_911_2.jpg, image_2_911_3.jpg"
3 Piece - Printed Embroidered Suit - 42401839,"Rs. 7,690.00 Rs. 4,998.50","Built up your look enlivened in this printed embroidered three-piece from the latest unstitched summer collection.
Product Detail:
Ethnic Print Style Shirt with Dupatta and Trousers
SHIRT
Printed Lawn Shirt: 3 Meter
Embroidered Motifs + 2 Borders
Fabric: Lawn
Color: Black
DUPATTA
Digital Printed Zari Lawn Dupatta: 2.5 Meter
Fabric: Zari Lawn
Color: Black & Off White
TROUSERS
Solid Cambric Trousers: 2.5 Meter
Fabric: Cambric
Color: Black
Note:
Product color may slightly vary due to photographic lighting sources or your device settings.",https://nishatlinen.com/products/42401839,"image_2_912_1.jpg, image_2_912_2.jpg, image_2_912_3.jpg"
3 Piece - Embroidered Suit - 42401650,"Rs. 9,740.00 Rs. 6,331.00","Summarize your style in this embroidered three-piece from the latest unstitched summer collection.
Product Detail:
Abstract Floral Silhouettes With Embellished Borders Style Shirt with Dupatta and Trousers
SHIRT
Dyed Cambric Shirt: 3 Meter
Embroidered Front
Fabric: Cambric
Color: Green
DUPATTA
Digital Printed Organza Chiffon Dupatta: 2.5 Meter
Fabric: Organza Chiffon
Color: Green
TROUSERS
Dyed Cambric Trousers: 2.5 Meter
Fabric: Cambric
Color: ﻿Green
Note:
Product color may slightly vary due to photographic lighting sources or your device settings.",https://nishatlinen.com/collections/women/products/42401650,"image_2_913_1.jpg, image_2_913_2.jpg, image_2_913_3.jpg"
Embroidered Shirt - AS24-56 - XS,"Rs. 4,620.00 Rs. 2,772.00","Make yourself charming by styling this embroidered shirt from the latest pret summer collection.
Product Detail
Embroidered Shirt
Shirt
Band Neckline With Slit, Embroidered Panels Detail, Front Open A-Line Shirt
Fabric: Jacquard
Color: Grey
Note:
Product color may vary slightly due to photographic lighting sources or monitor settings.",https://nishatlinen.com/products/as24-56,"image_2_914_1.jpg, image_2_914_2.jpg, image_2_914_3.jpg"
1 Piece - Digital Printed Loose Fabric - 42403197 - Shirt / 3 / 3,Rs. 830.00 Rs. 540.00,"Make your day memorable by wearing this digital printed one-piece from the latest freedom to buy summer collection.
Product Detail:
Block Printed Style Shirt 
SHIRT
Shirt: 3 Meter (RS 830/-Mtr)
Fabric: Dobby Lawn
Color: Green

Note:
Product color may slightly vary due to photographic lighting sources or your device settings.",https://nishatlinen.com/products/42403197,"image_2_915_1.jpg, image_2_915_2.jpg, image_2_915_3.jpg"
Printed Tunic - PS24-337 - XS,"Rs. 3,090.00 Rs. 1,854.00","Express yourself with confidence by wearing this printed tunic from the latest pret summer collection. 
Product Detail
Printed Tunic
Tunic
Round Neckline With Tie-Up Dorri & Tassels Detail, Gathered Sleeves, Back Forward Hem
Fabric: Cambric
Color: White
Note:
Product color may vary slightly due to photographic lighting sources or monitor settings.",https://nishatlinen.com/collections/women/products/ps24-337,"image_2_916_1.jpg, image_2_916_2.jpg, image_2_916_3.jpg"
3 Piece - Digital Printed Loose Fabric - 42403244 - Shirt / 3 / 3,Rs. 455.00 - Rs. 527.00,"Turn every moment into a cherished memory with our elegantly digital printed three-piece from the latest freedom to buy summer collection.
Product Detail:
Textures Printed Style Shirt with Dupatta and Trousers
SHIRT
Shirt: 3 Meter (RS 780/-Mtr)
Fabric: Lawn
Color: Off White & Orange
DUPATTA
Dupatta: 2.5 Meter (RS 800/-Mtr)
Fabric: Voile
Color: Off White & Orange
TROUSERS
Trousers: 2.5 Meter (RS 680/-Mtr)
Fabric: Cambric
Color: Off White 
Note:
Product color may slightly vary due to photographic lighting sources or your device settings.",https://nishatlinen.com/collections/women/products/42403244,"image_2_917_1.jpg, image_2_917_2.jpg, image_2_917_3.jpg"
2 Piece - Dyed Embroidered Suit - 42401736,"Rs. 5,640.00 Rs. 3,666.00","Revamp your wardrobe with a trendy dyed embroidered two-piece from the latest unstitched summer collection.
Product Detail:
Shirt with Trousers
SHIRT
Solid Cambric Shirt: 3 Meter
Embroidered Front + Border
Fabric: Cambric
Color: Deep Red
TROUSERS
Solid Cambric Trousers: 2.5 Meter
Fabric: Cambric
Color: Deep Red
Note:
Product color may slightly vary due to photographic lighting sources or your device settings.",https://nishatlinen.com/collections/women/products/42401736,"image_2_918_1.jpg, image_2_918_2.jpg, image_2_918_3.jpg"
3 Piece - Printed Embroidered Suit - 42401647,"Rs. 9,740.00 Rs. 6,331.00","For a stunningly spectacular look with our printed embroidered three-piece from the latest unstitched summer collection.
Product Detail:
Kashmiri Prints Style Shirt with Dupatta and Trousers
SHIRT
Solid Cambric Shirt: 3 Meter
Embroidered Front + Motifs
Fabric: Cambric
Color: Light Pink & Purple
DUPATTA
Digital Printed Brochia Dupatta: 2.5 Meter
Fabric: Brochia
Color: Light Pink & Purple
TROUSERS
Printed Cambric Trousers: 2.5 Meter
Fabric: Cambric
Color: Light Pink & Purple
Note:
Product color may slightly vary due to photographic lighting sources or your device settings.",https://nishatlinen.com/products/42401647,"image_2_919_1.jpg, image_2_919_2.jpg, image_2_919_3.jpg"
3 Piece - Printed Embroidered Suit - PS24-257 - XS,"Rs. 10,290.00 Rs. 6,174.00","Radiate positivity and vibrancy in this printed embroidered three-piece suit from the latest pret summer collection.
Product Detail
Printed Embroidered Shirt With Dupatta & Trousers
Shirt
Round Embroidered Neckline With Piping, Long A-Line Shirt
Fabric: Lawn
Color: Yellow
Dupatta
Printed Dupatta
Fabric: Voile
Color: Blue
Trousers
Printed Straight Trousers
Fabric: Cambric
Color: Black
Note:
Product color may vary slightly due to photographic lighting sources or monitor settings.",https://nishatlinen.com/products/ps24-257,"image_2_920_1.jpg, image_2_920_2.jpg, image_2_920_3.jpg"
2 Piece - Printed Embroidered Suit - 42401763,"Rs. 5,130.00 Rs. 3,334.50","Style up with this  printed embroidered two-piece from the latest unstitched summer collection.
Product Detail:
Chunri Printed Style Shirt with Dupatta
SHIRT
Printed Super Fine Lawn Shirt: 3 Meter
Embroidered Motifs + Border
Fabric: Lawn
Color: Green
DUPATTA
Digital Printed Crinkle Chiffon Dupatta: 2.5 Meter
Fabric: Crinkle Chiffon
Color: Green
Note:
Product color may slightly vary due to photographic lighting sources or your device settings.",https://nishatlinen.com/products/42401763,"image_2_921_1.jpg, image_2_921_2.jpg, image_2_921_3.jpg"
3 Piece - Jacquard Embroidered Suit - 42402088,"Rs. 10,260.00 Rs. 6,669.00","Get the natural attraction of women towards the new and dynamic jacquard embroidered three-piece from the latest unstitched summer collection.
Product Detail:
Embellished Style Shirt with Dupatta & Trousers
SHIRT
Fancy Jacquard Shirt: 2.1 Meter
Embroidered Front + Neckline + Border
Fabric: Jacquard
Color: Black & Off White
DUPATTA
Yarn Dyed Dupatta: 2.5 Meter
Fabric: Yarn Dyed
Color: Black 
TROUSERS
Solid Cambric Trousers: 1.7 Meter
Fabric: Cambric
Color: Off White
Note:
Product color may slightly vary due to photographic lighting sources or your device settings.",https://nishatlinen.com/collections/women/products/42402088,"image_2_922_1.jpg, image_2_922_2.jpg, image_2_922_3.jpg"
2 Piece - Printed Embroidered Suit - 42401285,"Rs. 4,610.00 Rs. 2,996.50","Embrace the elegance with this gorgeous printed embroidered two-piece from the latest unstitched summer collection.
Product Detail:
Abstract Floral Patterns Style Shirt with Trousers
SHIRT
Printed Super Fine Lawn Shirt: 3 Meter
Embroidered Motifs
Fabric: Lawn
Color: Red
TROUSERS
Printed Cambric Trousers: 2.5 Meter
Fabric: Cambric
Color: Red
Note:
Product color may slightly vary due to photographic lighting sources or your device settings.",https://nishatlinen.com/products/42401285,"image_2_923_1.jpg, image_2_923_2.jpg, image_2_923_3.jpg"
1 Piece - Digital Printed Loose Fabric - 42403216 - Shirt / 3 / 3,Rs. 830.00 Rs. 540.00,"Give occasion dressing a new age in this digital printed one-piece from the latest freedom to buy summer collection.
Product Detail:
Block Printed Style Shirt 
SHIRT
Shirt: 3 Meter (RS 800/-Mtr)
Fabric: Dobby Lawn
Color: Off White

Note:
Product color may slightly vary due to photographic lighting sources or your device settings.",https://nishatlinen.com/products/42403216,"image_2_924_1.jpg, image_2_924_2.jpg, image_2_924_3.jpg"
3 Piece - Printed Loose Fabric - 42403375 - Shirt / 3 / 3,Rs. 455.00 - Rs. 533.00,"Adopt an enthralling look by wearing this printed three-piece from the latest freedom to buy summer collection.
Product Detail
Mughal Motifs In Printed Form Shirt with Dupatta and Trousers 
SHIRT
Shirt: 3 Meter (RS 780/-Mtr) 
Fabric: Lawn
Color: Green
DUPATTA
Dupatta: 2.5 Meter (RS 800/-Mtr) 
Fabric: Voile
Color: Green
TROUSERS
Trousers: 2.5 Meter (RS 700/-Mtr) 
Fabric: Cambric
Color: Green
Note:
Product color may slightly vary due to photographic lighting sources or your device settings.",https://nishatlinen.com/collections/women/products/42403375,"image_2_925_1.jpg, image_2_925_2.jpg, image_2_925_3.jpg"
Embroidered Trousers - PE24-372 - XS,"Rs. 2,350.00 Rs. 1,410.00","Look and feel your best by wearing this embroidered trousers from the latest pret summer collection.
Product Detail
Embroidered Trousers
Trousers
Straight Trousers With Embroidered Hem
Fabric: Cambric
Color: Off White
Note:
Product color may vary slightly due to photographic lighting sources or monitor settings.",https://nishatlinen.com/collections/women/products/pe24-372,"image_2_926_1.jpg, image_2_926_2.jpg, image_2_926_3.jpg"
3 Piece - Jacquard Suit - 42402125,"Rs. 9,990.00 Rs. 7,992.00","Upgrade your evening outdoor look with our jacquard three-piece from the latest unstitched summer collection.
Product Detail:
Sequin Motifs With Florals Style Shirt with Dupatta and Trousers
SHIRT
Jacquard Shirt: 3 Meter
1 Lace: 1.25 Meter
1 Lace: 2.5 Meter
Fabric: Jacquard
Color: Purplish Orchid
DUPATTA
Digital Printed Crinkle Chiffon Dupatta: 2.5 Meter
Fabric: Crinkle Chiffon
Color: Purplish Orchid
TROUSERS
Jacquard Trousers: 2.5 Meter
Fabric: Jacquard
Color: Purplish Orchid
Note:
Product color may slightly vary due to photographic lighting sources or your device settings.",https://nishatlinen.com/collections/women/products/42402125,"image_2_927_1.jpg, image_2_927_2.jpg, image_2_927_3.jpg"
Printed Dress - FS24-36 - S,"Rs. 6,150.00 Rs. 3,690.00","Glorify yourself by wearing this printed dress from the latest pret summer collection.
Product Detail
Printed Dress
Dress
Round Neckline With Panels & Gathers Detail, Puffy Long Sleeves, Front Open At Hem
Fabric: Cambric
Color: Blue
Note:
Product color may vary slightly due to photographic lighting sources or monitor settings.",https://nishatlinen.com/products/fs24-36,"image_2_928_1.jpg, image_2_928_2.jpg, image_2_928_3.jpg"
3 Piece - Printed Loose Fabric - 42403007 - Shirt / 3 / 3,Rs. 670.00 Rs. 436.00,"Make your day magnificent by wearing this printed three-piece from the latest freedom to buy summer collection.
Product Detail:
Mughal Line Patterns With Stripes Printed Style Shirt with Dupatta and Trousers
SHIRT
Shirt: 3 Meter (RS 730/-Mtr)
Fabric: Lawn
Color: ﻿Multi
DUPATTA
Dupatta: 2.5 Meter (RS 750/-Mtr)
Fabric: Voile
Color: Multi
TROUSERS
Trousers: 2.5 Meter (RS 650/-Mtr)
Fabric: Cambric
Color: Off White
Note:
Product color may slightly vary due to photographic lighting sources or your device settings.",https://nishatlinen.com/collections/women/products/42403007,"image_2_929_1.jpg, image_2_929_2.jpg, image_2_929_3.jpg"
Printed Embroidered Tunic - PS24-334 - XS,"Rs. 3,490.00 Rs. 2,094.00","Level up your wardrobe with this gorgeous printed embroidered tunic from the latest pret summer collection.
Product Detail
Printed Embroidered Tunic
Tunic
Collar Neckline, Cuffed Sleeves, Button Down Embroidered Tunic
Fabric: Cambric
Color: Off White
Note:
Product color may vary slightly due to photographic lighting sources or monitor settings.",https://nishatlinen.com/collections/women/products/ps24-334,"image_2_930_1.jpg, image_2_930_2.jpg, image_2_930_3.jpg"
3 Piece - Embroidered Suit - 42401435,"Rs. 9,740.00 Rs. 6,331.00","Refresh your wardrobe with this embroidered three-piece from the latest unstitched summer collection.
Product Detail:
Persian Flower Patterns Style Shirt with Dupatta and Trousers
SHIRT
Dyed Cambric Shirt: 3 Meter
Embroidered Front + Motifs + Border
Fabric: Cambric
Color: Mint
DUPATTA
Digital Printed Pure Chiffon Dupatta: 2.5 Meter
Fabric: Chiffon
Color: Light Peach & Mint
TROUSERS
Dyed Cambric Trousers: 2.5 Meter
Fabric: Cambric
Color: Mint
Note:
Product color may slightly vary due to photographic lighting sources or your device settings.",https://nishatlinen.com/collections/women/products/42401435,"image_2_931_1.jpg, image_2_931_2.jpg, image_2_931_3.jpg"
Embroidered Dress - FS24-35 - XS,"Rs. 8,730.00 Rs. 5,238.00","For a touch of elegance in your wardrobe, go for this embroidered dress from the latest summer collection.
Product Detail
Embroidered Dress
Dress
Round Neckline With Placket, Buttons & Tassels Detail, Embroidered Neckline & Sleeves Edges
Fabric: Texture
Color: Green
Note:
Product color may vary slightly due to photographic lighting sources or monitor settings.",https://nishatlinen.com/collections/women/products/fs24-35,"image_2_932_1.jpg, image_2_932_2.jpg, image_2_932_3.jpg"
3 Piece - Printed Embroidered Suit - 42401845,"Rs. 7,690.00 Rs. 4,998.50","Get ready for garden parties by styling printed embroidered three-piece from the latest unstitched summer collection.
Product Detail:
Suzani In Modern Style Shirt with Dupatta and Trousers
SHIRT
Printed Lawn Shirt: 3 Meter
4 Embroidered Motifs
Fabric: Lawn
Color: Red
DUPATTA
Digital Printed Zari Lawn Dupatta: 2.5 Meter
Fabric: Zari Lawn
Color: Red
TROUSERS
Dyed Cambric Trousers: 2.5 Meter
Fabric: Cambric
Color: Red
Note:
Product color may slightly vary due to photographic lighting sources or your device settings.",https://nishatlinen.com/products/42401845,"image_2_933_1.jpg, image_2_933_2.jpg, image_2_933_3.jpg"
2-Piece - Embroidered Suit  - PS24-128 - XS,"Rs. 8,290.00 Rs. 4,974.00","Create a statement-making festive look with this embroidered two-piece suit from the latest pret summer collection.  
Product Detail
Embroidered Shirt With Trousers
Shirt
Round Neckline With Slit, Embroidered Front & Sleeves
Fabric: Texture
Color: Green
Trousers
Loose Trousers
Fabric: Cambric
Color: Green
Note:
Product color may vary slightly due to photographic lighting sources or monitor settings.",https://nishatlinen.com/collections/women/products/ps24-128,"image_2_934_1.jpg, image_2_934_2.jpg, image_2_934_3.jpg"
1 Piece - Digital Printed Loose Fabric - 42403061 - Shirt / 3 / 3,Rs. 670.00 Rs. 436.00,"Elevate your beachside fashion with the allure of our digital printed one-piece from the latest freedom to buy summer collection.
Product Detail:
Floral Printed Style Shirt
SHIRT
Shirt: 3 Meter (RS 1090/-Mtr)
Fabric: Fancy Strip
Color: Off White
Note:
Product color may slightly vary due to photographic lighting sources or your device settings.",https://nishatlinen.com/collections/women/products/42403061,"image_2_935_1.jpg, image_2_935_2.jpg, image_2_935_3.jpg"
3 Piece - Printed Suit - 42401457,"Rs. 5,130.00 Rs. 3,334.50","Look glamorous by wearing this printed three-piece from the latest unstitched summer collection.
Product Detail:
Chunri & Geometric Patterns In Modern Style Shirt with Dupatta and Trousers
SHIRT
Printed Super Fine Lawn Shirt: 3 Meter
Fabric: Lawn
Color: Yellow
DUPATTA
Digital Printed Crinkle Chiffon Dupatta: 2.5 Meter
Fabric: Crinkle Chiffon
Color: Yellow
TROUSERS
Dyed Cambric Trousers: 2.5 Meter
Fabric: Cambric
Color: Yellow
Note:
Product color may slightly vary due to photographic lighting sources or your device settings.",https://nishatlinen.com/collections/women/products/42401457,"image_2_936_1.jpg, image_2_936_2.jpg, image_2_936_3.jpg"
3 Piece - Printed Suit - 42401936,"Rs. 7,180.00 Rs. 4,667.00","Make your day memorable with this graceful printed three-piece from the latest unstitched summer collection.
Product Detail:
Rug Motifs In Printed Form Shirt with Dupatta & Trousers
SHIRT
Printed Zari Lawn Shirt: 3 Meter
Fabric: Zari Lawn
Color: Black
DUPATTA
Digital Printed Zari Lawn Dupatta: 2.5 Meter
Fabric: Zari Lawn
Color: Black & Brown
TROUSERS
Printed Cambric Trousers: 2.5 Meter
Fabric: Cambric
Color: Black
Note:
Product color may slightly vary due to photographic lighting sources or your device settings.",https://nishatlinen.com/collections/women/products/42401936,"image_2_937_1.jpg, image_2_937_2.jpg, image_2_937_3.jpg"
Printed Shirt - PS24-244 - XS,"Rs. 4,190.00 Rs. 2,514.00","Look and feel your best by wearing this printed shirt from the latest pret summer collection. 
Product Detail
Printed Shirt
Shirt
Round Neckline With Slit & Buttons Detail On Piping, Straight Shirt
Fabric: Lawn
Color: Slate Grey
Note:
Product color may vary slightly due to photographic lighting sources or monitor settings.",https://nishatlinen.com/products/ps24-244,"image_2_938_1.jpg, image_2_938_2.jpg, image_2_938_3.jpg"
3 Piece - Printed Suit - 42401483,"Rs. 6,150.00 Rs. 3,997.50","Make your day pleasingly memorable with this printed three-piece from the latest unstitched summer collection.
Product Detail:
Chunri Motifs Style Shirt with Dupatta and Trousers
SHIRT
Printed Super Fine Lawn Shirt: 3 Meter
1 Lace: 1.25 Meter
1 Lace: 2.5 Meter
Fabric: Lawn
Color: Light Turquoise
DUPATTA
Digital Printed Crinkle Chiffon Dupatta: 2.5 Meter
Fabric: Crinkle Chiffon
Color: Light Turquoise
TROUSERS
Printed Cambric Trousers: 2.5 Meter
Fabric: Cambric
Color: Light Turquoise
Note:
Product color may slightly vary due to photographic lighting sources or your device settings.",https://nishatlinen.com/collections/women/products/42401483,"image_2_939_1.jpg, image_2_939_2.jpg, image_2_939_3.jpg"
3 Piece - Printed Suit - 42401881,"Rs. 5,640.00 Rs. 3,666.00","Look gorgeous effortlessly by wearing a printed three-piece from the latest unstitched summer collection.
Product Detail:
Chunri With Lehria Texture In Printed Form Shirt with Dupatta and Trousers
SHIRT
Printed Super Fine Lawn Shirt: 3 Meter
Fabric: Lawn
Color: Coral & Pink
DUPATTA
Digital Printed Muzlin Dupatta: 2.5 Meter
Fabric: Muzlin
Color: Coral & Pink
TROUSERS
Dyed Cambric Trousers: 2.5 Meter
Fabric: Cambric
Color: Coral
Note:
Product color may slightly vary due to photographic lighting sources or your device settings.",https://nishatlinen.com/products/42401881,"image_2_940_1.jpg, image_2_940_2.jpg, image_2_940_3.jpg"
2 Piece - Printed Embroidered Suit - PE24-407 - XS,"Rs. 8,200.00 Rs. 4,920.00","Radiate positivity and vibrancy in this printed embroidered two-piece suit from the latest pret summer collection.
Product Detail
Printed Embroidered Shirt With Dupatta
Shirt
Round Neckline With Adda Work Detail On Piping, Straight Shirt
Fabric: Lawn
Color: Brown
Dupatta
Printed Dupatta
Fabric: Voile
Color: Brown
Note:
Product color may vary slightly due to photographic lighting sources or monitor settings.",https://nishatlinen.com/products/pe24-407,"image_2_941_1.jpg, image_2_941_2.jpg, image_2_941_3.jpg"
3 Piece - Embroidered Suit - 42401998,"Rs. 9,740.00 Rs. 6,331.00","Radiate with striking attractiveness by adorning yourself with this elegant embroidered three-piece from the latest unstitched summer collection.
Product Detail:
Floral Style Shirt with Dupatta and Trousers
SHIRT
Solid Lawn Shirt: 3 Meter
Embroidered Front + 2 Motifs
Fabric: Lawn
Color: Peach
DUPATTA
Embroidered Swiss Voile Dupatta: 2.5 Meter
Fabric: Swiss Voile
Color: Peach
TROUSERS
Solid Cambric Trousers: 2.5 Meter
Fabric: Cambric
Color: Peach
Note:
Product color may slightly vary due to photographic lighting sources or your device settings.",https://nishatlinen.com/products/42401998,"image_2_942_1.jpg, image_2_942_2.jpg, image_2_942_3.jpg"
3 Piece - Embroidered Suit - 42401798,"Rs. 10,770.00 Rs. 7,000.50","Glow-up for evening events by wearing this embroidered three-piece from the latest unstitched summer collection.
Product Detail:
Banarsi Style Shirt with Dupatta and Trousers
SHIRT
Solid Satin Shirt: 3 Meter
Embroidered Front + Motifs + Border
Fabric: Satin
Color: Red
DUPATTA
Fancy Banarsi Dupatta: 2.5 Meter
Fabric: Banarsi
Color: Red
TROUSERS
Solid Satin Trousers: 2.5 Meter
Fabric: Satin
Color: Red
Note:
Product color may slightly vary due to photographic lighting sources or your device settings.",https://nishatlinen.com/products/42401798,"image_2_943_1.jpg, image_2_943_2.jpg, image_2_943_3.jpg"
Printed Dress - FE24-76 - XS,"Rs. 9,750.00 Rs. 5,850.00","Embrace the symphony of colors and textures with this printed dress from the latest pret summer collection.
Product Detail
Printed Dress
Dress
Round Neckline With Hangings On Piping, Side Pockets Detail, Bell Sleeves With Lace
Fabric: Jacquard
Color: Tea Pink
Note:
Product color may vary slightly due to photographic lighting sources or monitor settings.",https://nishatlinen.com/collections/women/products/fe24-76,"image_2_944_1.jpg, image_2_944_2.jpg, image_2_944_3.jpg"
3 Piece - Printed Loose Fabric - 42403252 - Dupatta / 2.5 / 2.5,Rs. 455.00 - Rs. 527.00,"Uncover the timeless elegance of our printed three-piece from the latest freedom to buy summer collection.
Product Detail:
Brush Stroke Patterns & Minimal Floral Stems Printed Style Shirt with Dupatta and Trousers
SHIRT
Shirt: 3 Meter (RS 750/-Mtr)
Fabric: Lawn
Color: White
DUPATTA
Dupatta: 2.5 Meter (RS 780/-Mtr)
Fabric: Voile
Color: White & Aqua
TROUSERS
Trousers: 2.5 Meter (RS 680/-Mtr)
Fabric: Cambric
Color: ﻿White
Note:
Product color may slightly vary due to photographic lighting sources or your device settings.",https://nishatlinen.com/products/42403252,"image_2_945_1.jpg, image_2_945_2.jpg, image_2_945_3.jpg"
1 Piece - Digital Printed Loose Fabric - 42403182 - Shirt / 3 / 3,Rs. 830.00 Rs. 540.00,"Achieve a tasteful appearance with this digital printed one-piece from the latest freedom to buy summer collection.
Product Detail:
Collage Of Animal Printed Style Shirt 
SHIRT
Shirt: 3 Meter (RS 750/-Mtr)
Fabric: Lawn
Color: Multi

Note:
Product color may slightly vary due to photographic lighting sources or your device settings.",https://nishatlinen.com/products/42403182,"image_2_946_1.jpg, image_2_946_2.jpg, image_2_946_3.jpg"
3 Piece - Printed Suit - 42401477,"Rs. 6,150.00 Rs. 3,997.50","Make your day pleasingly memorable with this printed three-piece from the latest unstitched summer collection.
Product Detail:
Floral Motifs With Laces Style Shirt with Dupatta and Trousers
SHIRT
Printed Super Fine Lawn Shirt: 3 Meter
1 Lace: 1.25 Meter
1 Lace: 2.5 Meter
Fabric: Lawn
Color: Light Pink
DUPATTA
Digital Printed Crinkle Chiffon Dupatta: 2.5 Meter
Fabric: Crinkle Chiffon
Color: Light Pink
TROUSERS
Printed Cambric Trousers: 2.5 Meter
Fabric: Cambric
Color: Light Pink
Note:
Product color may slightly vary due to photographic lighting sources or your device settings.",https://nishatlinen.com/products/42401477,"image_2_947_1.jpg, image_2_947_2.jpg, image_2_947_3.jpg"
1 Piece - Digital Printed Loose Fabric - 42403286 - Shirt / 3 / 3,Rs. 880.00 Rs. 572.00,"Look mesmerizing with this colorful digital printed one piece from the latest freedom to buy summer collection.
Product Detail:
Shirt
SHIRT
Shirt: 3 Meter (RS 850/-Mtr) 
Fabric: Lawn
Color: Multi
Note:
Product color may slightly vary due to photographic lighting sources or your device settings.",https://nishatlinen.com/collections/women/products/42403286-1,"image_2_948_1.jpg, image_2_948_2.jpg, image_2_948_3.jpg"
1 Piece - Digital Printed Loose Fabric - 42403384 - Shirt / 3 / 3,Rs. 670.00 Rs. 436.00,"Radiate elegance under the summer moonlight with our chic, digital printed one-piece from the latest freedom to buy summer collection.
Product Detail:
Blue Floral Jaal Printed Style Shirt
SHIRT
Shirt: 3 Meter (RS 1090/-Mtr)
Fabric: Fancy Strip
Color: Blue & White
Note:
Product color may slightly vary due to photographic lighting sources or your device settings.",https://nishatlinen.com/products/42403384,"image_2_949_1.jpg, image_2_949_2.jpg, image_2_949_3.jpg"
3 Piece - Digital Printed Embroidered Suit - 42401973,"Rs. 9,740.00 Rs. 6,331.00","Get the ultimate glamorous look with this digital printed embroidered three-piece from the latest unstitched summer collection.
Product Detail:
Floral With Laces Style Shirt with Dupatta and Trousers
SHIRT
Digital Printed Chicken Kari Shirt: 3 Meter
Fabric: Chicken Kari
Color: White
DUPATTA
Digital Printed Voile Dupatta: 2.5 Meter
Fabric: Voile
Color: Light Mint
TROUSERS
Solid Cambric Trousers: 2.5 Meter
Fabric: Cambric
Color: White
Note:
Product color may slightly vary due to photographic lighting sources or your device settings.",https://nishatlinen.com/products/42401973,"image_2_950_1.jpg, image_2_950_2.jpg, image_2_950_3.jpg"
3 Piece - Gold Printed Embroidered Suit - 42401905,"Rs. 8,720.00 Rs. 5,668.00","Complete your style with a feminine touch by wearing this digital printed embroidered three-piece from the latest unstitched summer collection.
Product Detail:
Style Shirt with Dupatta and Trousers
SHIRT
Gold Printed Super Fine Lawn Shirt: 3 Meter
Embroidered Neckline + Motifs + Border
Fabric: Lawn
Color: Blue
DUPATTA
Gold Printed Voile Dupatta: 2.5 Meter
Fabric: Voile
Color: Red & Blue
TROUSERS
Dyed Cambric Trousers: 2.5 Meter
Fabric: Cambric
Color: Blue
Note:
Product color may slightly vary due to photographic lighting sources or your device settings.",https://nishatlinen.com/products/42401905,"image_2_951_1.jpg, image_2_951_2.jpg, image_2_951_3.jpg"
3 Piece - Printed Loose Fabric - 42403372 - Shirt / 3 / 3,Rs. 455.00 - Rs. 533.00,"Brighten up your wardrobe with this printed three-piece from the latest freedom to buy summer collection.
Product Detail
Floral Printed Style Shirt with Dupatta and Trousers 
SHIRT
Shirt: 3 Meter (RS 780/-Mtr) 
Fabric: Lawn
Color: Light Grey
DUPATTA
Dupatta: 2.5 Meter (RS 800/-Mtr) 
Fabric: Voile
Color: Light Grey
TROUSERS
Trousers: 2.5 Meter (RS 700/-Mtr) 
Fabric: Cambric
Color: Light Grey
Note:
Product color may slightly vary due to photographic lighting sources or your device settings.",https://nishatlinen.com/products/42403372,"image_2_952_1.jpg, image_2_952_2.jpg, image_2_952_3.jpg"
3 Piece - Digital Printed Embroidered Suit - 42401789,"Rs. 8,200.00 Rs. 5,330.00","Look mesmerizing with this digital printed embroidered three-piece from the latest unstitched summer collection.
Product Detail:
Ethnic Style Shirt with Dupatta and Trousers
SHIRT
Digital Printed Super Fine Lawn Shirt: 3 Meter
Embroidered Neckline + Motifs + Border
Fabric: Lawn
Color: Rust
DUPATTA
Digital Printed Silk Dupatta: 2.5 Meter
Fabric: Silk
Color: Rust
TROUSERS
Solid Cambric Trousers: 2.5 Meter
Fabric: Cambric
Color: Rust
Note:
Product color may slightly vary due to photographic lighting sources or your device settings.",https://nishatlinen.com/products/42401789,"image_2_953_1.jpg, image_2_953_2.jpg, image_2_953_3.jpg"
3 Piece - Printed Embroidered Suit - 42401557,"Rs. 8,720.00 Rs. 5,668.00","Celebrate the art of femininity with this digital printed embroidered three-piece from the latest unstitched summer collection.
Product Detail:
Textured Style Shirt with Dupatta and Trousers
SHIRT
Digital Printed Zari Lawn Shirt: 3 Meter
Embroidered Neckline + Border
Fabric: Lawn
Color: Magenta
DUPATTA
Digital Printed Zari Lawn Dupatta: 2.5 Meter
Fabric: Lawn
Color: Magenta
TROUSERS
Dyed Cambric Trousers: 2.5 Meter
Fabric: Cambric
Color: Magenta
Note:
Product color may slightly vary due to photographic lighting sources or your device settings.",https://nishatlinen.com/collections/women/products/42401557,"image_2_954_1.jpg, image_2_954_2.jpg, image_2_954_3.jpg"
3 Piece - Digital & Paste Printed Embroidered Suit - 42401917,"Rs. 13,850.00 Rs. 9,002.50","Get a stunning & fabulous look by wearing this eye-catching digital printed embroidered three-piece from the latest unstitched summer collection.
Product Detail:
Style Shirt with Dupatta and Trousers
SHIRT
Schiffli Embroidered Printed Cambric Front & Back: 2 Meter
Schiffli Embroidered Printed Cambric Sleeves: 0.6 Meter
Fabric: Cambric
Color: Greyish Blue
DUPATTA
Digital Printed Chicken Kari Dupatta: 2.5 Meter
Fabric: Chicken Kari
Color: Greyish Blue
TROUSERS
White Paste Printed Cambric Trousers: 2.5 Meter
Fabric: Cambric
Color: Greyish Blue
Note:
Product color may slightly vary due to photographic lighting sources or your device settings.",https://nishatlinen.com/collections/women/products/42401917,"image_2_955_1.jpg, image_2_955_2.jpg, image_2_955_3.jpg"
Embroidered Trousers - PE24-238 - XS,"Rs. 2,350.00 Rs. 1,410.00","Upgrade your wardrobe with this embroidered trousers from the latest pret summer collection.
Product Detail
Embroidered Trousers
Trousers
Straight Trousers With Embroidered Hem
Fabric: Cambric
Color: Off White
Note:
Product color may vary slightly due to photographic lighting sources or monitor settings.",https://nishatlinen.com/products/pe24-238,"image_2_956_1.jpg, image_2_956_2.jpg, image_2_956_3.jpg"
1 Piece - Printed Loose Fabric - 42403051 - Shirt / 3 / 3,Rs. 670.00 Rs. 436.00,"Get ready for garden parties by styling this printed one-piece from the latest freedom to buy summer collection.
Product Detail:
Block Printed Style Shirt
SHIRT
Shirt: 3 Meter (RS 730/-Mtr)
Fabric: Lawn
Color: Red
Note:
Product color may slightly vary due to photographic lighting sources or your device settings.",https://nishatlinen.com/collections/women/products/42403051,"image_2_957_1.jpg, image_2_957_2.jpg, image_2_957_3.jpg"
Embroidered Tunic - AS24-87 - XS,"Rs. 4,100.00 Rs. 2,460.00","Style this elegantly designed embroidered tunic from the latest pret summer collection.
Product Detail
Embroidered Tunic
Tunic
Band Neckline With Placket, Embroidered Front Hem, Embellished Cuff Sleeves, Short Tunic
Fabric: Yarn Dyed
Color: Grey
Note:
Product color may vary slightly due to photographic lighting sources or monitor settings.",https://nishatlinen.com/products/as24-87,"image_2_958_1.jpg, image_2_958_2.jpg, image_2_958_3.jpg"
2 Piece - Printed Suit - 42401094,"Rs. 4,610.00 Rs. 2,996.50","Radiate effortless elegance in this adorable printed two-piece from the latest unstitched summer collection.
Product Detail:
Geometric Patterns With Stencil Floral Motifs In Printed Form Shirt with Dupatta
SHIRT
Printed Super Fine Lawn Shirt: 3 Meter
Fabric: Lawn
Color: Orange
DUPATTA
Digital Printed Crinkle Chiffon Dupatta: 2.5 Meter
Fabric: Crinkle Chiffon
Color: ﻿Orange
Note:
Product color may slightly vary due to photographic lighting sources or your device settings.",https://nishatlinen.com/collections/women/products/42401094,"image_2_959_1.jpg, image_2_959_2.jpg, image_2_959_3.jpg"
Printed Dress - FE24-78 - XS,"Rs. 9,750.00 Rs. 5,850.00","Unveil the layers of your elegance with this printed dress from the latest pret summer collection.
Product Detail
Printed Dress
Dress
Round Neckline With Buttons Detail On Long Placket, Front Open Dress With Lace Detail
Fabric: Jacquard
Color: Charcoal
Note:
Product color may vary slightly due to photographic lighting sources or monitor settings.",https://nishatlinen.com/collections/women/products/fe24-78,"image_2_960_1.jpg, image_2_960_2.jpg, image_2_960_3.jpg"
3 Piece - Printed Loose Fabric - 42403002 - Dupatta / 2.5 / 2.5,Rs. 670.00 Rs. 436.00,"Ignite your style with our trend by embracing the printed three-piece from the latest freedom to buy summer collection.
Product Detail:
Mughal Printed Style Shirt with Dupatta and Trousers
SHIRT
Shirt: 3 Meter (RS 730/-Mtr)
Fabric: Lawn
Color: Green
DUPATTA
Dupatta: 2.5 Meter (RS 750/-Mtr)
Fabric: Voile
Color: Green
TROUSERS
Trousers: 2.5 Meter (RS 650/-Mtr)
Fabric: Cambric
Color: ﻿Green
Note:
Product color may slightly vary due to photographic lighting sources or your device settings.",https://nishatlinen.com/products/42403002,"image_2_961_1.jpg, image_2_961_2.jpg, image_2_961_3.jpg"
3 Piece - Digital Printed Jacquard Embroidered Suit - 42402093,"Rs. 9,990.00 Rs. 6,493.50","Look mesmerizing with this digital printed jacquard embroidered three-piece from the latest unstitched summer collection.
Product Detail:
Embellished Style Shirt with Dupatta and Trousers
SHIRT
Digital Printed Fancy Jacquard Shirt: 2.1 Meter
3 Embroidered Borders
Fabric: Jacquard
Color: Pink
DUPATTA
Yarn Dyed Dupatta: 2.5 Meter
Fabric: Yarn Dyed
Color: Pink
TROUSERS
Solid Cambric Trousers: 1.7 Meter
Fabric: Cambric
Color: Pink
Note:
Product color may slightly vary due to photographic lighting sources or your device settings.",https://nishatlinen.com/collections/women/products/42402093,"image_2_962_1.jpg, image_2_962_2.jpg, image_2_962_3.jpg"
3 Piece - Digital Printed Loose Fabric - 42403382 - Shirt / 3 / 3,Rs. 455.00 - Rs. 533.00,"Adopt an enthralling look by wearing this digital printed three-piece from the latest freedom to buy summer collection.
Product Detail
Printed Pattern Imitated From Embroidered Style Paisleys Shirt with Dupatta and Trousers
SHIRT
Shirt: 3 Meter (RS 800/-Mtr) 
Fabric: Lawn
Color: Maroon
DUPATTA
Dupatta: 2.5 Meter (RS 820/-Mtr) 
Fabric: Voile
Color: Maroon
TROUSERS
Trousers: 2.5 Meter (RS 700/-Mtr) 
Fabric: Cambric
Color: Maroon
Note:
Product color may slightly vary due to photographic lighting sources or your device settings.",https://nishatlinen.com/collections/women/products/42403382,"image_2_963_1.jpg, image_2_963_2.jpg, image_2_963_3.jpg"
2 Piece - Dyed Embroidered Suit - 42402140,"Rs. 4,290.00 Rs. 3,432.00","Exude grace in this dyed embroidered two-piece from the latest unstitched summer collection.
Product Detail:
Linear Stitch Style Shirt with Trousers
SHIRT
Solid Cambric Shirt: 3 Meter
Embroidered Front + Sleeves + Border
Fabric: Cambric
Color: Blue
TROUSERS
Solid Cambric Trousers: 2.5 Meter
Fabric: Cambric
Color: Blue
 
Note:
Product color may slightly vary due to photographic lighting sources or your device settings.",https://nishatlinen.com/products/42402140,"image_2_964_1.jpg, image_2_964_2.jpg, image_2_964_3.jpg"
3 Piece - Printed Embroidered Suit - 42401844,"Rs. 7,690.00 Rs. 4,998.50","Get ready for garden parties by styling printed embroidered three-piece from the latest unstitched summer collection.
Product Detail:
Floral With Textured Color Blockings Style Shirt with Dupatta and Trousers
SHIRT
Printed Lawn Shirt: 3 Meter
Embroidered Neckline + 2 Borders
Fabric: Lawn
Color: Dark Brown
DUPATTA
Digital Printed Zari Lawn Dupatta: 2.5 Meter
Fabric: Zari Lawn
Color: Dark Brown
TROUSERS
Solid Cambric Trousers: 2.5 Meter
Fabric: Cambric
Color: Dark Brown
Note:
Product color may slightly vary due to photographic lighting sources or your device settings.",https://nishatlinen.com/products/42401844,"image_2_965_1.jpg, image_2_965_2.jpg, image_2_965_3.jpg"
3 Piece - Gold Printed Embroidered Suit - 42401905,"Rs. 8,720.00 Rs. 5,668.00","Complete your style with a feminine touch by wearing this digital printed embroidered three-piece from the latest unstitched summer collection.
Product Detail:
Style Shirt with Dupatta and Trousers
SHIRT
Gold Printed Super Fine Lawn Shirt: 3 Meter
Embroidered Neckline + Motifs + Border
Fabric: Lawn
Color: Blue
DUPATTA
Gold Printed Voile Dupatta: 2.5 Meter
Fabric: Voile
Color: Red & Blue
TROUSERS
Dyed Cambric Trousers: 2.5 Meter
Fabric: Cambric
Color: Blue
Note:
Product color may slightly vary due to photographic lighting sources or your device settings.",https://nishatlinen.com/collections/women/products/42401905,"image_2_966_1.jpg, image_2_966_2.jpg, image_2_966_3.jpg"
Embroidered Tunic - PS24-99 - XS,"Rs. 4,000.00 Rs. 2,400.00","Enhance your grace this season by wearing this embroidered tunic from the latest pret summer collection.
Product Detail
Embroidered Tunic
Tunic
Band Neckline With Placket & Buttons Detail, Embroidered Yoke & Sleeves, Button Down Tunic
Fabric: Cambric
Color: Sea Green
Note:
Product color may vary slightly due to photographic lighting sources or monitor settings.",https://nishatlinen.com/products/ps24-99,"image_2_967_1.jpg, image_2_967_2.jpg, image_2_967_3.jpg"
3 Piece - Printed Loose Fabric - 42403015 - Shirt / 3 / 3,Rs. 670.00 Rs. 436.00,"Elevate your fashion sense by incorporating our printed three one-piece from the latest freedom to buy summer collection.
Product Detail:
Modern Printed Style Shirt with Dupatta and Trousers
PRINTED SHIRT
Shirt: 3 Meter (RS 730/-Mtr)
Fabric: Lawn
Color: ﻿Purple
Note: Fabric used in shoot for trousers is shirt fabric

PRINTED DUPATTA
Dupatta: 2.5 Meter (RS 750/-Mtr)
Fabric: Voile
Color: Multi
Note: Fabric used in shoot for jacket is dupatta fabric
DYED TROUSERS
Trousers: 2.5 Meter (RS 650/-Mtr)
Fabric: Cambric
Color: Purple
Note: Fabric used in shoot for shirt is trousers fabric
Note:
Product color may slightly vary due to photographic lighting sources or your device settings.",https://nishatlinen.com/collections/women/products/42403015,image_2_968_1.jpg
2 Piece - Printed Suit - PS24-286 - XS,"Rs. 4,820.00 Rs. 2,892.00","Create a dreamy look with this printed two-piece suit from the latest pret summer collection.
Product Detail
Printed Kurta With Trousers
Kurta
Round Neckline With Piping, Sides Panel Detail, Printed Kurta
Fabric: Cambric
Color: Peach
Trousers
Straight Trousers
Fabric: Cambric
Color: Peach
Note:
Product color may vary slightly due to photographic lighting sources or monitor settings.",https://nishatlinen.com/collections/women/products/ps24-286,"image_2_969_1.jpg, image_2_969_2.jpg, image_2_969_3.jpg"
2 Piece - Printed Suit - PS24-308 - XS / S,"Rs. 4,820.00 Rs. 2,892.00","Add a flair of style to your look with this printed two-piece suit from the latest pret summer collection.
Product Detail
Printed Shirt With Trousers
Shirt
Round Neckline With Tassels Detail On Placket, Printed Shirt
Fabric: Cambric
Color: Beige
Trousers
Straight Trousers
Fabric: Cambric
Color: Beige
Note:
Product color may vary slightly due to photographic lighting sources or monitor settings.",https://nishatlinen.com/collections/women/products/ps24-308,"image_2_970_1.jpg, image_2_970_2.jpg, image_2_970_3.jpg"
Embroidered Trousers - PE24-253 - XS,"Rs. 2,560.00 Rs. 1,536.00","Upgrade your wardrobe with this embroidered trousers from the latest pret summer collection.
Product Detail
Embroidered Trousers
Trousers
Straight Trousers With Embroidered Hem
Fabric: Cambric
Color: Black
Note:
Product color may vary slightly due to photographic lighting sources or monitor settings.",https://nishatlinen.com/collections/women/products/pe24-253,"image_2_971_1.jpg, image_2_971_2.jpg, image_2_971_3.jpg"
3 Piece - Jacquard Embroidered Suit - 42401927,"Rs. 8,720.00 Rs. 5,668.00","Delicate your look with this jacquard embroidered three-piece from the latest unstitched summer collection.
Product Detail:
Stencil Art Style Shirt with Dupatta and Trousers
SHIRT
Jacquard Shirt: 3 Meter
Embroidered Neckline + Border
Fabric: Jacquard
Color: Beige
DUPATTA
Digital Printed Zari Lawn Dupatta: 2.5 Meter
Fabric: Zari Lawn
Color: Beige
TROUSERS
Solid Cambric Trousers: 2.5 Meter
Fabric: Cambric
Color: Beige
Note:
Product color may slightly vary due to photographic lighting sources or your device settings.",https://nishatlinen.com/collections/women/products/42401927,"image_2_972_1.jpg, image_2_972_2.jpg, image_2_972_3.jpg"
3 Piece - Digital Printed Loose Fabric - 42403128 - Dupatta / 2.5 / 2.5,Rs. 830.00 Rs. 540.00,"Look famous wih this digital printed three-piece from the latest freedom to buy summer collection.
Product Detail:
Textures Printed Style Shirt with Dupatta and Trousers
SHIRT
Shirt: 3 Meter (RS 750/-Mtr)
Fabric: Lawn
Color: Black
Note: Fabric used at neckline, sleeves & trousers hem are shirt fabric
DUPATTA
Dupatta: 2.5 Meter (RS 780/-Mtr)
Fabric: Voile
Color: Black
Note: Fabric used in shoot for gown is dupatta fabric.
TROUSERS
Trousers: 2.5 Meter (RS 650/-Mtr)
Fabric: Cambric
Color: Black
Note:
Product color may slightly vary due to photographic lighting sources or your device settings.",https://nishatlinen.com/collections/women/products/42403128,"image_2_973_1.jpg, image_2_973_2.jpg, image_2_973_3.jpg"
Printed Dress - AS24-53 - XS / S,"Rs. 4,720.00 Rs. 2,832.00","Add a sophisticated note to any style with this printed dress from the latest pret summer collection.  
Product Detail
Printed Dress
Dress
Band Neckline, Gathered Sleeves, Dorri & Tassels Detail At Waistline, Long Dress
Fabric: Lawn
Color: Off White
Note:
Product color may vary slightly due to photographic lighting sources or monitor settings.",https://nishatlinen.com/products/as24-53,"image_2_974_1.jpg, image_2_974_2.jpg, image_2_974_3.jpg"
Embroidered Shirt - PE24-117 - XS,"Rs. 5,130.00 Rs. 3,078.00","Make your look radiant by wearing this embroidered shirt from the latest pret summer collection. 
Product Detail
Embroidered Shirt
Shirt
Round Neckline With Piping & Slit, Embroidered Front & Sleeves
Fabric: Cambric
Color: Peach
Note:
Product color may vary slightly due to photographic lighting sources or monitor settings.",https://nishatlinen.com/products/pe24-117,"image_2_975_1.jpg, image_2_975_2.jpg, image_2_975_3.jpg"
3 Piece - Printed Loose Fabric - 42403291 - Dupatta / 2.5 / 2.5,Rs. 880.00 Rs. 572.00,"Style your elegant look with this printed three-piece from the latest freedom to buy summer collection.
Product Detail:
Modern Style Ethnic Patterns Shirt with Dupatta and Trousers 
SHIRT
Shirt: 3 Meter (RS 750/-Mtr)
Fabric: Lawn
Color: Lime Green
DUPATTA
Dupatta: 2.5 Meter (RS 780/-Mtr)
Fabric: Voile
Color: Lime Green
TROUSERS
Trousers: 2.5 Meter (RS 680/-Mtr)
Fabric: Cambric
Color: Lime Green
Note:
Product color may slightly vary due to photographic lighting sources or your device settings.",https://nishatlinen.com/products/42403291,"image_2_976_1.jpg, image_2_976_2.jpg, image_2_976_3.jpg"
3 Piece - Printed Loose Fabric - 42403274 - Shirt / 3 / 3,Rs. 455.00 - Rs. 527.00,"Illuminate your presence with this printed three-piece from the latest freedom to buy summer collection.
Product Detail:
Kalamkari Patterns With Banarsi Borders Style Shirt with Dupatta and Trousers
SHIRT
Shirt: 3 Meter (RS 750/-Mtr)
Fabric: Lawn
Color: Brown
DUPATTA
Dupatta: 2.5 Meter (RS 780/-Mtr)
Fabric: Voile
Color: Brown
TROUSERS
Trousers: 2.5 Meter (RS 680/-Mtr)
Fabric: Cambric
Color: ﻿Brown
Note:
Product color may slightly vary due to photographic lighting sources or your device settings.",https://nishatlinen.com/collections/women/products/42403274,"image_2_977_1.jpg, image_2_977_2.jpg, image_2_977_3.jpg"
3 Piece - Printed Suit - 42401938,"Rs. 7,180.00 Rs. 4,667.00","For a stunningly spectacular look with our printed three-piece from the latest unstitched summer collection.
Product Detail:
Watercolor Floral Printed Style Shirt with Dupatta and Trousers
SHIRT
Printed Zari Lawn Shirt: 3 Meter
Fabric: Zari Lawn
Color: Off White
DUPATTA
Digital Printed Zari Lawn Dupatta: 2.5 Meter
Fabric: Zari Lawn
Color: Off White
TROUSERS
Printed Cambric Trousers: 2.5 Meter
Fabric: Cambric
Color: Off White
Note:
Product color may slightly vary due to photographic lighting sources or your device settings.",https://nishatlinen.com/products/42401938,"image_2_978_1.jpg, image_2_978_2.jpg, image_2_978_3.jpg"
2 Piece - Embroidered Loose Fabric - 42402009 - Plain Trousers / 2.5 / 2.5,"Rs. 436.00 - Rs. 1,261.00","Strut in style with this embroidered two-piece from the latest freedom to buy summer collection.
Product Detail:
Shirt & Trousers 
Measurements: 
Shirt: 2.5 Meter (RS 1890/-Mtr)
Plain Trousers: 2.5 Meter (RS 650/-Mtr)
Fabric: Cambric
Color: Deep Pink
Note:
Product color may slightly vary due to photographic lighting sources or your device settings.",https://nishatlinen.com/collections/women/products/42402009,"image_2_979_1.jpg, image_2_979_2.jpg, image_2_979_3.jpg"
3 Piece - Printed Suit - 42402110,"Rs. 4,990.00 Rs. 3,992.00","Look appealing and graceful in printed three-piece from the latest unstitched summer collection.
Product Detail:
Chunri Printed Style Shirt with Dupatta and Trousers
SHIRT
Printed Lawn Shirt: 3 Meter
Fabric: Lawn
Color: Purple
DUPATTA
Printed Doriya Dupatta: 2.5 Meter
Fabric: Doriya
Color: Green
TROUSERS
Solid Cambric Trousers: 2.5 Meter
Fabric: Cambric
Color: Purple
Note:
Product color may slightly vary due to photographic lighting sources or your device settings.",https://nishatlinen.com/collections/women/products/42402110,"image_2_980_1.jpg, image_2_980_2.jpg, image_2_980_3.jpg"
2 Piece - Jacquard Embroidered Suit - 42401749,"Rs. 7,180.00 Rs. 4,667.00","Make you look flawless on your special days by wearing this jacquard embroidered two-piece from the latest unstitched summer collection.
Product Detail:
Shirt with Trousers
SHIRT
Jacquard Shirt: 3 Meter
4 Embroidered Motifs
Fabric: Jacquard
Color: Blue
TROUSERS
Solid Cambric Trousers: 2.5 Meter
Fabric: Cambric
Color: Blue
Note:
Product color may slightly vary due to photographic lighting sources or your device settings.",https://nishatlinen.com/collections/women/products/42401749,"image_2_981_1.jpg, image_2_981_2.jpg, image_2_981_3.jpg"
3 Piece - Printed Loose Fabric - 42403147 - Shirt / 3 / 3,Rs. 830.00 Rs. 540.00,"Immerse yourself in a world of impeccable taste with this printed three-piece from the latest freedom to buy summer collection.
Product Detail:
Phulari Patterns Printed Style Shirt with Dupatta and Trousers
SHIRT
Shirt: 3 Meter (RS 730/-Mtr)
Fabric: Lawn
Color: Pink
DUPATTA
Dupatta: 2.5 Meter (RS 750/-Mtr)
Fabric: Voile
Color: Pink
TROUSERS
Trousers: 2.5 Meter (RS 690/-Mtr)
Fabric: Cambric
Color: Pink
Note:
Product color may slightly vary due to photographic lighting sources or your device settings.",https://nishatlinen.com/collections/women/products/42403147,"image_2_982_1.jpg, image_2_982_2.jpg, image_2_982_3.jpg"
2 Piece - Printed Embroidered Suit - PE24-384 - XS,"Rs. 8,200.00 Rs. 4,920.00","Glam up all day by wearing this printed embroidered two-piece suit from the latest pret summer collection.
Product Detail
Printed Embroidered Shirt With Dupatta
Shirt
Band Neckline, Embroidered Organza Sleeves, Loose Flared Shirt
Fabric: Lawn
Color: Off White
Dupatta
Printed Dupatta
Fabric: Silk
Color: Off White
Note:
Product color may vary slightly due to photographic lighting sources or monitor settings.",https://nishatlinen.com/collections/women/products/pe24-384,"image_2_983_1.jpg, image_2_983_2.jpg, image_2_983_3.jpg"
3 Piece - Printed Embroidered Suit - 42401202,"Rs. 7,690.00 Rs. 4,998.50","Delicate your look with this printed embroidered three-piece from the latest unstitched summer collection.
Product Detail:
Butterflies Prints Style Shirt with Dupatta and Trousers
SHIRT
Printed Super Fine Lawn Shirt: 3 Meter
Embroidered Motifs
Fabric: Lawn
Color: Black
DUPATTA
Digital Printed Crinkle Chiffon Dupatta: 2.5 Meter
Fabric: Crinkle Chiffon
Color: Black
TROUSERS
Printed Cambric Trousers: 2.5 Meter
Fabric: Cambric
Color: ﻿Black
Note:
Product color may slightly vary due to photographic lighting sources or your device settings.",https://nishatlinen.com/products/42401202,"image_2_984_1.jpg, image_2_984_2.jpg, image_2_984_3.jpg"
Embroidered Shirt - PE24-152 - XS,"Rs. 3,790.00 Rs. 2,274.00","Celebrate your uniqueness with this embroidered shirt from the latest pret summer collection.
Product Detail
Embroidered Shirt
Shirt
V Neckline, Straight Sleeves, Embroidered Neckline, Sleeves & Central Panels, Straight Shirt
Fabric: Cambric
Color: Skin
Note:
Product color may vary slightly due to photographic lighting sources or monitor settings.",https://nishatlinen.com/products/pe24-152,"image_2_985_1.jpg, image_2_985_2.jpg, image_2_985_3.jpg"
1 Piece - Digital Printed Loose Fabric - 42403346 - Shirt / 3 / 3,Rs. 880.00 Rs. 572.00,"Create a stunning look with this digital printed one-piece from the latest freedom to buy summer collection.
Product Detail:
Decorative Handfans Prints Style Shirt 
SHIRT
Shirt: 3 Meter (RS 850/-Mtr)
Fabric: Dobby Lawn
Color: White
Note:
Product color may slightly vary due to photographic lighting sources or your device settings.",https://nishatlinen.com/collections/women/products/42403346,"image_2_986_1.jpg, image_2_986_2.jpg, image_2_986_3.jpg"
2 Piece - Printed Suit - 42401582,"Rs. 3,590.00 Rs. 2,333.50","Upgrade your evening outdoor look with our printed two-piece from the latest unstitched summer collection.
Product Detail:
Laces With Watercolor Flowers Printed Style Shirt with Dupatta
SHIRT
Printed Super Fine Lawn Shirt: 3 Meter
Fabric: Lawn
Color: Greenish Yellow
DUPATTA
Digital Printed Muzlin Dupatta: 2.5 Meter
Fabric: Muzlin
Color: ﻿Greenish Yellow
Note:
Product color may slightly vary due to photographic lighting sources or your device settings.",https://nishatlinen.com/products/42401582,"image_2_987_1.jpg, image_2_987_2.jpg, image_2_987_3.jpg"
Embroidered Trousers - PS24-259 - XS,"Rs. 2,560.00 Rs. 1,536.00","Get an essential, graceful look by wearing this embroidered trousers from the latest pret summer collection.
Product Detail
Embroidered Trousers
Trousers
Straight Trousers With Lace Detail On Embroidered Hem
Fabric: Cambric
Color: Off White
Note:
Product color may vary slightly due to photographic lighting sources or monitor settings.",https://nishatlinen.com/collections/women/products/ps24-259,"image_2_988_1.jpg, image_2_988_2.jpg"
Embroidered Trousers - PE24-262 - XS,"Rs. 2,560.00 Rs. 1,536.00","Upgrade your wardrobe with this embroidered trousers from the latest pret summer collection.
Product Detail
Embroidered Trousers
Trousers
Loose Straight Trousers With Pleated Embroidered Hem
Fabric: Cambric
Color: White
Note:
Product color may vary slightly due to photographic lighting sources or monitor settings.",https://nishatlinen.com/products/pe24-262,"image_2_989_1.jpg, image_2_989_2.jpg, image_2_989_3.jpg"
3 Piece - Embroidered Suit - 42402183,"Rs. 10,490.00 Rs. 8,392.00","For a fashionable statement adorn this embroidered three-piece from the latest unstitched summer collection.
Product Detail:
Chevron Style Shirt with Dupatta and Trousers
SHIRT
Solid Satin Shirt: 3 Meter
Embroidered Front + 2 Borders
Fabric: Satin
Color: Red
DUPATTA
Printed Khadi Silk Dupatta: 2.23 Meter
Fabric: Khadi Silk
Color: Red & Off White
TROUSERS
Solid Satin Trousers: 2.5 Meter
Fabric: Satin
Color: Red

Note:
Product color may slightly vary due to photographic lighting sources or your device settings.",https://nishatlinen.com/collections/women/products/42402183,"image_2_990_1.jpg, image_2_990_2.jpg, image_2_990_3.jpg"
Printed Dress - FS24-36 - S,"Rs. 6,150.00 Rs. 3,690.00","Glorify yourself by wearing this printed dress from the latest pret summer collection.
Product Detail
Printed Dress
Dress
Round Neckline With Panels & Gathers Detail, Puffy Long Sleeves, Front Open At Hem
Fabric: Cambric
Color: Blue
Note:
Product color may vary slightly due to photographic lighting sources or monitor settings.",https://nishatlinen.com/collections/women/products/fs24-36,"image_2_991_1.jpg, image_2_991_2.jpg, image_2_991_3.jpg"
1 Piece - Digital Printed Loose Fabric - 42403346 - Shirt / 3 / 3,Rs. 880.00 Rs. 572.00,"Create a stunning look with this digital printed one-piece from the latest freedom to buy summer collection.
Product Detail:
Decorative Handfans Prints Style Shirt 
SHIRT
Shirt: 3 Meter (RS 850/-Mtr)
Fabric: Dobby Lawn
Color: White
Note:
Product color may slightly vary due to photographic lighting sources or your device settings.",https://nishatlinen.com/products/42403346,"image_2_992_1.jpg, image_2_992_2.jpg, image_2_992_3.jpg"
2 Piece - Printed Embroidered Suit - 42401573,"Rs. 5,130.00 Rs. 3,334.50","Exude grace with this printed embroidered two-piece from the latest unstitched summer collection.
Product Detail:
Polka Dots With Stitch Effect Motifs Prints Style Shirt with Dupatta
SHIRT
Printed Super Fine Lawn Shirt: 3 Meter
2 Embroidered Borders
Fabric: Lawn
Color: Beige
DUPATTA
Digital Printed Muzlin Dupatta: 2.5 Meter
Fabric: Muzlin
Color: Black
Note:
Product color may slightly vary due to photographic lighting sources or your device settings.",https://nishatlinen.com/collections/women/products/42401573,"image_2_993_1.jpg, image_2_993_2.jpg, image_2_993_3.jpg"
2 Piece - Printed Embroidered Suit - PS24-253 - XS,"Rs. 7,180.00 Rs. 4,308.00","Style your casual outfit for modern look with this printed embroidered two-piece suit from the latest pret summer collection.
Product Detail
Printed Embroidered Shirt With Dupatta
Shirt
Round Neckline With Piping & Embellishment, Embroidered Sleeves Edges
Fabric: Lawn
Color: Ivory
Dupatta
Printed Dupatta
Fabric: Voile
Color: Ivory
Note:
Product color may vary slightly due to photographic lighting sources or monitor settings.",https://nishatlinen.com/collections/women/products/ps24-253,"image_2_994_1.jpg, image_2_994_2.jpg, image_2_994_3.jpg"
Embroidered Shirt - PS24-20 - XS,"Rs. 3,590.00 Rs. 2,154.00","Ease your confusion for styling by wearing this embroidered shirt from the latest pret summer collection.
Product Detail
Embroidered Shirt
Shirt
Round Neckline with Placket, Top Stitching Detail at Sleeves & Placket, Embroidered Front Panels
Fabric: Cambric
Color: Carrot
Note:
Product color may vary slightly due to photographic lighting sources or monitor settings.",https://nishatlinen.com/products/ps24-20,"image_2_995_1.jpg, image_2_995_2.jpg, image_2_995_3.jpg"
2 Piece - Printed Embroidered Suit - 42401711,"Rs. 5,640.00 Rs. 3,666.00","Upgrade your wardrobe with this printed embroidered two-piece from the latest unstitched summer collection.
Product Detail:
Floral With Laces Prints Style Shirt with Dupatta
SHIRT
Printed Super Fine Lawn Shirt: 3 Meter
2 Embroidered Motifs
Fabric: Lawn
Color: Blue
DUPATTA
Digital Printed Zari Chiffon Dupatta: 2.5 Meter
Fabric: Chiffon
Color: Blue
Note:
Product color may slightly vary due to photographic lighting sources or your device settings.",https://nishatlinen.com/products/42401711,"image_2_996_1.jpg, image_2_996_2.jpg, image_2_996_3.jpg"
Embroidered Shirt - PE24-05 - XL,"Rs. 4,920.00 Rs. 2,952.00","Look and feel your best by wearing this embroidered shirt from the latest pret summer collection.
Product Detail
Embroidered Shirt
Shirt
Band Neckline With Slit & Piping, Embroidered Sleeves
Fabric: Jacquard
Color: Light Green
Note:
Product color may vary slightly due to photographic lighting sources or monitor settings.",https://nishatlinen.com/products/pe24-05,"image_2_997_1.jpg, image_2_997_2.jpg, image_2_997_3.jpg"
Printed Tunic - PS24-348 - XS,"Rs. 2,770.00 Rs. 1,662.00","Keep your look ever classy with this printed tunic from the latest pret summer collection.
Product Detail
Printed Tunic
Tunic
Pointed Collar Neckline, Pleated Sleeves, Printed Tunic
Fabric: Cambric
Color: Off White
Note:
Product color may vary slightly due to photographic lighting sources or monitor settings.",https://nishatlinen.com/collections/women/products/ps24-348,"image_2_998_1.jpg, image_2_998_2.jpg, image_2_998_3.jpg"
3 Piece - Printed Suit - 42401410,"Rs. 6,150.00 Rs. 3,997.50","Immerse yourself in the alluring charm with this printed three-piece from the latest unstitched summer collection.
Product Detail:
Paisleys Style Shirt with Dupatta and Trousers
SHIRT
Printed Super Fine Lawn: 3 Meter
Fabric: Lawn
Color: Red
DUPATTA
Digital Printed Banarsi Slub Dupatta: 2.5 Meter
Fabric: Banarsi Slub
Color: Red
TROUSERS
Printed Cambric Trousers: 2.5 Meter
Fabric: Cambric
Color: Red
Note:
Product color may slightly vary due to photographic lighting sources or your device settings.",https://nishatlinen.com/collections/women/products/42401410,"image_2_999_1.jpg, image_2_999_2.jpg, image_2_999_3.jpg"
3 Piece - Printed Suit - 42402053,"Rs. 6,490.00 Rs. 4,218.50","Find elegance in simplicity with this printed three-piece from the latest unstitched summer collection.
Product Detail:
Abstract Textures With Flowers Printed Style Shirt with Dupatta and Trousers
SHIRT
Printed Super Fine Lawn Shirt: 3 Meter
Fabric: Lawn
Color: Orange
DUPATTA
Digital Printed Crinkle Chiffon Dupatta: 2.5 Meter
Fabric: Crinkle Chiffon
Color: Orange
TROUSERS
Solid Cambric Trousers: 2.5 Meter
Fabric: Cambric
Color: Orange
Note:
Product color may slightly vary due to photographic lighting sources or your device settings.",https://nishatlinen.com/collections/women/products/42402053,"image_2_1000_1.jpg, image_2_1000_2.jpg, image_2_1000_3.jpg"
3 Piece - Printed Suit - 42401879,"Rs. 5,640.00 Rs. 3,666.00","Make you look flawless on your special days by wearing a printed three-piece from the latest unstitched summer collection.
Product Detail:
Ralli Patterns In Printed Form Shirt with Dupatta and Trousers
SHIRT
Printed Super Fine Lawn Shirt: 3 Meter
Fabric: Lawn
Color: Pink
DUPATTA
Digital Printed Muzlin Dupatta: 2.5 Meter
Fabric: Muzlin
Color: Pink & Yellow
TROUSERS
Dyed Cambric Trousers: 2.5 Meter
Fabric: Cambric
Color: Pink
Note:
Product color may slightly vary due to photographic lighting sources or your device settings.",https://nishatlinen.com/collections/women/products/42401879,"image_3_2_1.jpg, image_3_2_2.jpg, image_3_2_3.jpg"
Slips - PS23-04 - XS,"Rs. 1,050.00 Rs. 840.00","Slip adds comfort, soft and smooth feel to your daily wear. Try this breathable and durable stuff slip from the latest summer collection.
Product Detail
V Neck Slip
Color: Black
Fabric: Voile
Note:
Product color may slightly vary due to photographic lighting sources or your monitor settings.",https://nishatlinen.com/products/ps23-04,image_3_3_1.jpg
2 Piece - Printed Embroidered Suit - 42401948,"Rs. 5,640.00 Rs. 3,666.00","Glorify yourself with this amazing printed embroidered two-piece from the latest unstitched summer collection.
Product Detail:
Decorative Florals Prints Style Shirt with Dupatta 
SHIRT
Printed Super Fine Lawn Shirt: 3 Meter
Embroidered Neckline + 2 Borders
Fabric: Lawn
Color: Black
DUPATTA
Digital Printed Silk Dupatta: 2.5 Meter
Fabric: Silk
Color: Black
Note:
Product color may slightly vary due to photographic lighting sources or your device settings.",https://nishatlinen.com/products/42401948,"image_3_4_1.jpg, image_3_4_2.jpg, image_3_4_3.jpg"
3 Piece - Printed Embroidered Suit - 42405001,"Rs. 8,720.00 Rs. 5,668.00","For an elegant appearance with printed embroidered three-piece from the latest summer collection.
Product Detail:
Shirt with Dupatta and Trousers
SHIRT
Digital Printed Cambric Shirt: 3.2 Meter
Embroidered Front 
Fabric: Cambric
Color: Orange
DUPATTA
Digital Printed Voile Dupatta: 2.6 Meter
Fabric: Voile
Color: Orange 
TROUSERS
Digital Printed Cambric Trousers: 2.5 Meter
Fabric: Cambric
Color: Orange
Note:
Product color may slightly vary due to photographic lighting sources or your device settings.",https://nishatlinen.com/products/42405001,"image_3_5_1.jpg, image_3_5_2.jpg, image_3_5_3.jpg"
Printed Shirt - PS24-178 - L,"Rs. 2,660.00 Rs. 1,596.00","Add some more style to your outfit with this printed shirt from the latest pret summer collection.
Product Detail
Printed Shirt
Shirt
Collar Neckline With Placket, Loose Shirt With Slit at Hem
Fabric: Cambric
Color: Grey
Note:
Product color may vary slightly due to photographic lighting sources or monitor settings.",https://nishatlinen.com/products/ps24-178,"image_3_6_1.jpg, image_3_6_2.jpg, image_3_6_3.jpg"
3 Piece - Digital Printed Embroidered Suit - 42401964,"Rs. 9,740.00 Rs. 6,331.00","Delicate your look with this digital printed embroidered three-piece from the latest unstitched summer collection.
Product Detail:
Floral Chintz & Vines Style Shirt with Dupatta and Trousers
SHIRT
Digital Printed Chicken Kari Shirt: 3 Meter
Fabric: Chicken Kari
Color: Off White
DUPATTA
Digital Printed Voile Dupatta: 2.5 Meter
Fabric: Voile
Color: Off White
TROUSERS
Solid Cambric Trousers: 2.5 Meter
Fabric: Cambric
Color: Off White
Note:
Product color may slightly vary due to photographic lighting sources or your device settings.",https://nishatlinen.com/collections/women/products/42401964,"image_3_7_1.jpg, image_3_7_2.jpg, image_3_7_3.jpg"
1 Piece - Dyed Loose Fabric - 42402001-2 - Trouser / 2.5 / 2.5,Rs. 670.00 Rs. 436.00,"Strut in style with this dyed one-piece from the latest freedom to buy summer collection.
Product Detail:
Trousers
TROUSERS
Trousers: 2.5 Meter (RS 650/-Mtr)
Fabric: Cambric
Color: Navy Blue
Note:
Product color may slightly vary due to photographic lighting sources or your device settings.",https://nishatlinen.com/products/42402001-2,"image_3_8_1.jpg, image_3_8_2.jpg, image_3_8_3.jpg"
Printed Embroidered Shirt - PE24-274 - XL,"Rs. 4,300.00 Rs. 2,580.00","Elevate your style to new heights with this printed embroidered shirt from the latest pret summer collection.
Product Detail
Printed Embroidered Shirt
Shirt
Round Neckline, Embroidered Front
Fabric: Lawn
Color: Grey
Note:
Product color may vary slightly due to photographic lighting sources or monitor settings.",https://nishatlinen.com/products/pe24-274,"image_3_9_1.jpg, image_3_9_2.jpg, image_3_9_3.jpg"
3 Piece - Printed Embroidered Suit - 42401401,"Rs. 7,180.00 Rs. 4,667.00","Indulge in a world of sheer enchantment with this printed embroidered three-piece from the latest unstitched summer collection.
Product Detail:
Ralli Borders With French Floral Patterns Style Shirt with Dupatta and Trousers
SHIRT
Printed Super Fine Lawn: 3 Meter
Embroidered Front + Border
Fabric: Lawn
Color: Light Green
DUPATTA
Digital Printed Banarsi Slub Dupatta: 2.5 Meter
Fabric: Banarsi Slub
Color: Light Green
TROUSERS
Printed Cambric Trousers: 2.5 Meter
Fabric: Cambric
Color: Light Green
Note:
Product color may slightly vary due to photographic lighting sources or your device settings.",https://nishatlinen.com/products/42401401,"image_3_10_1.jpg, image_3_10_2.jpg, image_3_10_3.jpg"
3 Piece - Printed Embroidered Suit - 42401804,"Rs. 7,180.00 Rs. 4,667.00","Make your day glorious in this printed embroidered three-piece from the latest unstitched summer collection.
Product Detail:
Lilly Flowers With Sequin Details Print Style Shirt with Dupatta and Trousers
SHIRT
Printed Super Fine Lawn Shirt: 3 Meter
2 Embroidered Motifs
Fabric: Lawn
Color: Green
DUPATTA
Digital Printed Crinkle Chiffon Dupatta: 2.5 Meter
Fabric: Crinkle Chiffon
Color: Green
TROUSERS
Solid Cambric Trousers: 2.5 Meter
Fabric: Cambric
Color: Green
Note:
Product color may slightly vary due to photographic lighting sources or your device settings.",https://nishatlinen.com/products/42401804,"image_3_11_1.jpg, image_3_11_2.jpg, image_3_11_3.jpg"
3 Piece - Embroidered Suit - 42402178,"Rs. 10,490.00 Rs. 8,392.00","Add a pop of color with this embroidered three-piece from the latest unstitched summer collection.
Product Detail:
Batik Style Shirt with Dupatta and Trousers
SHIRT
Solid Satin Shirt: 3 Meter
Embroidered Front + Sleeves + Motifs + 2 Borders
Fabric: Satin
Color: Black
DUPATTA
Printed Khadi Silk Dupatta: 2.23 Meter
Fabric: Khadi Silk
Color: Multi
TROUSERS
Solid Satin Trousers: 2.5 Meter
Fabric: Satin
Color: Black
Note:
Product color may slightly vary due to photographic lighting sources or your device settings.",https://nishatlinen.com/collections/women/products/42402178,"image_3_12_1.jpg, image_3_12_2.jpg, image_3_12_3.jpg"
Slip - PS24-279 - XS,"Rs. 1,230.00 Rs. 984.00","Add comfort and a soft and smooth feel to your daily wear with this slip from the latest winter collection.  
Product Detail
Basic Slip
Slip
V Neckline
Fabric: Voile
Color: Black
Note:
Product color may slightly vary due to photographic lighting sources or your monitor settings.",https://nishatlinen.com/collections/women/products/ps24-279,image_3_13_1.jpg
3 Piece - Embroidered Suit - 42401994,"Rs. 9,740.00 Rs. 6,331.00","Flaunt your style with this embroidered three-piece from the latest unstitched summer collection.
Product Detail:
Shirt with Dupatta & Trousers
SHIRT
Solid Swiss Lawn Shirt: 3 Meter
Embroidered Front + Sleeves + Neckline + Border
Fabric: Swiss Lawn
Color: Off White & Black
DUPATTA
Embroidered Swiss Voile Dupatta: 2.5 Meter
Fabric: Swiss Voile
Color: Off White & Black
TROUSERS
Solid Cambric Trousers: 2.5 Meter
Fabric: Cambric
Color: Off White 
Note:
Product color may slightly vary due to photographic lighting sources or your device settings.",https://nishatlinen.com/products/42401994,"image_3_14_1.jpg, image_3_14_2.jpg, image_3_14_3.jpg"
3 Piece - Printed Suit - 42401210,"Rs. 6,660.00 Rs. 4,329.00","Look ravishing with this printed three-piece from the latest unstitched summer collection.
Product Detail:
Baroque With Polka Dots Printed Style Shirt with Dupatta and Trousers
SHIRT
Printed Super Fine Lawn Shirt: 3 Meter
Fabric: Lawn
Color: Off White
DUPATTA
Digital Printed Crinkle Chiffon Dupatta: 2.5 Meter
Fabric: Crinkle Chiffon
Color: Off White
TROUSERS
Printed Cambric Trousers: 2.5 Meter
Fabric: Cambric
Color: ﻿Off White
Note:
Product color may slightly vary due to photographic lighting sources or your device settings.",https://nishatlinen.com/products/42401210,"image_3_15_1.jpg, image_3_15_2.jpg, image_3_15_3.jpg"
3 Piece - Printed Loose Fabric - 42403136 - Shirt / 3 / 3,Rs. 830.00 Rs. 540.00,"Give your looks a flash of colour with this printed three-piece from the latest freedom to buy summer collection.
Product Detail:
Floral Mix Printed Style Shirt with Dupatta and Trousers
SHIRT
Shirt: 3 Meter (RS 730/-Mtr)
Fabric: Lawn
Color: Off White
DUPATTA
Dupatta: 2.5 Meter (RS 750/-Mtr)
Fabric: Voile
Color: Off White
TROUSERS
Trousers: 2.5 Meter (RS 690/-Mtr)
Fabric: Cambric
Color: Off White
Note:
Product color may slightly vary due to photographic lighting sources or your device settings.",https://nishatlinen.com/collections/women/products/42403136,"image_3_16_1.jpg, image_3_16_2.jpg, image_3_16_3.jpg"
1 Piece - Paste Printed Loose Fabric - 42403094 - Trouser / 2.5 / 2.5,Rs. 670.00 Rs. 436.00,"Look gorgeous effortlessly by wearing this paste printed one-piece from the latest freedom to buy summer collection.
Product Detail:
Geometric Patterns In Stitch Style Trousers
TROUSERS
Trousers: 2.5 Meter (RS 690/-Mtr)
Fabric: Cambric
Color: Black
Note:
Product color may slightly vary due to photographic lighting sources or your device settings.",https://nishatlinen.com/collections/women/products/42403094,"image_3_17_1.jpg, image_3_17_2.jpg, image_3_17_3.jpg"
3 Piece - Jacquard Suit - 42402127,"Rs. 9,990.00 Rs. 7,992.00","Get ready for garden parties by styling our jacquard three-piece from the latest unstitched summer collection.
Product Detail:
Chunri Style Shirt with Dupatta and Trousers
SHIRT
Jacquard Shirt: 3 Meter
1 Lace: 1.25 Meter
1 Lace: 2.5 Meter
Fabric: Jacquard
Color: Pastel Purple
DUPATTA
Digital Printed Crinkle Chiffon Dupatta: 2.5 Meter
Fabric: Crinkle Chiffon
Color: Pastel Purple
TROUSERS
Jacquard Trousers: 2.5 Meter
Fabric: Jacquard
Color: Pastel Purple
Note:
Product color may slightly vary due to photographic lighting sources or your device settings.",https://nishatlinen.com/products/42402127,"image_3_18_1.jpg, image_3_18_2.jpg, image_3_18_3.jpg"
3 Piece - Jacquard Embroidered Suit - 42401926,"Rs. 8,720.00 Rs. 5,668.00","Delicate your look with this jacquard embroidered three-piece from the latest unstitched summer collection.
Product Detail:
Floral Style Shirt with Dupatta and Trousers
SHIRT
Jacquard Shirt: 3 Meter
Embroidered Border + Patch
Fabric: Jacquard
Color: Green
DUPATTA
Digital Printed Zari Lawn Dupatta: 2.5 Meter
Fabric: Zari Lawn
Color: Green
TROUSERS
Solid Cambric Trousers: 2.5 Meter
Fabric: Cambric
Color: Green
Note:
Product color may slightly vary due to photographic lighting sources or your device settings.",https://nishatlinen.com/products/42401926,"image_3_19_1.jpg, image_3_19_2.jpg, image_3_19_3.jpg"
2 Piece - Printed Suit - 42401188,"Rs. 2,870.00 Rs. 1,865.50","Revamp your wardrobe with this printed two-piece from the latest unstitched summer collection.
Product Detail:
Textures With Floral Prints Shirt With Trousers
SHIRT
Printed Super Fine Lawn Shirt: 3 Meter
Fabric: Lawn
Color: Blue
TROUSERS
Printed Cambric Trousers: 2.5 Meter
Fabric: Cambric
Color: Green
Note:
Product color may slightly vary due to photographic lighting sources or your device settings.",https://nishatlinen.com/collections/women/products/42401188,"image_3_20_1.jpg, image_3_20_2.jpg, image_3_20_3.jpg"
3 Piece - Digital Printed Suit - 42401500,"Rs. 8,200.00 Rs. 5,330.00","Get the tale of elegance and grace by wearing this digital printed three-piece from the latest unstitched summer collection.
Product Detail:
Floral Vines With Laces Style Shirt with Dupatta and Trousers
SHIRT
Digital Printed Brochia Jacquard Shirt: 3 Meter
Fabric: Jacquard
Color: Peach
DUPATTA
Digital Printed Brochia Jacquard Dupatta: 2.5 Meter
Fabric: Jacquard
Color: Peach
TROUSERS
Dyed Cambric Trousers: 2.5 Meter
Fabric: Cambric
Color: ﻿Peach
Note:
Product color may slightly vary due to photographic lighting sources or your device settings.",https://nishatlinen.com/collections/women/products/42401500,"image_3_21_1.jpg, image_3_21_2.jpg, image_3_21_3.jpg"
3 Piece - Printed Embroidered Suit - 42402028,"Rs. 9,490.00 Rs. 6,168.50","Get special attention is given by wearing this printed embroidered three-piece from the latest unstitched summer collection.
Product Detail:
Floral Style Shirt with Dupatta and Trousers
SHIRT
Printed Super Fine Lawn Shirt: 3 Meter
Embroidered Neckline + Motifs
Fabric: Lawn
Color: Black
DUPATTA
Printed Banarsi Brochia Dupatta: 2.5 Meter
Fabric: Banarsi Brochia
Color: Black
TROUSERS
Solid Cambric Trousers: 2.5 Meter
Fabric: Cambric
Color: Black
Note:
Product color may slightly vary due to photographic lighting sources or your device settings.",https://nishatlinen.com/collections/women/products/42402028,"image_3_22_1.jpg, image_3_22_2.jpg, image_3_22_3.jpg"
3 Piece - Embroidered Suit - 42401449,"Rs. 8,200.00 Rs. 5,330.00","Adorn yourself by wearing this embroidered three-piece from the latest unstitched summer collection.
Product Detail:
Modern Prints Style Shirt with Dupatta and Trousers
SHIRT
Dyed Super Fine Grid Lawn Shirt: 3 Meter
Embroidered Motifs + Border
Fabric: Grid Lawn
Color: Pink & Peach
DUPATTA
Digital Printed Grid Lawn Dupatta: 2.5 Meter
Fabric: Grid Lawn
Color: Pink & Peach
TROUSERS
Dyed Cambric Trousers: 2.5 Meter
Fabric: Cambric
Color: Peach
Note:
Product color may slightly vary due to photographic lighting sources or your device settings.",https://nishatlinen.com/collections/women/products/42401449,"image_3_23_1.jpg, image_3_23_2.jpg, image_3_23_3.jpg"
2 Piece - Embroidered Suit - PE24-86 - XS,"Rs. 6,660.00 Rs. 3,996.00","Create a statement-making festive look with this embroidered two-piece suit from the latest pret summer collection. 
Product Detail
Embroidered Shirt With Trousers
Shirt
Band Neckline With Piping & Slit, Embroidered Front & Sleeves
Fabric: Cambric
Color: Tea Pink
Trousers
Loose Straight Trousers
Fabric: Cambric
Color: Tea Pink
Note:
Product color may vary slightly due to photographic lighting sources or monitor settings.",https://nishatlinen.com/products/pe24-86,"image_3_24_1.jpg, image_3_24_2.jpg, image_3_24_3.jpg"
2 Piece - Printed Suit - 42401723,"Rs. 3,070.00 Rs. 1,995.50","For a fashionable statement adorn this printed two-piece from the latest unstitched summer collection.
Product Detail:
Paisleys Printed Style Shirt with Dupatta
SHIRT
Printed Super Fine Lawn Shirt: 3 Meter
Fabric: Lawn
Color: Pink
DUPATTA
Printed Voile Dupatta: 2.5 Meter
Fabric: Voile
Color: Pink
Note:
Product color may slightly vary due to photographic lighting sources or your device settings.",https://nishatlinen.com/products/42401723,"image_3_25_1.jpg, image_3_25_2.jpg, image_3_25_3.jpg"
2 Piece - Embroidered Suit - PE24-140 - XS,"Rs. 8,200.00 Rs. 4,920.00","Radiate positivity and vibrancy in this embroidered two-piece suit from the latest pret summer collection.
Product Detail
Embroidered Kurta With Dupatta
Kurta
Round Neckline With Fancy Buttons Detail On Placket, Embroidered Panels & Sleeves, Paneled Kurta
Fabric: Cambric
Color: Blue
Dupatta
Fabric: Sequence
Color: Blue
Note:
Product color may vary slightly due to photographic lighting sources or monitor settings.",https://nishatlinen.com/collections/women/products/pe24-140,"image_3_26_1.jpg, image_3_26_2.jpg, image_3_26_3.jpg"
3 Piece - Printed Loose Fabric - 42403026 - Shirt / 3 / 3,Rs. 670.00 Rs. 436.00,"Your style, your story with our printed three-piece from the latest freedom to buy summer collection.
Product Detail:
Ethnic Borders Printed Style Shirt with Dupatta and Trousers
SHIRT
Shirt: 3 Meter (RS 730/-Mtr)
Fabric: Lawn
Color: Light Pink
DUPATTA
Dupatta: 2.5 Meter (RS 750/-Mtr)
Fabric: Voile
Color: Light Pink
TROUSERS
Trousers: 2.5 Meter (RS 690/-Mtr)
Fabric: Cambric
Color: ﻿Light Pink
Note:
Product color may slightly vary due to photographic lighting sources or your device settings.",https://nishatlinen.com/products/42403026,"image_3_27_1.jpg, image_3_27_2.jpg, image_3_27_3.jpg"
2 Piece - Printed Embroidered Suit - PE24-136 - XS,"Rs. 7,690.00 Rs. 4,614.00","Keep it subtle yet glamorous with this printed embroidered two-piece suit from the latest pret summer collection.
Product Detail
Printed Embroidered Shirt With Dupatta
Shirt
Band Neckline With V Slit, Embroidered Front & Sleeves With Tilla Lace Insertion Detail On Edges, Straight Shirt
Fabric: Cambric
Color: Ice Blue
Dupatta
Pearls Detail On Dupatta Edges
Fabric: Sequence
Color: Ice Blue
Note:
Product color may vary slightly due to photographic lighting sources or monitor settings.",https://nishatlinen.com/products/pe24-136,"image_3_28_1.jpg, image_3_28_2.jpg, image_3_28_3.jpg"
3 Piece - Printed Embroidered Suit - 42401698,"Rs. 8,200.00 Rs. 5,330.00","Get the most significant look by wearing this printed embroidered three-piece from the latest unstitched summer collection.
Product Detail:
Floral Prints Style Shirt with Dupatta and Trousers
SHIRT
Printed Super Fine Lawn Shirt: 3 Meter
Embroidered Neckline + Border
Fabric: Lawn
Color: Light Peach
DUPATTA
Digital Printed Voile Dupatta: 2.5 Meter
Fabric: Voile
Color: Light Peach
TROUSERS
Printed Cambric Trousers: 2.5 Meter
Fabric: Cambric
Color: ﻿Light Peach
Note:
Product color may slightly vary due to photographic lighting sources or your device settings.",https://nishatlinen.com/collections/women/products/42401698,"image_3_29_1.jpg, image_3_29_2.jpg, image_3_29_3.jpg"
3 Piece - Embroidered Suit - 42401793,"Rs. 10,770.00 Rs. 7,000.50","Get a visible presentation by wearing this embroidered three-piece from the latest unstitched summer collection.
Product Detail:
Banarsi Style Shirt with Dupatta and Trousers
SHIRT
Solid Satin Shirt: 3 Meter
Embroidered Neckline + Sleeves + Motifs + Border
Fabric: Satin
Color: Light Blue
DUPATTA
Fancy Banarsi Dupatta: 2.5 Meter
Fabric: Banarsi
Color: Light Blue
TROUSERS
Solid Satin Trousers: 2.5 Meter
Fabric: Satin
Color: Light Blue
Note:
Product color may slightly vary due to photographic lighting sources or your device settings.",https://nishatlinen.com/collections/women/products/42401793,"image_3_30_1.jpg, image_3_30_2.jpg, image_3_30_3.jpg"
1 Piece - Paste Printed Loose Fabric - 42403095 - Trouser / 2.5 / 2.5,Rs. 670.00 Rs. 436.00,"Look gorgeous effortlessly by wearing this paste printed one-piece from the latest freedom to buy summer collection.
Product Detail:
Geometric Patterns In Stitch Style Trousers
TROUSERS
Trousers: 2.5 Meter (RS 690/-Mtr)
Fabric: Cambric
Color: White
Note:
Product color may slightly vary due to photographic lighting sources or your device settings.",https://nishatlinen.com/products/42403095,"image_3_31_1.jpg, image_3_31_2.jpg, image_3_31_3.jpg"
2 Piece - Embroidered Suit - PS24-74 - XS,"Rs. 8,720.00 Rs. 5,232.00","Unleash your inner artist with this exquisite embroidered two-piece suit from the latest pret summer collection. 

Product Detail
Embroidered Shirt With Dupatta
Shirt
Band Neckline with Piping & Slit, Embroidered Front & Sleeves Edges
Fabric: Cambric
Color: Blue
Dupatta
Embroidered Borders
Fabric: Silk
Color: Blue
Note:
Product color may vary slightly due to photographic lighting sources or monitor settings.",https://nishatlinen.com/collections/women/products/ps24-74,"image_3_32_1.jpg, image_3_32_2.jpg, image_3_32_3.jpg"
3 Piece - Printed Embroidered Suit - 42401703,"Rs. 8,200.00 Rs. 5,330.00","Revitalize your day with this printed embroidered three-piece from the latest unstitched summer collection.
Product Detail:
Floral Style Shirt with Dupatta and Trousers
SHIRT
Printed Super Fine Lawn Shirt: 3 Meter
Embroidered Motifs + Border
Fabric: Lawn
Color: Seafoam
DUPATTA
Digital Printed Voile Dupatta: 2.5 Meter
Fabric: Voile
Color: Seafoam
TROUSERS
Printed Cambric Trousers: 2.5 Meter
Fabric: Cambric
Color: ﻿Seafoam
Note:
Product color may slightly vary due to photographic lighting sources or your device settings.",https://nishatlinen.com/collections/women/products/42401703,"image_3_33_1.jpg, image_3_33_2.jpg, image_3_33_3.jpg"
1 Piece - Digital Printed Loose Fabric - 42403387 - Shirt / 3 / 3,Rs. 830.00 Rs. 540.00,"Turn every moment into an everlasting memory with our digital printed one-piece from the latest freedom to buy summer collection.
Product Detail:
Leafs Printed Style Shirt 
SHIRT
Shirt: 3 Meter (RS 830/-Mtr)
Fabric: Dobby Lawn
Color: Off White

Note:
Product color may slightly vary due to photographic lighting sources or your device settings.",https://nishatlinen.com/products/42403387,"image_3_34_1.jpg, image_3_34_2.jpg, image_3_34_3.jpg"
Embroidered Trousers - PS24-271 - XS,"Rs. 2,560.00 Rs. 1,536.00","Preserve your beautiful memories by wearing this embroidered trousers from the latest pret summer collection.
Product Detail
Embroidered Trousers
Trousers
Loose Straight Pants With Lace Detail On Embroidered
Fabric: Cambric
Color: Black
Note:
Product color may vary slightly due to photographic lighting sources or monitor settings.",https://nishatlinen.com/collections/women/products/ps24-271,"image_3_35_1.jpg, image_3_35_2.jpg, image_3_35_3.jpg"
Embroidered Trousers - PS24-150 - XS,"Rs. 2,560.00 Rs. 1,536.00","Enhance your closet with this embroidered trousers from the latest pret summer collection. 
Product Detail
Embroidered Trousers
Trousers
Loose Straight Trousers, Pleated Embroidered Hem
Fabric: Cambric
Color: Off White
Note:
Product color may vary slightly due to photographic lighting sources or monitor settings.",https://nishatlinen.com/products/ps24-150,"image_3_36_1.jpg, image_3_36_2.jpg, image_3_36_3.jpg"
Embroidered Shirt - PE24-50 - XS,"Rs. 4,300.00 Rs. 2,580.00","Look and feel your best by wearing this embroidered shirt from the latest pret summer collection.
Product Detail
Embroidered Shirt
Shirt
Round Neckline With Piping & Slit, Embroidered Neckline
Fabric: Cambric
Color: Green
Note:
Product color may vary slightly due to photographic lighting sources or monitor settings.",https://nishatlinen.com/collections/women/products/pe24-50,"image_3_37_1.jpg, image_3_37_2.jpg, image_3_37_3.jpg"
2 Piece - Printed Suit - PE24-347 - XS,"Rs. 4,610.00 Rs. 2,766.00","Get a feminine sophistication look by wearing this printed two-piece suit from the latest pret summer collection.
Product Detail
Printed Shirt With Trousers
Shirt
Band Neckline With V Slit, Printed Shirt
Fabric: Cambric
Color: Green
Trousers
Printed Loose Straight Trousers
Fabric: Cambric
Color: Green
Note:
Product color may vary slightly due to photographic lighting sources or monitor settings.",https://nishatlinen.com/collections/women/products/pe24-347,"image_3_38_1.jpg, image_3_38_2.jpg, image_3_38_3.jpg"
1 Piece - Gold & Silver Printed Loose Fabric - 42403357 - Dupatta / 2.5 / 2.5,Rs. 880.00 Rs. 572.00,"Adorn grace with this gold & silver printed one-piece from the latest freedom to buy summer collection.
Product Detail:
Modern Prints Style Dupatta
Dupatta
Dupatta: 2.5 Meter (RS 850/-Mtr)
Fabric: Voile
Color: Blue
Note:
Product color may slightly vary due to photographic lighting sources or your device settings.",https://nishatlinen.com/products/42403357,"image_3_39_1.jpg, image_3_39_2.jpg, image_3_39_3.jpg"
3 Piece - Digital & Paste Printed Embroidered Suit - 42401914,"Rs. 13,850.00 Rs. 9,002.50","Uplift your look with this digital & paste printed embroidered three-piece from the latest unstitched summer collection.
Product Detail:
Floral Prints Style Shirt with Dupatta and Trousers
SHIRT
Schiffli Embroidered Printed Cambric Front & Back: 2 Meter
Schiffli Embroidered Printed Cambric Sleeves: 0.6 Meter
Fabric: Cambric
Color: Light Blue & Off White
DUPATTA
Digital Printed Chicken Kari Dupatta: 2.5 Meter
Fabric: Chicken Kari
Color: Off White
TROUSERS
White Paste Printed Cambric Trousers: 2.5 Meter
Fabric: Cambric
Color: Off White
Note:
Product color may slightly vary due to photographic lighting sources or your device settings.",https://nishatlinen.com/collections/women/products/42401914,"image_3_40_1.jpg, image_3_40_2.jpg, image_3_40_3.jpg"
Embroidered Shirt - PS24-102 - XS,"Rs. 4,690.00 Rs. 2,814.00","Look and feel your best by wearing this embroidered shirt from the latest pret summer collection. 
Product Detail
Embroidered Shirt
Shirt
Round Neckline With Piping & Slit, Embroidered Neckline, Sleeves Edges & Hem, Classic Shirt
Fabric: Cambric
Color: Green
Note:
Product color may vary slightly due to photographic lighting sources or monitor settings.",https://nishatlinen.com/products/ps24-102,"image_3_41_1.jpg, image_3_41_2.jpg, image_3_41_3.jpg"
Basic Shirt - PE24-121 - XS,"Rs. 4,100.00 Rs. 2,460.00","Ease your confusion for styling by wearing this basic shirt from the latest pret summer collection.
Product Detail
Basic Shirt
Shirt
Band V Neckline With Tassels Detail, Flared Shirt
Fabric: Cambric
Color: Aqua
Note:
Product color may vary slightly due to photographic lighting sources or monitor settings.",https://nishatlinen.com/products/pe24-121,"image_3_42_1.jpg, image_3_42_2.jpg, image_3_42_3.jpg"
3 Piece - Digital Printed Loose Fabric - 42403314 - Shirt / 3 / 3,Rs. 880.00 Rs. 572.00,"Level up your wardrobe with gorgeous digital printed three-piece from the latest freedom to buy summer collection.
Product Detail:
Bold Flower Motif With Lace Motifs Prints Style Shirt with Dupatta and Trousers 
SHIRT
Shirt: 3 Meter (RS 780/-Mtr)
Fabric: Lawn
Color: Orange
DUPATTA
Dupatta: 2.5 Meter (RS 800/-Mtr)
Fabric: Voile
Color: Orange & White
TROUSERS
Trousers: 2.5 Meter (RS 680/-Mtr)
Fabric: Cambric
Color: Orange
Note:
Product color may slightly vary due to photographic lighting sources or your device settings.",https://nishatlinen.com/collections/women/products/42403314,"image_3_43_1.jpg, image_3_43_2.jpg, image_3_43_3.jpg"
Printed Shirt - PE24-360 - XS,"Rs. 4,100.00 Rs. 2,460.00","Ease your confusion for styling by wearing this printed shirt from the latest pret summer collection.
Product Detail
Printed Shirt
Shirt
Round Neckline With Tie-Up Dorri & Tassels Detail, Lace Detail on Sleeves Edges
Fabric: Lawn
Color: Black
Note:
Product color may vary slightly due to photographic lighting sources or monitor settings.",https://nishatlinen.com/collections/women/products/pe24-360,"image_3_44_1.jpg, image_3_44_2.jpg, image_3_44_3.jpg"
Printed Shirt - AS24-85 - XS,"Rs. 7,190.00 Rs. 4,314.00","Make your appearance distinctive by wearing this printed shirt from the latest pret summer collection.
Product Detail
Printed Shirt
Shirt
Round Neckline With Slit & Pearls Detail, Gathered Sleeves, Straight Long Shirt
Fabric: Lawn
Color: Black
Note:
Product color may vary slightly due to photographic lighting sources or monitor settings.",https://nishatlinen.com/products/as24-85,"image_3_45_1.jpg, image_3_45_2.jpg, image_3_45_3.jpg"
3 Piece - Printed Loose Fabric - 42403126 - Dupatta / 2.5 / 2.5,Rs. 830.00 Rs. 540.00,"Create an effortless style statement in this printed three-piece from the latest freedom to buy summer collection.
Product Detail:
Abstract Decorative Printed Style Shirt with Dupatta and Trousers
SHIRT
Shirt: 3 Meter (RS 730/-Mtr)
Fabric: Lawn
Color: Maroon
DUPATTA
Dupatta: 2.5 Meter (RS 750/-Mtr)
Fabric: Voile
Color: White
Note: Fabric used in shoot for gown is dupatta fabric
TROUSERS
Trousers: 2.5 Meter (RS 650/-Mtr)
Fabric: Cambric
Color: White
Note:
Product color may slightly vary due to photographic lighting sources or your device settings.",https://nishatlinen.com/products/42403126,"image_3_46_1.jpg, image_3_46_2.jpg, image_3_46_3.jpg"
Embroidered Shirt - PS24-01 - XS,"Rs. 5,340.00 Rs. 3,204.00","Celebrate your uniqueness with this embroidered shirt from the latest pret pre summer collection.
Product Detail
Embroidered Shirt
Shirt
V Neckline, Embroidered Front Panel, Top Stitching Detail At Sleeves Edges
Fabric: Jacquard
Color: Light Blue
Note:
Product color may vary slightly due to photographic lighting sources or monitor settings.",https://nishatlinen.com/products/ps24-01,"image_3_47_1.jpg, image_3_47_2.jpg, image_3_47_3.jpg"
Slip - PS24-283 - XS,"Rs. 1,230.00 Rs. 984.00","Add comfort and a soft and smooth feel to your daily wear with this slip from the latest winter collection.
Product Detail
Basic Slip
Slip
Stylized V Neckline
Fabric: Voile
Color: White
Note:
Product color may slightly vary due to photographic lighting sources or your monitor settings.",https://nishatlinen.com/collections/women/products/ps24-283,image_3_48_1.jpg
2 Piece - Embroidered Suit - PS24-117 - XS,"Rs. 7,790.00 Rs. 4,674.00","Radiate positivity and vibrancy in this embroidered two-piece suit from the latest pret summer collection.
Product Detail
Embroidered Shirt With Dupatta
Shirt
V Neckline, Embroidered Neckline & Sleeves, Straight Shirt
Fabric: Cambric
Color: Purple
Dupatta
Embroidered Dupatta With Accessories
Fabric: Lawn
Color: Purple
Note:
Product color may vary slightly due to photographic lighting sources or monitor settings.",https://nishatlinen.com/products/ps24-117,"image_3_49_1.jpg, image_3_49_2.jpg, image_3_49_3.jpg"
Printed Tunic - AS24-71 - XS,"Rs. 3,290.00 Rs. 1,974.00","Enhance your style with this printed tunic from the latest pret summer collection. 
Product Detail
Printed Tunic
Tunic
Band Neckline With Pearls Buttons Detail On Placket, Stylized Overlapping Cuff, Pleats Detail On Sleeves Edges, Short Tunic
Fabric: Lawn
Color: Green
Note:
Product color may vary slightly due to photographic lighting sources or monitor settings.",https://nishatlinen.com/collections/women/products/as24-71,"image_3_50_1.jpg, image_3_50_2.jpg, image_3_50_3.jpg"
2 Piece - Printed Embroidered Suit - PE24-349 - XS,"Rs. 4,820.00 Rs. 2,892.00","Radiate positivity and vibrancy in this printed embroidered two-piece suit from the latest pret summer collection.
Product Detail
Printed Embroidered Shirt With Trousers
Shirt
Band Neckline With Placket, Printed Shirt
Fabric: Cambric
Color: Mustard
Trousers
Printed Trousers With Embroidered Hem
Fabric: Cambric
Color: Mustard
Note:
Product color may vary slightly due to photographic lighting sources or monitor settings.",https://nishatlinen.com/products/pe24-349,"image_3_51_1.jpg, image_3_51_2.jpg, image_3_51_3.jpg"
2 Piece - Printed Suit - PE24-374 - XS,"Rs. 7,180.00 Rs. 4,308.00","Symbolize your style in this printed two-piece suit from the latest pret summer collection. 
Product Detail
Printed Shirt With Dupatta
Shirt
Round Neckline With Slit & Tassels Detail, Printed Shirt With Dupatta
Fabric: Lawn
Color: Plum
Dupatta
Fabric: Poly stripe 
Color: Plum
Note:
Product color may vary slightly due to photographic lighting sources or monitor settings.",https://nishatlinen.com/collections/women/products/pe24-374,"image_3_52_1.jpg, image_3_52_2.jpg, image_3_52_3.jpg"
3 Piece - Printed Loose Fabric - 42403299 - Shirt / 3 / 3,Rs. 880.00 Rs. 572.00,"Be a style icon with printed three-piece from the latest freedom to buy summer collection.
Product Detail:
Baroque & Floral Mix Printed Style Shirt with Dupatta and Trousers 
SHIRT
Shirt: 3 Meter (RS 780/-Mtr)
Fabric: Lawn
Color: Light Pink
DUPATTA
Dupatta: 2.5 Meter (RS 800/-Mtr)
Fabric: Voile
Color: Light Pink
TROUSERS
Trousers: 2.5 Meter (RS 750/-Mtr)
Fabric: Cambric
Color: Light Pink
Note:
Product color may slightly vary due to photographic lighting sources or your device settings.",https://nishatlinen.com/collections/women/products/42403299,"image_3_53_1.jpg, image_3_53_2.jpg, image_3_53_3.jpg"
3 Piece - Printed Embroidered Suit - 42402134,"Rs. 10,490.00 Rs. 8,392.00","Find your magic with this gorgeous printed embroidered three-piece from the latest unstitched summer collection.
Product Detail:
Paisleys With Floral Patterns Style Shirt with Dupatta and Trousers
SHIRT
Printed Slub Cambric Shirt: 3 Meter
Embroidered Front + Border
Fabric: Cambric
Color: Light Greenish Blue
DUPATTA
Printed Fancy Brochia Dupatta: 2.5 Meter
Fabric: Fancy Brochia
Color: Light Greenish Blue
TROUSERS
Solid Cambric Trousers: 2.5 Meter
Fabric: Cambric
Color: Light Greenish Blue
Note:
Product color may slightly vary due to photographic lighting sources or your device settings.",https://nishatlinen.com/collections/women/products/42402134,"image_3_54_1.jpg, image_3_54_2.jpg, image_3_54_3.jpg"
3 Piece - Printed Loose Fabric - 42403127 - Dupatta / 2.5 / 2.5,Rs. 830.00 Rs. 540.00,"Add a touch of magic and glamour to your wardrobe with this printed three-piece from the latest freedom to buy summer collection.
Product Detail:
Tropical Silhouettes With Solid Stripes Printed Style Shirt with Dupatta and Trousers
SHIRT
Shirt: 3 Meter (RS 730/-Mtr)
Fabric: Lawn
Color: Red
DUPATTA
Dupatta: 2.5 Meter (RS 750/-Mtr)
Fabric: Voile
Color: Red
Note: Fabric used in shoot for gown is dupatta fabric
TROUSERS
Trousers: 2.5 Meter (RS 650/-Mtr)
Fabric: Cambric
Color: Red
Note:
Product color may slightly vary due to photographic lighting sources or your device settings.",https://nishatlinen.com/collections/women/products/42403127,"image_3_55_1.jpg, image_3_55_2.jpg, image_3_55_3.jpg"
2 Piece - Dyed Embroidered Suit - 42401737,"Rs. 5,640.00 Rs. 3,666.00","Revamp your wardrobe with a trendy dyed embroidered two-piece from the latest unstitched summer collection.
Product Detail:
Shirt with Trousers
SHIRT
Solid Cambric Shirt: 3 Meter
Embroidered Front
Fabric: Cambric
Color: Lilac
TROUSERS
Solid Cambric Trousers: 2.5 Meter
Fabric: Cambric
Color: Lilac
Note:
Product color may slightly vary due to photographic lighting sources or your device settings.",https://nishatlinen.com/products/42401737,"image_3_56_1.jpg, image_3_56_2.jpg, image_3_56_3.jpg"
2 Piece - Printed Suit - PE24-417 - XS,"Rs. 4,570.00 Rs. 2,742.00","Express your style and personality with this graceful printed two-piece suit from the latest pret summer collection.
Product Detail
Printed Shirt With Trousers
Shirt
Band Neckline With Overlap Placket, Straight Shirt
Fabric: Cambric
Color: Maroon
Trousers
Printed Loose Trousers
Fabric: Cambric
Color: Maroon
Note:
Product color may vary slightly due to photographic lighting sources or monitor settings.",https://nishatlinen.com/collections/women/products/pe24-417,"image_3_57_1.jpg, image_3_57_2.jpg, image_3_57_3.jpg"
1 Piece - Digital Printed Loose Fabric - 42403279 - Shirt / 3 / 3,Rs. 455.00 - Rs. 527.00,"Elevate your appearance with this stunning digital Printed one-piece from the latest freedom to buy summer collection.
Product Detail:
Ethnic Printed Style Shirt
SHIRT
Shirt: 3 Meter (RS 850/-Mtr)
Fabric: Dobby Lawn
Color: Green
Note:
Product color may slightly vary due to photographic lighting sources or your device settings.",https://nishatlinen.com/products/42403279,"image_3_58_1.jpg, image_3_58_2.jpg, image_3_58_3.jpg"
3 Piece - Printed Loose Fabric - 42403114 - Shirt / 3 / 3,Rs. 830.00 Rs. 540.00,"Elevate your style game in this printed three-piece from the latest freedom to buy summer collection.
Product Detail:
Sunflowers With Tie & Dye Textures Printed Style Shirt with Dupatta and Trousers
SHIRT
Shirt: 3 Meter (RS 730/-Mtr)
Fabric: Lawn
Color: Blue
DUPATTA
Dupatta: 2.5 Meter (RS 750/-Mtr)
Fabric: Voile
Color: Blue
Note: Fabric used in shoot for gown is dupatta fabric
TROUSERS
Trousers: 2.5 Meter (RS 690/-Mtr)
Fabric: Cambric
Color: Blue
Note:
Product color may slightly vary due to photographic lighting sources or your device settings.",https://nishatlinen.com/products/42403114,"image_3_59_1.jpg, image_3_59_2.jpg, image_3_59_3.jpg"
3 Piece - Printed Suit - 42401423,"Rs. 5,130.00 Rs. 3,334.50","Radiate absolute glamour in the exquisitely printed three-piece from the latest unstitched summer collection.
Product Detail:
Geometric Style Shirt with Dupatta and Trousers
SHIRT
Digital Printed Super Fine Lawn Shirt: 3 Meter
Fabric: Lawn
Color: Yellowish Gold
DUPATTA
Digital Printed Silk Dupatta: 2.5 Meter
Fabric: Silk
Color: Yellowish Gold
TROUSERS
Dyed Cambric Trousers: 2.5 Meter
Fabric: Cambric
Color: Yellowish Gold
Note:
Product color may slightly vary due to photographic lighting sources or your device settings.",https://nishatlinen.com/collections/women/products/42401423,"image_3_60_1.jpg, image_3_60_2.jpg, image_3_60_3.jpg"
2 Piece - Printed Suit - PE24-217 - XS,"Rs. 6,660.00 Rs. 3,996.00","Collect unique stuff for your wardrobe with this printed two-piece suit from the latest pret summer collection. 
Product Detail
Printed Shirt With Dupatta
Shirt
Round Neckline With Slit & Tassels Detail At Piping
Fabric: Lawn
Color: Black
Dupatta
Fabric: Silk
Color: Multi
Note:
Product color may vary slightly due to photographic lighting sources or monitor settings.",https://nishatlinen.com/collections/women/products/pe24-217,"image_3_61_1.jpg, image_3_61_2.jpg, image_3_61_3.jpg"
2 Piece - Printed Embroidered Suit - 42401710,"Rs. 5,640.00 Rs. 3,666.00","Enhance your style with this printed embroidered two-piece from the latest unstitched summer collection.
Product Detail:
Floral Prints Style Shirt with Dupatta
SHIRT
Printed Super Fine Lawn Shirt: 3 Meter
Embroidered Neckline + Border
Fabric: Lawn
Color: Mint
DUPATTA
Digital Printed Zari Chiffon Dupatta: 2.5 Meter
Fabric: Chiffon
Color: Mint
Note:
Product color may slightly vary due to photographic lighting sources or your device settings.",https://nishatlinen.com/products/42401710,"image_3_62_1.jpg, image_3_62_2.jpg, image_3_62_3.jpg"
Embroidered Trousers - PS24-151 - XS,"Rs. 2,770.00 Rs. 1,662.00","Enhance your clothing selection with this embroidered trousers from the latest pret summer collection. 
Product Detail
Embroidered Trousers
Trousers
Loose Straight Trousers, Pleated Embroidered Hem
Fabric: Cambric
Color: Off White
Note:
Product color may vary slightly due to photographic lighting sources or monitor settings.",https://nishatlinen.com/products/ps24-151,"image_3_63_1.jpg, image_3_63_2.jpg, image_3_63_3.jpg"
3 Piece - Printed Loose Fabric - 42403271 - Shirt / 3 / 3,Rs. 455.00 - Rs. 527.00,"Upgrade your wardrobe with printed three-piece from the latest freedom to buy summer collection.
Product Detail:
Block Print With Lace Patterns Style Shirt with Dupatta and Trousers
SHIRT
Shirt: 3 Meter (RS 750/-Mtr)
Fabric: Lawn
Color: Blue
DUPATTA
Dupatta: 2.5 Meter (RS 780/-Mtr)
Fabric: Voile
Color: Blue
TROUSERS
Trousers: 2.5 Meter (RS 680/-Mtr)
Fabric: Cambric
Color: ﻿Blue
Note:
Product color may slightly vary due to photographic lighting sources or your device settings.",https://nishatlinen.com/products/42403271,"image_3_64_1.jpg, image_3_64_2.jpg, image_3_64_3.jpg"
3 Piece - Printed Suit - 42401463,"Rs. 5,130.00 Rs. 3,334.50","Collect unique stuff to your wardrobe & add this printed three-piece from the latest unstitched summer collection.
Product Detail:
Kashmiri Style Shirt with Dupatta and Trousers
SHIRT
Printed Super Fine Lawn Shirt: 3 Meter
Fabric: Lawn
Color: Black
DUPATTA
Digital Printed Crinkle Chiffon Dupatta: 2.5 Meter
Fabric: Crinkle Chiffon
Color: Black
TROUSERS
Dyed Cambric Trousers: 2.5 Meter
Fabric: Cambric
Color: Black
Note:
Product color may slightly vary due to photographic lighting sources or your device settings.",https://nishatlinen.com/collections/women/products/42401463,"image_3_65_1.jpg, image_3_65_2.jpg, image_3_65_3.jpg"
3 Piece - Printed Loose Fabric - 42403262 - Shirt / 3 / 3,Rs. 455.00 - Rs. 527.00,"Effortlessly capture attention with the printed three-piece from the latest freedom to buy summer collection.
Product Detail:
Ethnic Printed Style Shirt with Dupatta and Trousers
SHIRT
Shirt: 3 Meter (RS 750/-Mtr)
Fabric: Lawn
Color: Green
DUPATTA
Dupatta: 2.5 Meter (RS 780/-Mtr)
Fabric: Voile
Color: Green
TROUSERS
Trousers: 2.5 Meter (RS 680/-Mtr)
Fabric: Cambric
Color: ﻿Green
Note:
Product color may slightly vary due to photographic lighting sources or your device settings.",https://nishatlinen.com/products/42403262,"image_3_66_1.jpg, image_3_66_2.jpg, image_3_66_3.jpg"
3 Piece - Printed Loose Fabric - 42403254 - Shirt / 3 / 3,Rs. 455.00 - Rs. 527.00,"Revitalize your casual look with this printed three-piece from the latest freedom to buy summer collection.
Product Detail:
Geometric With Floral Prints Style Shirt with Dupatta and Trousers
SHIRT
Shirt: 3 Meter (RS 750/-Mtr)
Fabric: Lawn
Color: Off White
DUPATTA
Dupatta: 2.5 Meter (RS 780/-Mtr)
Fabric: Voile
Color: Multi
TROUSERS
Trousers: 2.5 Meter (RS 680/-Mtr)
Fabric: Cambric
Color: Off White
Note:
Product color may slightly vary due to photographic lighting sources or your device settings.",https://nishatlinen.com/collections/women/products/42403254,"image_3_67_1.jpg, image_3_67_2.jpg, image_3_67_3.jpg"
3 Piece - Printed Embroidered Suit - 42402137,"Rs. 10,490.00 Rs. 8,392.00","Bright up your day with this printed embroidered three-piece from the latest unstitched summer collection.
Product Detail:
Floral Style Shirt with Dupatta and Trousers
SHIRT
Printed Slub Cambric Shirt: 3 Meter
Embroidered Front + Sleeves + Border
Fabric: Cambric
Color: Beige
DUPATTA
Printed Fancy Brochia Dupatta: 2.5 Meter
Fabric: Fancy Brochia
Color: Beige
TROUSERS
Solid Cambric Trousers: 2.5 Meter
Fabric: Cambric
Color: Beige
Note:
Product color may slightly vary due to photographic lighting sources or your device settings.",https://nishatlinen.com/collections/women/products/42402137,"image_3_68_1.jpg, image_3_68_2.jpg, image_3_68_3.jpg"
Embroidered Trousers - PE24-264 - XS,"Rs. 2,250.00 Rs. 1,350.00","Upgrade your wardrobe with this embroidered trousers from the latest pret summer collection. 
Product Detail
Embroidered Trousers
Trousers
Embroidered Loose Straight Trousers 
Fabric: Cambric
Color: Off White
Note:
Product color may vary slightly due to photographic lighting sources or monitor settings.",https://nishatlinen.com/products/pe24-264,"image_3_69_1.jpg, image_3_69_2.jpg, image_3_69_3.jpg"
2 Piece - Printed Suit - PS24-289 - XS,"Rs. 4,510.00 Rs. 2,706.00","Get a fabulous look by wearing this printed two-piece suit from the latest pret summer collection.
Product Detail
Printed Shirt With Trousers
Shirt
Round Neckline With Slit & Pearl Detail, Straight Sleeves, Straight Shirt
Fabric: Cambric
Color: Lime
Trousers
Straight Loose Trousers
Fabric: Cambric
Color: Lime
Note:
Product color may vary slightly due to photographic lighting sources or monitor settings.",https://nishatlinen.com/products/ps24-289,"image_3_70_1.jpg, image_3_70_2.jpg, image_3_70_3.jpg"
Basic Trousers - PE24-379 - XS,"Rs. 1,940.00 Rs. 1,164.00","Look your best with this elegant basic trousers from the latest pret summer collection. 
Product Detail
Basic Trousers
Trousers
Loose Straight Trousers With Pintucks Detail On Hem
Fabric: Cambric
Color: White
Note:
Product color may vary slightly due to photographic lighting sources or monitor settings.",https://nishatlinen.com/products/pe24-379,"image_3_71_1.jpg, image_3_71_2.jpg, image_3_71_3.jpg"
2 Piece - Jacquard Embroidered Suit - 42402160,"Rs. 6,990.00 Rs. 5,592.00","For a statement look this jacquard embroidered two-piece from the latest unstitched summer collection.
Product Detail:
Ethnic Style Shirt with Dupatta
SHIRT
Jacquard Shirt: 3 Meter
Embroidered Motifs + Border
Fabric: Jacquard
Color: Light Yellow
DUPATTA
Jacquard Dupatta: 2.5 Meter
Fabric: Jacquard
Color: Light Yellow
Note:
Product color may slightly vary due to photographic lighting sources or your device settings.",https://nishatlinen.com/collections/women/products/42402160,"image_3_72_1.jpg, image_3_72_2.jpg, image_3_72_3.jpg"
2 Piece - Printed Suit - PE24-344 - XS,"Rs. 4,570.00 Rs. 2,742.00","Illustrate your style with this printed two-piece suit from the latest pret summer collection. 
Product Detail
Printed Shirt With Trousers
Shirt
Band Neckline With Slit, Printed Shirt
Fabric: Cambric
Color: Multi
Trousers
Printed Straight Trousers
Fabric: Cambric
Color: Multi
Note:
Product color may vary slightly due to photographic lighting sources or monitor settings.",https://nishatlinen.com/collections/women/products/pe24-344,"image_3_73_1.jpg, image_3_73_2.jpg, image_3_73_3.jpg"
3 Piece - Digital Printed Jacquard Suit - 42401184,"Rs. 7,690.00 Rs. 4,998.50","Exude grace in our digital printed jacquard three-piece from the latest unstitched summer collection.
Product Detail:
Mughal Style Shirt with Dupatta and Trousers
SHIRT
Digital Printed Brochia Jacquard Shirt: 3 Meter
Fabric: Brochia Jacquard
Color: Light Skin
DUPATTA
Digital Printed Brochia Jacquard Dupatta: 2.5 Meter
Fabric: Brochia Jacquard
Color: ﻿Light Skin
TROUSERS
Dyed Cambric Trousers: 2.5 Meter
Fabric: Cambric
Color: Light Skin
Note:
Product color may slightly vary due to photographic lighting sources or your device settings.",https://nishatlinen.com/products/42401184,"image_3_74_1.jpg, image_3_74_2.jpg, image_3_74_3.jpg"
Embroidered Shirt - PE24-02 - XS,"Rs. 5,130.00 Rs. 3,078.00","Look and feel your best by wearing this embroidered shirt from the latest pret summer collection.
Product Detail
Embroidered Shirt
Shirt
Round Neckline With Adda Work Detail On Piping, Lace Detail On Front Hem, Embroidered Front Hem & Sleeves
Fabric: Cambric
Color: White
Note:
Product color may vary slightly due to photographic lighting sources or monitor settings.",https://nishatlinen.com/products/pe24-02,"image_3_75_1.jpg, image_3_75_2.jpg, image_3_75_3.jpg"
1 Piece - Paste Printed Loose Fabric - 42403089 - Trouser / 2.5 / 2.5,Rs. 670.00 Rs. 436.00,"Redefine your style with paste printed one-piece from the latest freedom to buy summer collection.
Product Detail:
Rose Silhouettes Prints Style Trousers
TROUSERS
Trousers: 2.5 Meter (RS 690/-Mtr)
Fabric: Cambric
Color: White
Note:
Product color may slightly vary due to photographic lighting sources or your device settings.",https://nishatlinen.com/products/42403089,"image_3_76_1.jpg, image_3_76_2.jpg, image_3_76_3.jpg"
2 Piece - Printed Suit - 42401588,"Rs. 3,070.00 Rs. 1,995.50","Get the ultimate glamorous look with this printed two-piece from the latest unstitched summer collection.
Product Detail:
Modern Style Daiseys With Polkas Printed Style Shirt with Dupatta
SHIRT
Printed Super Fine Lawn Shirt: 3 Meter
Fabric: Lawn
Color: Orange
DUPATTA
Printed Voile Dupatta: 2.5 Meter
Fabric: Voile
Color: Multi
Note:
Product color may slightly vary due to photographic lighting sources or your device settings.",https://nishatlinen.com/products/42401588,"image_3_77_1.jpg, image_3_77_2.jpg, image_3_77_3.jpg"
3 Piece - White & Pink Paste Printed Embroidered Suit - 42401913,"Rs. 8,720.00 Rs. 5,668.00","Make your day pleasingly memorable with this digital printed embroidered three-piece from the latest unstitched summer collection.
Product Detail:
Ethnic Style Shirt with Dupatta and Trousers
SHIRT
White & Pink Paste Printed Super Fine Lawn Shirt: 3 Meter
3 Embroidered Motifs + 2 Borders
Fabric: Lawn
Color: Deep Blue
DUPATTA
White & Pink Paste Printed Voile Dupatta: 2.5 Meter
Fabric: Voile
Color: Deep Blue
TROUSERS
Dyed Cambric Trousers: 2.5 Meter
Fabric: Cambric
Color: Deep Blue
Note:
Product color may slightly vary due to photographic lighting sources or your device settings.",https://nishatlinen.com/products/42401913,"image_3_78_1.jpg, image_3_78_2.jpg, image_3_78_3.jpg"
3 Piece - Printed Suit - 42401663,"Rs. 5,640.00 Rs. 3,666.00","Adorn grace with this printed three-piece from the latest unstitched summer collection.
Product Detail:
Mughal Motifs In Printed Form Style Shirt with Dupatta and Trousers
SHIRT
Printed Super Fine Lawn Shirt: 3 Meter
Fabric: Lawn
Color: Light Pink
DUPATTA
Digital Printed Muzlin Dupatta: 2.5 Meter
Fabric: Muzlin
Color: Red
TROUSERS
Dyed Cambric Trousers: 2.5 Meter
Fabric: Cambric
Color: White
Note:
Product color may slightly vary due to photographic lighting sources or your device settings.",https://nishatlinen.com/collections/women/products/42401663,"image_3_79_1.jpg, image_3_79_2.jpg, image_3_79_3.jpg"
3 Piece - Embroidered Suit - 42402056,"Rs. 8,690.00 Rs. 5,648.50","Look glamorous by wearing this embroidered three-piece from the latest unstitched summer collection.
Product Detail:
Paisleys Style Shirt with Dupatta and Trousers
SHIRT
Solid Slub Cambric Shirt: 3 Meter
Embroidered Front + Border
Fabric: Cambric
Color: Beige
DUPATTA
Digital Printed Slub Dupatta: 2.5 Meter
Fabric: Slub
Color: Multi
TROUSERS
Solid Cambric Trousers: 2.5 Meter
Fabric: Cambric
Color: Beige
Note:
Product color may slightly vary due to photographic lighting sources or your device settings.",https://nishatlinen.com/products/42402056,"image_3_80_1.jpg, image_3_80_2.jpg, image_3_80_3.jpg"
3 Piece - Printed Suit - 42401810,"Rs. 6,660.00 Rs. 4,329.00","Glow-up for evening events by wearing this printed three-piece from the latest unstitched summer collection.
Product Detail:
Modern Tropical Printed Style Shirt with Dupatta and Trousers
SHIRT
Printed Super Fine Lawn Shirt: 3 Meter
Fabric: Lawn
Color: Black
DUPATTA
Digital Printed Crinkle Chiffon Dupatta: 2.5 Meter
Fabric: Crinkle Chiffon
Color: Black
TROUSERS
Printed Cambric Trousers: 2.5 Meter
Fabric: Cambric
Color: Black
Note:
Product color may slightly vary due to photographic lighting sources or your device settings.",https://nishatlinen.com/products/42401810,"image_3_81_1.jpg, image_3_81_2.jpg, image_3_81_3.jpg"
2 Piece - Printed Suit - 42401780,"Rs. 4,610.00 Rs. 2,996.50","Make your day glorious in this printed two-piece from the latest unstitched summer collection.
Product Detail:
Mughal Motifs In Printed Form Shirt with Dupatta
SHIRT
Printed Super Fine Lawn Shirt: 3 Meter
Fabric: Lawn
Color: Black
DUPATTA
Digital Printed Crinkle Chiffon Dupatta: 2.5 Meter
Fabric: Crinkle Chiffon
Color: Black
Note:
Product color may slightly vary due to photographic lighting sources or your device settings.",https://nishatlinen.com/collections/women/products/42401780,"image_3_82_1.jpg, image_3_82_2.jpg, image_3_82_3.jpg"
3 Piece - Printed Embroidered Suit - 42401818,"Rs. 9,740.00 Rs. 6,331.00","Make your day marvelous by wearing this printed embroidered three-piece from the latest unstitched summer collection.
Product Detail:
Floral Bunch Dupatta With Textured Style Shirt with Trousers
SHIRT
Printed Super Fine Lawn Shirt: 3 Meter
Embroidered Front + Sleeves
Fabric: Lawn
Color: Light Blue
DUPATTA
Embroidered Organza Dupatta: 2.5 Meter
Fabric: Organza
Color: Light Blue
TROUSERS
Solid Cambric Trousers: 2.5 Meter
Fabric: Cambric
Color: Light Blue
Note:
Product color may slightly vary due to photographic lighting sources or your device settings.",https://nishatlinen.com/products/42401818,"image_3_83_1.jpg, image_3_83_2.jpg, image_3_83_3.jpg"
Embroidered Trousers - PE24-396 - XS,"Rs. 2,460.00 Rs. 1,476.00","Add a touch of cool affection to your everyday look with this embroidered trousers from the latest pret summer collection.
Product Detail
Embroidered Trousers
Trousers
Loose Straight Trousers With Embroidered Hem
Fabric: Cambric
Color: Black
Note:
Product color may vary slightly due to photographic lighting sources or monitor settings.",https://nishatlinen.com/products/pe24-396,"image_3_84_1.jpg, image_3_84_2.jpg, image_3_84_3.jpg"
3 Piece - Gold Printed Embroidered Suit - 42401860,"Rs. 7,690.00 Rs. 4,998.50","Refresh your wardrobe with this gold printed embroidered three-piece from the latest unstitched summer collection.
Product Detail:
Ethnic Style Shirt with Dupatta and Trousers
SHIRT
Gold Paste Printed Super Fine Lawn Shirt: 3 Meter
Embroidered Neckline + Motifs
Fabric: Lawn
Color: Brown
DUPATTA
Gold Paste Printed Voile Dupatta: 2.5 Meter
Fabric: Voile
Color: Brown
TROUSERS
Solid Cambric Trousers: 2.5 Meter
Fabric: Cambric
Color: Brown
Note:
Product color may slightly vary due to photographic lighting sources or your device settings.",https://nishatlinen.com/collections/women/products/42401860,"image_3_85_1.jpg, image_3_85_2.jpg, image_3_85_3.jpg"
1 Piece - Digital Printed Loose Fabric - 42403201 - Shirt / 3 / 3,Rs. 830.00 Rs. 540.00,"Effortlessly capture hearts with our digital printed one-piece from the latest freedom to buy summer collection.
Product Detail:
Paisley Flower Printed Style Shirt 
SHIRT
Shirt: 3 Meter (RS 830/-Mtr)
Fabric: Dobby Lawn
Color: Off White

Note:
Product color may slightly vary due to photographic lighting sources or your device settings.",https://nishatlinen.com/products/42403201,"image_3_86_1.jpg, image_3_86_2.jpg, image_3_86_3.jpg"
2 Piece - Dyed Embroidered Suit - 42401730,"Rs. 5,640.00 Rs. 3,666.00","Wear this most influential mustard dyed embroidered two-piece from the latest unstitched summer collection.
Product Detail:
Shirt with Trousers
SHIRT
Solid Cambric Shirt: 3 Meter
Embroidered Front + Border
Fabric: Cambric
Color: Mustard
TROUSERS
Solid Cambric Trousers: 2.5 Meter
Fabric: Cambric
Color: Mustard
Note:
Product color may slightly vary due to photographic lighting sources or your device settings.",https://nishatlinen.com/products/42401730,"image_3_87_1.jpg, image_3_87_2.jpg, image_3_87_3.jpg"
3 Piece - Printed Loose Fabric - 42403012 - Dupatta / 2.5 / 2.5,Rs. 670.00 Rs. 436.00,"Elevate your style with our printed three-piece from the latest freedom to buy summer collection.
Product Detail:
Abstract Ethnic Printed Style Shirt with Dupatta and Trousers
SHIRT
Shirt: 3 Meter (RS 730/-Mtr)
Fabric: Lawn
Color: Black
DUPATTA
Dupatta: 2.5 Meter (RS 750/-Mtr)
Fabric: Voile
Color: Pink & Black
TROUSERS
Trousers: 2.5 Meter (RS 650/-Mtr)
Fabric: Cambric
Color: Black
Note:
Product color may slightly vary due to photographic lighting sources or your device settings.",https://nishatlinen.com/collections/women/products/42403012,"image_3_88_1.jpg, image_3_88_2.jpg, image_3_88_3.jpg"
2 Piece - Embroidered Suit - PE24-134 - XS,"Rs. 6,660.00 Rs. 3,996.00","Find the perfect look for you with this embroidered two-piece suit from the latest pret summer collection.
Product Detail
Embroidered Shirt With Dupatta
Shirt
Round Neckline With Pearl Detail, Organza Embroidered Sleeves
Fabric: Lawn
Color: Grey
Dupatta
Tassels Detail At Corners
Fabric: Cambric
Color: Grey
Note:
Product color may vary slightly due to photographic lighting sources or monitor settings.",https://nishatlinen.com/products/pe24-134,"image_3_89_1.jpg, image_3_89_2.jpg, image_3_89_3.jpg"
3 Piece - Printed Suit - 42401849,"Rs. 6,150.00 Rs. 3,997.50","Become the ultimate trendsetter with our stylish printed three-piece from the latest unstitched summer collection.
Product Detail:
Block Print Style Shirt with Dupatta and Trousers
SHIRT
Printed Lawn Shirt: 3 Meter
Fabric: Lawn
Color: Deep Blue
DUPATTA
Digital Printed Zari Lawn Dupatta: 2.5 Meter
Fabric: Zari Lawn
Color: Deep Blue
TROUSERS
Dyed Cambric Trousers: 2.5 Meter
Fabric: Cambric
Color: Deep Blue
Note:
Product color may slightly vary due to photographic lighting sources or your device settings.",https://nishatlinen.com/products/42401849,"image_3_90_1.jpg, image_3_90_2.jpg, image_3_90_3.jpg"
2 Piece - Dyed Embroidered Suit - 42401730,"Rs. 5,640.00 Rs. 3,666.00","Wear this most influential mustard dyed embroidered two-piece from the latest unstitched summer collection.
Product Detail:
Shirt with Trousers
SHIRT
Solid Cambric Shirt: 3 Meter
Embroidered Front + Border
Fabric: Cambric
Color: Mustard
TROUSERS
Solid Cambric Trousers: 2.5 Meter
Fabric: Cambric
Color: Mustard
Note:
Product color may slightly vary due to photographic lighting sources or your device settings.",https://nishatlinen.com/collections/women/products/42401730,"image_3_91_1.jpg, image_3_91_2.jpg, image_3_91_3.jpg"
1 Piece - Digital Printed Loose Fabric - 42403063 - Shirt / 3 / 3,Rs. 830.00 Rs. 540.00,"Look gorgeous effortlessly by wearing this digital printed one-piece from the latest freedom to buy summer collection.
Product Detail:
Floral Printed Styles Shirt
SHIRT
Shirt: 3 Meter (RS 1090/-Mtr)
Fabric: Lurix Stripe
Color: Tea Pink

Note:
Product color may slightly vary due to photographic lighting sources or your device settings.",https://nishatlinen.com/collections/women/products/42403063,"image_3_92_1.jpg, image_3_92_2.jpg, image_3_92_3.jpg"
3 Piece - Digital Printed Embroidered Suit - 42401967,"Rs. 9,740.00 Rs. 6,331.00","Look gorgeous effortlessly by wearing this digital printed embroidered three-piece from the latest unstitched summer collection.
Product Detail:
Floral With Laces Style Shirt with Dupatta and Trousers
SHIRT
Digital Printed Chicken Kari Shirt: 3 Meter
Fabric: Chicken Kari
Color: White & Blue
DUPATTA
Digital Printed Voile Dupatta: 2.5 Meter
Fabric: Voile
Color: White & Blue
TROUSERS
Solid Cambric Trousers: 2.5 Meter
Fabric: Cambric
Color: White
Note:
Product color may slightly vary due to photographic lighting sources or your device settings.",https://nishatlinen.com/products/42401967,"image_3_93_1.jpg, image_3_93_2.jpg, image_3_93_3.jpg"
3 Piece - Printed Loose Fabric - 42403150 - Trouser / 2.5 / 2.5,Rs. 750.00 Rs. 488.00,"Radiate confidence and charm with this printed three-piece from the latest freedom to buy summer collection.
Product Detail:
Embellished Patterns Printed Style Shirt with Dupatta and Trousers
SHIRT
Shirt: 3 Meter (RS 730/-Mtr)
Fabric: Lawn
Color: Green
DUPATTA
Dupatta: 2.5 Meter (RS 750/-Mtr)
Fabric: Voile
Color: Green
TROUSERS
Trousers: 2.5 Meter (RS 690/-Mtr)
Fabric: Cambric
Color: Green
Note:
Product color may slightly vary due to photographic lighting sources or your device settings.",https://nishatlinen.com/collections/women/products/42403150,"image_3_94_1.jpg, image_3_94_2.jpg, image_3_94_3.jpg"
3 piece - Dyed Embroidered Suit - 42401332,"Rs. 12,820.00 Rs. 8,333.00","Look fabulous by wearing this dyed embroidered three-piece from the latest unstitched summer collection.
Product Detail:
Shirt with Dupatta and Trousers
SHIRT
Dyed Embroidered Swiss Lawn Center Panel
Dyed Embroidered Swiss Lawn Right + Left Panel
Dyed Embroidered Swiss Lawn Back
Embroidered Organza Sleeves Patch: 1 Meter
Fabric: Swiss Lawn
Color: White
DUPATTA
Printed Swiss Voile Dupatta
Fabric: Swiss Voile
Color: Sky Blue
TROUSERS
Dyed Cambric Trousers: 2.5 Meter
Fabric: Cambric
Color: White
Note:
Product color may slightly vary due to photographic lighting sources or your device settings.",https://nishatlinen.com/collections/women/products/42401332,"image_3_95_1.jpg, image_3_95_2.jpg, image_3_95_3.jpg"
3 Piece - Printed Suit - 42402117,"Rs. 4,990.00 Rs. 3,992.00","Add color to your day events with this printed three-piece from the latest unstitched summer collection.
Product Detail:
Cross Stitch Printed Style Shirt with Dupatta and Trousers
SHIRT
Printed Lawn Shirt: 3 Meter
Fabric: Lawn
Color: Yellow
DUPATTA
Printed Doriya Dupatta: 2.5 Meter
Fabric: Doriya
Color: Yellow
TROUSERS
Solid Cambric Trousers: 2.5 Meter
Fabric: Cambric
Color: Yellow
Note:
Product color may slightly vary due to photographic lighting sources or your device settings.",https://nishatlinen.com/products/42402117,"image_3_96_1.jpg, image_3_96_2.jpg, image_3_96_3.jpg"
2 Piece - Printed Suit - PS24-286 - XS,"Rs. 4,820.00 Rs. 2,892.00","Create a dreamy look with this printed two-piece suit from the latest pret summer collection.
Product Detail
Printed Kurta With Trousers
Kurta
Round Neckline With Piping, Sides Panel Detail, Printed Kurta
Fabric: Cambric
Color: Peach
Trousers
Straight Trousers
Fabric: Cambric
Color: Peach
Note:
Product color may vary slightly due to photographic lighting sources or monitor settings.",https://nishatlinen.com/products/ps24-286,"image_3_97_1.jpg, image_3_97_2.jpg, image_3_97_3.jpg"
2 Piece - Embroidered Suit - PE24-72 - XS,"Rs. 6,150.00 Rs. 3,690.00","Elevate your style game in this embroidered two-piece suit from the latest pret summer collection.
Product Detail
Embroidered Shirt With Trousers
Shirt
Round Neckline With Slit & Piping, Embroidered Front & Sleeves
Fabric: Cambric
Color: Beige
Trousers
Straight Trousers
Fabric: Cambric
Color: Beige
Note:
Product color may vary slightly due to photographic lighting sources or monitor settings.",https://nishatlinen.com/collections/women/products/pe24-72,"image_3_98_1.jpg, image_3_98_2.jpg, image_3_98_3.jpg"
3 Piece - Printed Loose Fabric - 42403275 - Shirt / 3 / 3,Rs. 455.00 - Rs. 527.00,"Illuminate your presence with this printed three-piece from the latest freedom to buy summer collection.
Product Detail:
Decorative Printed Style Shirt with Dupatta and Trousers
SHIRT
Shirt: 3 Meter (RS 750/-Mtr)
Fabric: Lawn
Color: Grey
DUPATTA
Dupatta: 2.5 Meter (RS 780/-Mtr)
Fabric: Voile
Color: Grey
TROUSERS
Trousers: 2.5 Meter (RS 680/-Mtr)
Fabric: Cambric
Color: ﻿Grey
Note:
Product color may slightly vary due to photographic lighting sources or your device settings.",https://nishatlinen.com/products/42403275,"image_3_99_1.jpg, image_3_99_2.jpg, image_3_99_3.jpg"
1 Piece - Digital Printed Loose Fabric - 42403279 - Shirt / 3 / 3,Rs. 455.00 - Rs. 527.00,"Elevate your appearance with this stunning digital Printed one-piece from the latest freedom to buy summer collection.
Product Detail:
Ethnic Printed Style Shirt
SHIRT
Shirt: 3 Meter (RS 850/-Mtr)
Fabric: Dobby Lawn
Color: Green
Note:
Product color may slightly vary due to photographic lighting sources or your device settings.",https://nishatlinen.com/collections/women/products/42403279,"image_3_100_1.jpg, image_3_100_2.jpg, image_3_100_3.jpg"
PS24-380-Basic Tights - XS,"Rs. 1,430.00 Rs. 1,144.00","Look your best by wearing this basic tights from the summer collection to pair with any dress. 
Product Detail
Basic Tights

Tights
Fabric: 100% Cotton
Color: Black

Note:
Product color may slightly vary due to photographic lighting sources or your device settings",https://nishatlinen.com/collections/women/products/ps24-380,image_3_101_1.jpg
3 Piece - Digital Printed Suit - 42401554,"Rs. 8,200.00 Rs. 5,330.00","Drape yourself in class and make epitome of elegance with this digital printed three-piece from the latest unstitched summer collection.
Product Detail:
Watercolor Chintz With Paisleys Style Shirt with Dupatta and Trousers
SHIRT
Digital Printed Brochia Jacquard Shirt: 3 Meter
Fabric: Jacquard
Color: White
DUPATTA
Digital Printed Brochia Jacquard Dupatta: 2.5 Meter
Fabric: Jacquard
Color: White
TROUSERS
Dyed Cambric Trousers: 2.5 Meter
Fabric: Cambric
Color: ﻿White
Note:
Product color may slightly vary due to photographic lighting sources or your device settings.",https://nishatlinen.com/products/42401554,"image_3_102_1.jpg, image_3_102_2.jpg, image_3_102_3.jpg"
3 Piece - Printed Suit - 42401811,"Rs. 6,660.00 Rs. 4,329.00","Glow-up for evening events by wearing this printed three-piece from the latest unstitched summer collection.
Product Detail:
Floral Printed Style Shirt with Dupatta and Trousers
SHIRT
Printed Super Fine Lawn Shirt: 3 Meter
Fabric: Lawn
Color: Light Green
DUPATTA
Digital Printed Crinkle Chiffon Dupatta: 2.5 Meter
Fabric: Crinkle Chiffon
Color: Light Green
TROUSERS
Printed Cambric Trousers: 2.5 Meter
Fabric: Cambric
Color: Light Green
Note:
Product color may slightly vary due to photographic lighting sources or your device settings.",https://nishatlinen.com/collections/women/products/42401811,"image_3_103_1.jpg, image_3_103_2.jpg, image_3_103_3.jpg"
1 Piece - Digital Printed Loose Fabric - 42403195 - Shirt / 3 / 3,Rs. 830.00 Rs. 540.00,"Make a regal impression with this digital printed one-piece from the latest freedom to buy summer collection.
Product Detail:
Leafy Printed Style Shirt 
SHIRT
Shirt: 3 Meter (RS 830/-Mtr)
Fabric: Dobby Lawn
Color: Brown

Note:
Product color may slightly vary due to photographic lighting sources or your device settings.",https://nishatlinen.com/products/42403195,"image_3_104_1.jpg, image_3_104_2.jpg, image_3_104_3.jpg"
3 Piece - Printed Suit - 42401658,"Rs. 5,640.00 Rs. 3,666.00","Become the ultimate trendsetter with our printed three-piece from the latest unstitched summer collection.
Product Detail:
Blue Floral Patterns In Printed Form Shirt with Dupatta and Trousers
SHIRT
Printed Super Fine Lawn Shirt: 3 Meter
Fabric: Lawn
Color: Light Blue
DUPATTA
Digital Printed Muzlin Dupatta: 2.5 Meter
Fabric: Muzlin
Color: Light Blue
TROUSERS
Dyed Cambric Trousers: 2.5 Meter
Fabric: Cambric
Color: ﻿Light Blue
Note:
Product color may slightly vary due to photographic lighting sources or your device settings.",https://nishatlinen.com/collections/women/products/42401658,"image_3_105_1.jpg, image_3_105_2.jpg, image_3_105_3.jpg"
3 Piece - Printed Suit - 42401663,"Rs. 5,640.00 Rs. 3,666.00","Adorn grace with this printed three-piece from the latest unstitched summer collection.
Product Detail:
Mughal Motifs In Printed Form Style Shirt with Dupatta and Trousers
SHIRT
Printed Super Fine Lawn Shirt: 3 Meter
Fabric: Lawn
Color: Light Pink
DUPATTA
Digital Printed Muzlin Dupatta: 2.5 Meter
Fabric: Muzlin
Color: Red
TROUSERS
Dyed Cambric Trousers: 2.5 Meter
Fabric: Cambric
Color: White
Note:
Product color may slightly vary due to photographic lighting sources or your device settings.",https://nishatlinen.com/products/42401663,"image_3_106_1.jpg, image_3_106_2.jpg, image_3_106_3.jpg"
3 Piece - Gold Printed Loose Fabric - 42403312 - Dupatta / 2.5 / 2.5,Rs. 880.00 Rs. 572.00,"Elevate your style game in gold printed three-piece from the latest freedom to buy summer collection.
Product Detail:
Banarsi Prints Style Shirt with Dupatta and Trousers 
SHIRT
Shirt: 3 Meter (RS 800/-Mtr)
Fabric: Lawn
Color: Maroon
DUPATTA
Dupatta: 2.5 Meter (RS 850/-Mtr)
Fabric: Voile
Color: Maroon
TROUSERS
Trousers: 2.5 Meter (RS 680/-Mtr)
Fabric: Cambric
Color: Maroon
Note:
Product color may slightly vary due to photographic lighting sources or your device settings.",https://nishatlinen.com/collections/women/products/42403312,"image_3_107_1.jpg, image_3_107_2.jpg, image_3_107_3.jpg"
3 Piece - Gold Printed Suit - 42401388,"Rs. 6,660.00 Rs. 4,329.00","Step into a world of ethereal beauty with this gold printed three-piece from the latest unstitched summer collection.
Product Detail:
Mughal Printed Style Style Shirt with Dupatta and Trousers
SHIRT
Gold Printed Super Fine Lawn Shirt: 3 Meter
Fabric: Lawn
Color: Burnt Orange
DUPATTA
Digital Printed Maysuri Dupatta: 2.5 Meter
Fabric: Maysuri
Color: Burnt Orange
TROUSERS
Dyed Cambric Trousers: 2.5 Meter
Fabric: Cambric
Color: Burnt Orange
Note:
Product color may slightly vary due to photographic lighting sources or your device settings.",https://nishatlinen.com/collections/women/products/42401388,"image_3_108_1.jpg, image_3_108_2.jpg, image_3_108_3.jpg"
3 Piece - Printed Loose Fabric - 42403040 - Dupatta / 2.5 / 2.5,Rs. 670.00 Rs. 436.00,"Adorn grace with this printed three-piece from the latest freedom to buy summer collection.
Product Detail:
Leaf Patterns with Textured Base Printed Style Shirt with Dupatta and Trousers
SHIRT
Shirt: 3 Meter (RS 730/-Mtr)
Fabric: Lawn
Color: Magenta
DUPATTA
Dupatta: 2.5 Meter (RS 750/-Mtr)
Fabric: Voile
Color: Magenta
Note: Gown used in Shoot is Dupatta
TROUSERS
Trousers: 2.5 Meter (RS 650/-Mtr)
Fabric: Cambric
Color: ﻿Magenta
Note:
Product color may slightly vary due to photographic lighting sources or your device settings.",https://nishatlinen.com/collections/women/products/42403040,"image_3_109_1.jpg, image_3_109_2.jpg, image_3_109_3.jpg"
Embroidered Shirt - PS24-61 - XS,"Rs. 3,790.00 Rs. 2,274.00","Celebrate the timeless charm by wearing this contemporary embroidered shirt from the latest pret summer collection.
Product Detail
Embroidered Shirt
Shirt
Round Neckline with Slit, Gathers on Sleeves & Below Embroidered Yoke
Fabric: Cambric
Color: Sky Blue
Note:
Product color may vary slightly due to photographic lighting sources or monitor settings.",https://nishatlinen.com/collections/women/products/ps24-61,"image_3_110_1.jpg, image_3_110_2.jpg, image_3_110_3.jpg"
2 Piece - Embroidered Suit - PS24-91 - XS,"Rs. 6,150.00 Rs. 3,690.00","Embrace glamour & shine like a star with this embroidered two-piece suit from the latest pret summer collection. 
Product Detail
Embroidered Shirt With Trousers
Shirt
Band Neckline With Piping, Embroidered Front & Sleeves
Fabric: Cambric
Color: Parrot Green
Trousers
Straight Trousers
Fabric: Cambric
Color: Parrot Green
Note:
Product color may vary slightly due to photographic lighting sources or monitor settings.",https://nishatlinen.com/collections/women/products/ps24-91,"image_3_111_1.jpg, image_3_111_2.jpg, image_3_111_3.jpg"
3 Piece - Yarn Dyed Embroidered Suit - 42401978,"Rs. 13,330.00 Rs. 8,664.50","Make your catchy with this wonderful yarn dyed embroidered three-piece from the latest unstitched summer collection.
Product Detail:
Banarsi Style Shirt with Dupatta and Trousers
SHIRT
Yarn Dyed Banarsi Shirt: 3 Meter
Embroidered Front + Motifs + Border
Fabric: Banarsi
Color: Maroon
DUPATTA
Banarsi Jacquard Dupatta: 2.5 Meter
Fabric: Jacquard
Color: Maroon
TROUSERS
Yarn Dyed Banarsi Trousers: 2.5 Meter
Fabric: Banarsi
Color: Maroon
Note:
Product color may slightly vary due to photographic lighting sources or your device settings.",https://nishatlinen.com/collections/women/products/42401978,"image_3_112_1.jpg, image_3_112_2.jpg, image_3_112_3.jpg"
1 Piece - Gold & White Paste Printed Loose Fabric - 42403362 - Dupatta / 2.5 / 2.5,Rs. 880.00 Rs. 572.00,"Brighten up your wardrobe with this gold & white paste printed one-piece from the latest freedom to buy summer collection.
Product Detail:
Checks Printed Style Dupatta
Dupatta
Dupatta: 2.5 Meter (RS 850/-Mtr)
Fabric: Voile
Color: Black
Note:
Product color may slightly vary due to photographic lighting sources or your device settings.",https://nishatlinen.com/products/42403362,"image_3_113_1.jpg, image_3_113_2.jpg, image_3_113_3.jpg"
3 Piece - Printed Suit - 42401215,"Rs. 7,690.00 Rs. 4,998.50","Experience the sublime beauty of nature with this printed three-piece from the latest unstitched summer collection.
Product Detail:
Abstract Floral Arrangement Printed Style Shirt with Dupatta and Trousers
SHIRT
Printed Super Fine Lawn Shirt: 3 Meter
Fabric: Lawn
Color: Light Yellow
DUPATTA
Yarn Dyed Dupatta: 2.5 Meter
Fabric: Yarn Dyed
Color: Light Yellow
TROUSERS
Printed Cambric Trousers: 2.5 Meter
Fabric: Cambric
Color: ﻿Light Yellow
Note:
Product color may slightly vary due to photographic lighting sources or your device settings.",https://nishatlinen.com/collections/women/products/42401215,"image_3_114_1.jpg, image_3_114_2.jpg, image_3_114_3.jpg"
Basic Shirt - PS24-03 - XS,"Rs. 4,310.00 Rs. 2,586.00","Exude strength and resilience with this basic shirt from the latest pret pre summer collection.
Product Detail
Basic Shirt
Shirt
Round Neckline With Adda Work Detail On Placket, U Shaped Yoke With Pintucks Detail, Pleats Detail On Sleeves
Fabric: Jacquard
Color: Baby Pink
Note:
Product color may vary slightly due to photographic lighting sources or monitor settings.",https://nishatlinen.com/products/ps24-03,"image_3_115_1.jpg, image_3_115_2.jpg, image_3_115_3.jpg"
2-Piece - Printed Suit  - PS24-314 - XS,"Rs. 4,890.00 Rs. 2,934.00","Make your day magnificent by wearing this printed two-piece suit from the latest pret summer collection. 
Product Detail
Printed Shirt With Trousers
Shirt
Round Neckline With Placket, Lace Detail At Sleeves Edges, Long Shirt
Fabric: Cambric
Color: Pink
Trousers
Printed Trousers
Fabric: Cambric
Color: Pink
Note:
Product color may vary slightly due to photographic lighting sources or monitor settings.",https://nishatlinen.com/collections/women/products/ps24-314,"image_3_116_1.jpg, image_3_116_2.jpg, image_3_116_3.jpg"
3 Piece - Digital Printed Embroidered Suit - 42401783,"Rs. 8,200.00 Rs. 5,330.00","Make your day memorable with this graceful digital printed embroidered three-piece from the latest unstitched summer collection.
Product Detail:
Decorative Style Shirt with Dupatta and Trousers
SHIRT
Digital Printed Super Fine Lawn Shirt: 3 Meter
Embroidered Neckline + Motifs + Border
Fabric: Lawn
Color: Magenta
DUPATTA
Digital Printed Silk Dupatta: 2.5 Meter
Fabric: Silk
Color: Magenta
TROUSERS
Solid Cambric Trousers: 2.5 Meter
Fabric: Cambric
Color: Off White
Note:
Product color may slightly vary due to photographic lighting sources or your device settings.",https://nishatlinen.com/products/42401783,"image_3_117_1.jpg, image_3_117_2.jpg, image_3_117_3.jpg"
2 Piece - Printed Embroidered Suit - 42401714,"Rs. 5,640.00 Rs. 3,666.00","Dress up like a princess with this printed embroidered two-piece from the latest unstitched summer collection.
Product Detail:
Kashmiri Prints Style Shirt with Dupatta
SHIRT
Printed Super Fine Lawn Shirt: 3 Meter
Embroidered Neckline + Border
Fabric: Lawn
Color: Pink
DUPATTA
Digital Printed Zari Chiffon Dupatta: 2.5 Meter
Fabric: Chiffon
Color: Pink
Note:
Product color may slightly vary due to photographic lighting sources or your device settings.",https://nishatlinen.com/products/42401714,"image_3_118_1.jpg, image_3_118_2.jpg, image_3_118_3.jpg"
3 Piece - Printed Embroidered Suit - 42401822,"Rs. 9,990.00 Rs. 6,493.50","Make your day magnificent by wearing this printed embroidered three-piece from the latest unstitched summer collection.
Product Detail:
Floral Embroidered Dupatta With Textured Shirt and Trousers
SHIRT
Printed Super Fine Lawn Shirt: 3 Meter
Embroidered Front + Sleeves
Fabric: Lawn
Color: Purple Orchid
DUPATTA
Embroidered Organza Dupatta: 2.5 Meter
Fabric: Organza
Color: Purple Orchid
TROUSERS
Solid Cambric Trousers: 2.5 Meter
Fabric: Cambric
Color: Purple Orchid
Note:
Product color may slightly vary due to photographic lighting sources or your device settings.",https://nishatlinen.com/products/42401822,"image_3_119_1.jpg, image_3_119_2.jpg, image_3_119_3.jpg"
Embroidered Trousers - PS24-167 - XS,"Rs. 2,770.00 Rs. 1,662.00","Enhance your attire with this embroidered trousers from the latest pret summer collection. 
Product Detail
Embroidered Trousers 
Trousers
Loose Straight Trousers With Embroidered Hem
Fabric: Cambric
Color: White
Note:
Product color may vary slightly due to photographic lighting sources or monitor settings.",https://nishatlinen.com/products/ps24-167,"image_3_120_1.jpg, image_3_120_2.jpg, image_3_120_3.jpg"
3 Piece - Printed Loose Fabric - 42403115 - Shirt / 3 / 3,Rs. 830.00 Rs. 540.00,"Be an epitome of class in this printed three-piece from the latest freedom to buy summer collection.
Product Detail:
Modern Floral Bunches Printed Style Shirt with Dupatta and Trousers
SHIRT
Shirt: 3 Meter (RS 730/-Mtr)
Fabric: Lawn
Color: Green
Note: Fabric used in shoot for trousers is shirt fabric
DUPATTA
Dupatta: 2.5 Meter (RS 750/-Mtr)
Fabric: Voile
Color: Green
Note: Fabric used in shoot for shirt is dupatta fabric
TROUSERS
Trousers: 2.5 Meter (RS 650/-Mtr)
Fabric: Cambric
Color: Green
Note:
Product color may slightly vary due to photographic lighting sources or your device settings.",https://nishatlinen.com/products/42403115,"image_3_121_1.jpg, image_3_121_2.jpg, image_3_121_3.jpg"
3 Piece - Silver & Gold Paste Printed Embroidered Suit - 42401897,"Rs. 8,720.00 Rs. 5,668.00","Design your elegance, and define your style with silver & gold paste printed embroidered three-piece from the latest unstitched summer collection.
Product Detail:
Geometric Rug Patterns Style Shirt with Dupatta and Trousers
SHIRT
Gold & Silver Paste Printed Super Fine Lawn Shirt: 3 Meter
Embroidered Neckline + Motifs
Fabric: Lawn
Color: Purple
DUPATTA
Gold & Silver Paste Printed Lawn Dupatta: 2.5 Meter
Fabric: Lawn
Color: Purple
TROUSERS
Dyed Cambric Trousers: 2.5 Meter
Fabric: Cambric
Color: ﻿Purple
Note:
Product color may slightly vary due to photographic lighting sources or your device settings.",https://nishatlinen.com/collections/women/products/42401897,"image_3_122_1.jpg, image_3_122_2.jpg, image_3_122_3.jpg"
Embroidered Shirt - PE24-110 - XS,"Rs. 6,150.00 Rs. 3,690.00","Go ahead and update your wardrobe with this embroidered shirt from the latest pret summer collection. 
Product Detail
Embroidered Shirt
Shirt
Round Neckline With Piping & Slit, Embroidered Neckline
Fabric: Jacquard
Color: Beige
Note:
Product color may vary slightly due to photographic lighting sources or monitor settings.",https://nishatlinen.com/products/pe24-110,"image_3_123_1.jpg, image_3_123_2.jpg, image_3_123_3.jpg"
3 Piece - Printed Loose Fabric - 42403006 - Shirt / 3 / 3,Rs. 670.00 Rs. 436.00,"Grace and elegance are intertwined in this printed three-piece from the latest freedom to buy summer collection.
Product Detail:
Floral Vines Printed Style Shirt with Dupatta and Trousers
SHIRT
Shirt: 3 Meter (RS 730/-Mtr)
Fabric: Lawn
Color: Light Green
DUPATTA
Dupatta: 2.5 Meter (RS 750/-Mtr)
Fabric: Voile
Color: Light Green
TROUSERS
Trousers: 2.5 Meter (RS 650/-Mtr)
Fabric: Cambric
Color: ﻿Light Green
Note:
Product color may slightly vary due to photographic lighting sources or your device settings.",https://nishatlinen.com/products/42403006,"image_3_124_1.jpg, image_3_124_2.jpg, image_3_124_3.jpg"
1 Piece - Digital Printed Loose Fabric - 42403062 - Shirt / 3 / 3,Rs. 830.00 Rs. 540.00,"Look gorgeous effortlessly by wearing this digital printed one-piece from the latest freedom to buy summer collection.
Product Detail:
Floral Printed Style Shirt 
SHIRT
Shirt: 3 Meter (RS 1090/-Mtr)
Fabric: Lurix Stripe
Color: Off White

Note:
Product color may slightly vary due to photographic lighting sources or your device settings.",https://nishatlinen.com/collections/women/products/42403062,"image_3_125_1.jpg, image_3_125_2.jpg, image_3_125_3.jpg"
2 Piece - Printed Suit - 42401637,"Rs. 3,590.00 Rs. 2,333.50","Preserve your beautiful memories by wearing this printed two-piece from the latest unstitched summer collection.
Product Detail:
Allover Floral Jaal Printed Style Shirt with Dupatta
SHIRT
Printed Super Fine Lawn Shirt: 3 Meter
Fabric: Lawn
Color: Black
DUPATTA
Digital Printed Crinkle Chiffon Dupatta: 2.5 Meter
Fabric: Crinkle Chiffon
Color: ﻿Black
Note:
Product color may slightly vary due to photographic lighting sources or your device settings.",https://nishatlinen.com/products/42401637,"image_3_126_1.jpg, image_3_126_2.jpg, image_3_126_3.jpg"
2 Piece - Printed Dress - FE24-77 - XS,"Rs. 13,330.00 Rs. 7,998.00","Embody the spirit of sophistication in this printed two-piece dress from the latest pret summer collection.   
Product Detail
Printed Dress With Slip
Dress
Round Neckline With Buttons Detail On Piping, Square Armhole Sleeves With Lace Detail
Fabric: Jacquard
Color: Red
Slip
Fabric: Jacquard
Color: Red
Note:
Product color may vary slightly due to photographic lighting sources or monitor settings.",https://nishatlinen.com/products/fe24-77,"image_3_127_1.jpg, image_3_127_2.jpg, image_3_127_3.jpg"
2 Piece - Printed Suit With Laces - 42401603,"Rs. 5,130.00 Rs. 3,334.50","Make your catchy with this wonderful printed two-piece from the latest unstitched summer collection.
Product Detail:
Laces With Embroidery Floral Printed Style Shirt with Dupatta
SHIRT
Printed Super Fine Lawn Shirt: 3 Meter
1 Lace: 1.25 Meter
1 Lace: 2.5 Meter
Fabric: Lawn
Color: White
DUPATTA
Digital Printed Banarsi Slub Dupatta: 2.5 Meter
Fabric: Banarsi Slub
Color: ﻿White
Note:
Product color may slightly vary due to photographic lighting sources or your device settings.",https://nishatlinen.com/collections/women/products/42401603,"image_3_128_1.jpg, image_3_128_2.jpg, image_3_128_3.jpg"
2 Piece - Digital Printed Suit - 42401108,"Rs. 4,820.00 Rs. 3,133.00","Threads that resonate with elegance digital printed two-piece from the latest unstitched summer collection.
Product Detail:
Floral Printed Style Shirt with Dupatta
SHIRT
Digital Printed Super Fine Lawn Shirt: 3 Meter
Fabric: Lawn
Color: Tea Pink & Blue
DUPATTA
Digital Printed Zari Monar Dupatta: 2.5 Meter
Fabric: Zari Monar
Color: ﻿Tea Pink & Blue
Note:
Product color may slightly vary due to photographic lighting sources or your device settings.",https://nishatlinen.com/collections/women/products/42401108,"image_3_129_1.jpg, image_3_129_2.jpg, image_3_129_3.jpg"
2 Piece - Printed Suit - 42401724,"Rs. 3,070.00 Rs. 1,995.50","For a classy look adorn printed two-piece from the latest unstitched summer collection.
Product Detail:
Ethnic Floral Mix Prints Style Shirt with Dupatta
SHIRT
Printed Super Fine Lawn Shirt: 3 Meter
Fabric: Lawn
Color: White
DUPATTA
Printed Voile Dupatta: 2.5 Meter
Fabric: Voile
Color: White
Note:
Product color may slightly vary due to photographic lighting sources or your device settings.",https://nishatlinen.com/products/42401724,"image_3_130_1.jpg, image_3_130_2.jpg, image_3_130_3.jpg"
2 Piece - Printed Suit - PS24-308 - XS / S,"Rs. 4,820.00 Rs. 2,892.00","Add a flair of style to your look with this printed two-piece suit from the latest pret summer collection.
Product Detail
Printed Shirt With Trousers
Shirt
Round Neckline With Tassels Detail On Placket, Printed Shirt
Fabric: Cambric
Color: Beige
Trousers
Straight Trousers
Fabric: Cambric
Color: Beige
Note:
Product color may vary slightly due to photographic lighting sources or monitor settings.",https://nishatlinen.com/products/ps24-308,"image_3_131_1.jpg, image_3_131_2.jpg, image_3_131_3.jpg"
1 Piece - Digital Printed Loose Fabric - 42403103 - Shirt / 3 / 3,Rs. 670.00 Rs. 436.00,"Radiate elegance under the summer moonlight with our chic, digital printed one-piece from the latest freedom to buy summer collection.
Product Detail:
Floral Silhouettes Printed Style Shirt
SHIRT
Shirt: 3 Meter (RS 1090/-Mtr)
Fabric: Fancy Strip
Color: Off White
Note:
Product color may slightly vary due to photographic lighting sources or your device settings.",https://nishatlinen.com/products/42403103,"image_3_132_1.jpg, image_3_132_2.jpg, image_3_132_3.jpg"
3 Piece - Printed Embroidered Suit - 42402135,"Rs. 10,490.00 Rs. 8,392.00","Uplift your look with this printed embroidered three-piece from the latest unstitched summer collection.
Product Detail:
Paisleys Style Shirt with Dupatta and Trousers
SHIRT
Printed Cambric Shirt: 3 Meter
Embroidered Front + Border
Fabric: Cambric
Color: Light Peach
DUPATTA
Printed Fancy Brochia Dupatta: 2.5 Meter
Fabric: Fancy Brochia
Color: Light Peach
TROUSERS
Solid Cambric Trousers: 2.5 Meter
Fabric: Cambric
Color: Light Peach
Note:
Product color may slightly vary due to photographic lighting sources or your device settings.",https://nishatlinen.com/products/42402135,"image_3_133_1.jpg, image_3_133_2.jpg, image_3_133_3.jpg"
3 Piece - Printed Embroidered Suit - 42401822,"Rs. 9,990.00 Rs. 6,493.50","Make your day magnificent by wearing this printed embroidered three-piece from the latest unstitched summer collection.
Product Detail:
Floral Embroidered Dupatta With Textured Shirt and Trousers
SHIRT
Printed Super Fine Lawn Shirt: 3 Meter
Embroidered Front + Sleeves
Fabric: Lawn
Color: Purple Orchid
DUPATTA
Embroidered Organza Dupatta: 2.5 Meter
Fabric: Organza
Color: Purple Orchid
TROUSERS
Solid Cambric Trousers: 2.5 Meter
Fabric: Cambric
Color: Purple Orchid
Note:
Product color may slightly vary due to photographic lighting sources or your device settings.",https://nishatlinen.com/collections/women/products/42401822,"image_3_134_1.jpg, image_3_134_2.jpg, image_3_134_3.jpg"
3 Piece - Printed Loose Fabric - 42403300 - Shirt / 3 / 3,Rs. 880.00 Rs. 572.00,"Make a truly glamorous statement in this printed three-piece from the latest freedom to buy summer collection.
Product Detail:
Ethnic Printed Style Shirt with Dupatta and Trousers 
SHIRT
Shirt: 3 Meter (RS 750/-Mtr)
Fabric: Lawn
Color: Pink
DUPATTA
Dupatta: 2.5 Meter (RS 780/-Mtr)
Fabric: Voile
Color: Red
TROUSERS
Trousers: 2.5 Meter (RS 720/-Mtr)
Fabric: Cambric
Color: Red
Note:
Product color may slightly vary due to photographic lighting sources or your device settings.",https://nishatlinen.com/collections/women/products/42403300,"image_3_135_1.jpg, image_3_135_2.jpg, image_3_135_3.jpg"
3 Piece - Printed Loose Fabric - 42403258 - Shirt / 3 / 3,Rs. 455.00 - Rs. 527.00,"Effortlessly radiate charm and sophistication in this printed three-piece from the latest freedom to buy summer collection.
Product Detail
Abstract Floral With Ikat Pattern Shirt Designed with Dupatta and Trousers
SHIRT
Shirt: 3 Meter (RS 750/-Mtr)
Fabric: Lawn
Color: Lime
DUPATTA
Dupatta: 2.5 Meter (RS 780/-Mtr)
Fabric: Voile
Color: Lime & White
TROUSERS
Trousers: 2.5 Meter (RS 680/-Mtr)
Fabric: Cambric
Color: ﻿Lime
Note:
Product color may slightly vary due to photographic lighting sources or your device settings.",https://nishatlinen.com/products/42403258,"image_3_136_1.jpg, image_3_136_2.jpg, image_3_136_3.jpg"
3 Piece - Printed Loose Fabric - 42403153 - Shirt / 3 / 3,Rs. 830.00 Rs. 540.00,"Dive into a world of captivating aesthetics with this printed three-piece from the latest freedom to buy summer collection.
Product Detail:
Ethnic Patterns Printed Style Shirt with Dupatta and Trousers
SHIRT
Shirt: 3 Meter (RS 730/-Mtr)
Fabric: Lawn
Color: Reddish Brown
DUPATTA
Dupatta: 2.5 Meter (RS 750/-Mtr)
Fabric: Voile
Color: Reddish Brown
TROUSERS
Trousers: 2.5 Meter (RS 650/-Mtr)
Fabric: Cambric
Color: Reddish Brown
Note:
Product color may slightly vary due to photographic lighting sources or your device settings.",https://nishatlinen.com/collections/women/products/42403153,"image_3_137_1.jpg, image_3_137_2.jpg, image_3_137_3.jpg"
Printed Dress - FE24-68 - XS,"Rs. 10,260.00 Rs. 6,156.00","Ease your confusion about styling by wearing this printed dress from the latest pret summer collection. 
Product Detail
Printed Dress
Dress
Long V Neckline With Gusset Detail, Boxy Cut, Panel Insertion In Sleeves
Fabric: Cambric
Color: Green
Note:
Product color may vary slightly due to photographic lighting sources or monitor settings.",https://nishatlinen.com/products/fe24-68,"image_3_138_1.jpg, image_3_138_2.jpg, image_3_138_3.jpg"
3 Piece - Printed Loose Fabric - 42403273 - Shirt / 3 / 3,Rs. 455.00 - Rs. 527.00,"Unveil your inner goddess with printed three-piece from the latest freedom to buy summer collection.
Product Detail:
Floral Printed Style Shirt with Dupatta and Trousers
SHIRT
Shirt: 3 Meter (RS 750/-Mtr)
Fabric: Lawn
Color: Lilac
DUPATTA
Dupatta: 2.5 Meter (RS 780/-Mtr)
Fabric: Voile
Color: Lilac
TROUSERS
Trousers: 2.5 Meter (RS 680/-Mtr)
Fabric: Cambric
Color: ﻿Lilac
Note:
Product color may slightly vary due to photographic lighting sources or your device settings.",https://nishatlinen.com/products/42403273,"image_3_139_1.jpg, image_3_139_2.jpg, image_3_139_3.jpg"
3 Piece - Printed Loose Fabric - 42403044 - Dupatta / 2.5 / 2.5,Rs. 670.00 Rs. 436.00,"Look classy with this printed three-piece from the latest freedom to buy summer collection.
Product Detail:
Ethnic Printed Style Shirt with Dupatta and Trousers
SHIRT
Shirt: 3 Meter (RS 730/-Mtr)
Fabric: Lawn
Color: Peach & Off White
DUPATTA
Dupatta: 2.5 Meter (RS 750/-Mtr)
Fabric: Voile
Color: Peach & Off White
TROUSERS
Trousers: 2.5 Meter (RS 650/-Mtr)
Fabric: Cambric
Color: Peach
Note:
Product color may slightly vary due to photographic lighting sources or your device settings.",https://nishatlinen.com/products/42403044,"image_3_140_1.jpg, image_3_140_2.jpg, image_3_140_3.jpg"
Embroidered Trousers - PS24-183 - XS,"Rs. 2,770.00 Rs. 1,662.00","Elevate your fashion game with this embroidered trousers from the latest pret summer collection. 
Product Detail
Embroidered Trousers
Trousers
Loose Straight Trousers With Embroidered Hem
Fabric: Cambric
Color: Beige
Note:
Product color may vary slightly due to photographic lighting sources or monitor settings.",https://nishatlinen.com/collections/women/products/ps24-183,"image_3_141_1.jpg, image_3_141_2.jpg, image_3_141_3.jpg"
1 Piece - Printed Loose Fabric - 42403080 - Dupatta / 2.5 / 2.5,Rs. 670.00 Rs. 436.00,"Uplift your wardrobe with our printed one-piece from the latest freedom to buy summer collection.
Product Detail:
Gradient Printed Style Dupatta
DUPATTA
Dupatta: 2.5 Meter (RS 750/-Mtr)
Fabric: Voile
Color: Red
Note:
Product color may slightly vary due to photographic lighting sources or your device settings.",https://nishatlinen.com/products/42403080,"image_3_142_1.jpg, image_3_142_2.jpg, image_3_142_3.jpg"
2 Piece - Embroidered Loose Fabric - 42402003 - Shirt / 3.25 / 3.25,"Rs. 436.00 - Rs. 1,307.00","Strut in style with this embroidered two-piece from the latest freedom to buy summer collection.
Product Detail:
Shirt & Trousers
Measurements: 
Shirt: 3.25 Meter (RS 990/-Mtr)
Trousers: 2.5 Meter (RS 650/-Mtr)
Fabric: Cambric
Color: Steel Grey
Note:
Product color may slightly vary due to photographic lighting sources or your device settings.",https://nishatlinen.com/collections/women/products/42402003,"image_3_143_1.jpg, image_3_143_2.jpg, image_3_143_3.jpg"
Printed Shirt - PS24-248 - XS,"Rs. 4,100.00 Rs. 2,460.00","Brighten up your wardrobe with this printed shirt from the latest pret summer collection.
Product Detail
Printed Shirt
Shirt
Band Neckline, Button Down Flared Shirt
Fabric: Lawn
Color: Green
Note:
Product color may vary slightly due to photographic lighting sources or monitor settings.",https://nishatlinen.com/collections/women/products/ps24-248,"image_3_144_1.jpg, image_3_144_2.jpg, image_3_144_3.jpg"
Printed Dress - FS24-18 - XS,"Rs. 7,700.00 Rs. 4,620.00","Enhance your wardrobe's versatility with this printed dress from the latest summer collection.
Product Detail
Printed Dress
Dress
V Neckline, Dorri & Tassels Detail At Gathered Waistline
Fabric: Monar Gold
Color: Blue
Note:
Product color may vary slightly due to photographic lighting sources or monitor settings.",https://nishatlinen.com/collections/women/products/fs24-18,"image_3_145_1.jpg, image_3_145_2.jpg, image_3_145_3.jpg"
3 Piece - Printed Loose Fabric - 42403159 - Shirt / 3 / 3,Rs. 830.00 Rs. 540.00,"Add a fashion-forward vibe to your everyday look with this printed three-piece from the latest freedom to buy summer collection.
Product Detail:
Abstract Pattern In Stitch Style Printed Style Shirt with Dupatta and Trousers
SHIRT
Shirt: 3 Meter (RS 730/-Mtr)
Fabric: Lawn
Color:Bone White
DUPATTA
Dupatta: 2.5 Meter (RS 750/-Mtr)
Fabric: Voile
Color: Red & Bone White
TROUSERS
Trousers: 2.5 Meter (RS 650/-Mtr)
Fabric: Cambric
Color: Bone White
Note:
Product color may slightly vary due to photographic lighting sources or your device settings.",https://nishatlinen.com/products/42403159,"image_3_146_1.jpg, image_3_146_2.jpg, image_3_146_3.jpg"
3 Piece - Printed Embroidered Suit - 42402138,"Rs. 10,490.00 Rs. 8,392.00","Bright up your day with this printed embroidered three-piece from the latest unstitched summer collection.
Product Detail:
Palampur Florals Style Shirt with Dupatta and Trousers
SHIRT
Printed Slub Cambric Shirt: 3 Meter
Embroidered Front + Border
Fabric: Cambric
Color: Green
DUPATTA
Printed Fancy Brochia Dupatta: 2.5 Meter
Fabric: Fancy Brochia
Color: Green
TROUSERS
Solid Cambric Trousers: 2.5 Meter
Fabric: Cambric
Color: Green
Note:
Product color may slightly vary due to photographic lighting sources or your device settings.",https://nishatlinen.com/collections/women/products/42402138,"image_3_147_1.jpg, image_3_147_2.jpg, image_3_147_3.jpg"
Embroidered Shirt - PE24-151 - XS,"Rs. 5,330.00 Rs. 3,198.00","Ease your confusion for styling by wearing this embroidered shirt from the latest pret summer collection.
Product Detail
Embroidered Shirt
Shirt
Round Neckline With V Slit, Embroidered Neckline, Sleeves Edges & Hem, A-Line Shirt
Fabric: Leno Kara
Color: Yellow
Note:
Product color may vary slightly due to photographic lighting sources or monitor settings.",https://nishatlinen.com/collections/women/products/pe24-151,"image_3_148_1.jpg, image_3_148_2.jpg, image_3_148_3.jpg"
3 Piece - Printed Suit - PS24-198 - XS,"Rs. 8,720.00 Rs. 5,232.00","Radiate positivity and vibrancy in this printed three-piece suit from the latest pret summer collection.
Product Detail
Printed Shirt With Dupatta & Trousers
Shirt
Round Neckline With Slit, Piping & Adda Work Detail
Fabric: Lawn
Color: Orange
Dupatta
Printed Dupatta
Fabric: Net
Color: Orange
Trousers
Loose Straight Trousers
Fabric: Cambric
Color: Orange
Note:
Product color may vary slightly due to photographic lighting sources or monitor settings.",https://nishatlinen.com/collections/women/products/ps24-198,"image_3_149_1.jpg, image_3_149_2.jpg, image_3_149_3.jpg"
Embroidered Shirt - PE24-98 - XS,"Rs. 4,300.00 Rs. 2,580.00","Complete your style with the sophisticated touch of an embroidered shirt from the latest pret summer collection.
Product Detail
Embroidered Shirt
Shirt
Round Neckline With Piping & Slit, Embroidered Neckline & Sleeves Edges
Fabric: Cambric
Color: Green
Note:
Product color may vary slightly due to photographic lighting sources or monitor settings.",https://nishatlinen.com/collections/women/products/pe24-98,"image_3_150_1.jpg, image_3_150_2.jpg, image_3_150_3.jpg"
Embroidered Shirt - PE24-127 - XS,"Rs. 5,640.00 Rs. 3,384.00","Build your core wardrobe with this embroidered shirt from the latest pret summer collection.
Product Detail
Embroidered Shirt
Shirt
Band Neckline With Placket, Embroidered Placket, Sleeves & Back Panel
Fabric: Jacquard
Color: Off White
Note:
Product color may vary slightly due to photographic lighting sources or monitor settings.",https://nishatlinen.com/products/pe24-127,"image_3_151_1.jpg, image_3_151_2.jpg, image_3_151_3.jpg"
2 Piece - Dyed Embroidered Suit - 42401735,"Rs. 5,640.00 Rs. 3,666.00","Be yourself fabulous by wearing this dyed embroidered two-piece from the latest unstitched summer collection.
Product Detail:
Shirt with Trousers
SHIRT
Solid Cambric Shirt: 3 Meter
Embroidered Front + Border
Fabric: Cambric
Color: Blue
TROUSERS
Solid Cambric Trousers: 2.5 Meter
Fabric: Cambric
Color: Blue
Note:
Product color may slightly vary due to photographic lighting sources or your device settings.",https://nishatlinen.com/products/42401735,"image_3_152_1.jpg, image_3_152_2.jpg, image_3_152_3.jpg"
3 Piece - Digital Printed Jacquard Suit - 42401183,"Rs. 7,690.00 Rs. 4,998.50","Elevate our wardrobe with our digital printed jacquard three-piece from the latest unstitched summer collection.
Product Detail:
Floral Chintz Style Shirt with Dupatta and Trousers
SHIRT
Digital Printed Brochia Jacquard Shirt: 3 Meter
Fabric: Brochia Jacquard
Color: White
DUPATTA
Digital Printed Brochia Jacquard Dupatta: 2.5 Meter
Fabric: Brochia Jacquard
Color: White
TROUSERS
Dyed Cambric Trousers: 2.5 Meter
Fabric: Cambric
Color: ﻿White
Note:
Product color may slightly vary due to photographic lighting sources or your device settings.",https://nishatlinen.com/collections/women/products/42401183,"image_3_153_1.jpg, image_3_153_2.jpg, image_3_153_3.jpg"
1 Piece - Digital Printed Loose Fabric - 42403198 - Shirt / 3 / 3,Rs. 830.00 Rs. 540.00,"Look appealing in this digital printed one-piece from the latest freedom to buy summer collection.
Product Detail:
Geometric Printed Style Shirt 
SHIRT
Shirt: 3 Meter (RS 830/-Mtr)
Fabric: Dobby Lawn
Color: Orange

Note:
Product color may slightly vary due to photographic lighting sources or your device settings.",https://nishatlinen.com/collections/women/products/42403198,"image_3_154_1.jpg, image_3_154_2.jpg, image_3_154_3.jpg"
3 Piece - Printed Embroidered Suit - 42401386,"Rs. 8,200.00 Rs. 5,330.00","Indulge in a whirlwind of elegance and charm with this printed embroidered three-piece from the latest unstitched summer collection.
Product Detail:
Dori Embroidery Borders With Paisleys Style Shirt with Dupatta and Trousers
SHIRT
Printed Super Fine Lawn Shirt: 3 Meter
Embroidered Neckline + Motifs + Border
Fabric: Lawn
Color: Black & Skin
DUPATTA
Digital Printed Glitter Net Dupatta: 2.5 Meter
Fabric: Glitter Net
Color: Black & Skin
TROUSERS
Dyed Cambric Trousers: 2.5 Meter
Fabric: Cambric
Color: Black
Note:
Product color may slightly vary due to photographic lighting sources or your device settings.",https://nishatlinen.com/collections/women/products/42401386,"image_3_155_1.jpg, image_3_155_2.jpg, image_3_155_3.jpg"
3 Piece - Printed Embroidered Suit - 42401197,"Rs. 7,690.00 Rs. 4,998.50","Establish your distinctive style with the printed embroidered three-piece from the latest unstitched summer collection.
Product Detail:
Traditional Ethnic Mix Printed Style Shirt with Dupatta and Trousers
SHIRT
Printed Super Fine Lawn Shirt: 3 Meter
Embroidered Neckline + Border
Fabric: Lawn
Color: Off White
DUPATTA
Digital Printed Crinkle Chiffon Dupatta: 2.5 Meter
Fabric: Crinkle Chiffon
Color: Off White
TROUSERS
Printed Cambric Trousers: 2.5 Meter
Fabric: ﻿Cambric
Color: ﻿Off White
Note:
Product color may slightly vary due to photographic lighting sources or your device settings.",https://nishatlinen.com/collections/women/products/42401197,"image_3_156_1.jpg, image_3_156_2.jpg, image_3_156_3.jpg"
3 Piece - Printed Suit - 42401856,"Rs. 6,150.00 Rs. 3,997.50","Make a bold fashion statement with our printed three-piece from the latest unstitched summer collection.
Product Detail:
Watercolor Floral Printed Style Shirt with Dupatta and Trousers
SHIRT
Printed Lawn Shirt: 3 Meter
Fabric: Lawn
Color: Light Blue
DUPATTA
Digital Printed Zari Lawn Dupatta: 2.5 Meter
Fabric: Zari Lawn
Color: Multi
TROUSERS
Dyed Cambric Trousers: 2.5 Meter
Fabric: Cambric
Color: Light Blue
Note:
Product color may slightly vary due to photographic lighting sources or your device settings.",https://nishatlinen.com/collections/women/products/42401856,"image_3_157_1.jpg, image_3_157_2.jpg, image_3_157_3.jpg"
2 Piece - Embroidered Suit - PE24-82 - XS,"Rs. 7,180.00 Rs. 4,308.00","Get a fabulous look by wearing this embroidered two-piece suit from the latest pret summer collection.  
Product Detail
Embroidered Shirt With Dupatta 
Shirt
Band Neckline With Piping & Slit, Embroidered Front & Sleeves
Fabric: Cambric
Color: Peach
Dupatta
Tassels Detail At Corners
Fabric: Net
Color: Peach
Note:
Product color may vary slightly due to photographic lighting sources or monitor settings.",https://nishatlinen.com/products/pe24-82,"image_3_158_1.jpg, image_3_158_2.jpg, image_3_158_3.jpg"
3 Piece - Gold Printed Suit - 42401390,"Rs. 6,660.00 Rs. 4,329.00","Elevate your style by wearing this gold printed three-piece from the latest unstitched summer collection.
Product Detail:
Abstract Floral Printed Style Shirt with Dupatta and Trousers
SHIRT
Gold Printed Super Fine Lawn Shirt: 3 Meter
Fabric: Lawn
Color: Magenta
DUPATTA
Digital Printed Maysuri Dupatta: 2.5 Meter
Fabric: Maysuri
Color: Magenta
TROUSERS
Dyed Cambric Trousers: 2.5 Meter
Fabric: Cambric
Color: Magenta
Note:
Product color may slightly vary due to photographic lighting sources or your device settings.",https://nishatlinen.com/products/42401390,"image_3_159_1.jpg, image_3_159_2.jpg, image_3_159_3.jpg"
Embroidered Dress - FE24-70 - XS,"Rs. 8,730.00 Rs. 5,238.00","Command attention with effortless style by wearing this embroidered dress from the latest pret summer collection. 
Product Detail
Embroidered Dress
Dress
Round Neckline, Side Pockets Detail, Embroidered Sleeves With Organza & Lace On Openings, U-Shape Hem With Side Slits
Fabric: Texture
Color: Pink
Note:
Product color may vary slightly due to photographic lighting sources or monitor settings.",https://nishatlinen.com/collections/women/products/fe24-70,"image_3_160_1.jpg, image_3_160_2.jpg, image_3_160_3.jpg"
3 Piece - Embroidered Suit - 42402057,"Rs. 8,690.00 Rs. 5,648.50","Make your catchy with this wonderful embroidered three-piece from the latest unstitched summer collection.
Product Detail:
Mughal Style Shirt with Dupatta and Trousers
SHIRT
Solid Slub Cambric Shirt: 3 Meter
Embroidered Front + Motifs
Fabric: Cambric
Color: Pink
DUPATTA
Digital Printed Slub Dupatta: 2.5 Meter
Fabric: Slub
Color: Pink
TROUSERS
Solid Cambric Trousers: 2.5 Meter
Fabric: Cambric
Color: Pink
Note:
Product color may slightly vary due to photographic lighting sources or your device settings.",https://nishatlinen.com/products/42402057,"image_3_161_1.jpg, image_3_161_2.jpg, image_3_161_3.jpg"
3 Piece - Embroidered Suit - PS24-322 - XS,"Rs. 8,790.00 Rs. 5,274.00","Radiate positivity and vibrancy in this embroidered three-piece suit from the latest pret summer collection.
Product Detail
Embroidered Shirt With Dupatta & Trousers
Shirt
V Neckline, Embroidered Front, Straight Shirt
Fabric: Cambric
Color: Grey
Dupatta
Embroidered Dupatta
Fabric: Chiffon
Color: Grey
Trousers
Straight Trousers
Fabric: Cambric
Color: Grey
Note:
Product color may vary slightly due to photographic lighting sources or monitor settings.",https://nishatlinen.com/products/ps24-322,"image_3_162_1.jpg, image_3_162_2.jpg, image_3_162_3.jpg"
2 Piece - Embroidered Loose Fabric - 42402009 - Plain Trousers / 2.5 / 2.5,Rs. 436.00 - Rs. 995.00,"Strut in style with this embroidered two-piece from the latest freedom to buy summer collection.
Product Detail:
Shirt & Trousers 
Measurements: 
Shirt: 2.5 Meter (RS 1890/-Mtr)
Plain Trousers: 2.5 Meter (RS 650/-Mtr)
Fabric: Cambric
Color: Deep Pink
Note:
Product color may slightly vary due to photographic lighting sources or your device settings.",https://nishatlinen.com/products/42402009,"image_3_163_1.jpg, image_3_163_2.jpg, image_3_163_3.jpg"
3 Piece - Printed Embroidered Suit - 42401557,"Rs. 8,720.00 Rs. 5,668.00","Celebrate the art of femininity with this digital printed embroidered three-piece from the latest unstitched summer collection.
Product Detail:
Textured Style Shirt with Dupatta and Trousers
SHIRT
Digital Printed Zari Lawn Shirt: 3 Meter
Embroidered Neckline + Border
Fabric: Lawn
Color: Magenta
DUPATTA
Digital Printed Zari Lawn Dupatta: 2.5 Meter
Fabric: Lawn
Color: Magenta
TROUSERS
Dyed Cambric Trousers: 2.5 Meter
Fabric: Cambric
Color: Magenta
Note:
Product color may slightly vary due to photographic lighting sources or your device settings.",https://nishatlinen.com/products/42401557,"image_3_164_1.jpg, image_3_164_2.jpg, image_3_164_3.jpg"
3 Piece - Basic Suit - PE24-120 - XS,"Rs. 8,200.00 Rs. 4,920.00","Radiate positivity and vibrancy in this basic three-piece suit from the latest pret summer collection. 
Product Detail
Basic Shirt With Dupatta & Trousers
Shirt
Round Neckline With Tassels Detail, Tarkashi & Pintucks Detail On Sleeves
Fabric: Cambric
Color: Blue
Dupatta
Fabric: Jacquard
Color: Blue
Trousers
Fabric: Cambric
Color: Blue
Note:
Product color may vary slightly due to photographic lighting sources or monitor settings.",https://nishatlinen.com/collections/women/products/pe24-120,"image_3_165_1.jpg, image_3_165_2.jpg, image_3_165_3.jpg"
3 Piece - Printed Embroidered Suit - 42402027,"Rs. 9,490.00 Rs. 6,168.50","Get special attention is given by wearing this printed embroidered three-piece from the latest unstitched summer collection.
Product Detail:
Animal Prints Style Shirt with Dupatta and Trousers
SHIRT
Printed Super Fine Lawn Shirt: 3 Meter
Embroidered Neckline + Border
Fabric: Lawn
Color: Black & Brown
DUPATTA
Printed Banarsi Brochia Dupatta: 2.5 Meter
Fabric: Banarsi Brochia
Color: Black & Brown
TROUSERS
Solid Cambric Trousers: 2.5 Meter
Fabric: Cambric
Color: Black 
Note:
Product color may slightly vary due to photographic lighting sources or your device settings.",https://nishatlinen.com/collections/women/products/42402027,"image_3_166_1.jpg, image_3_166_2.jpg, image_3_166_3.jpg"
3 Piece - Embroidered Suit - 42401656,"Rs. 9,740.00 Rs. 6,331.00","Delicate your look with this embroidered three-piece from the latest unstitched summer collection.
Product Detail:
Floral Abstract Style Shirt with Dupatta and Trousers
SHIRT
Dyed Cambric Shirt: 3 Meter
Embroidered Front + Border
Fabric: Cambric
Color: Brown
DUPATTA
Digital Printed Organza Chiffon Dupatta: 2.5 Meter
Fabric: Organza Chiffon
Color: Deep Brown
TROUSERS
Dyed Cambric Trousers: 2.5 Meter
Fabric: Cambric
Color: Brown
Note:
Product color may slightly vary due to photographic lighting sources or your device settings.",https://nishatlinen.com/products/42401656,"image_3_167_1.jpg, image_3_167_2.jpg, image_3_167_3.jpg"
2 Piece - Printed Suit - 42401723,"Rs. 3,070.00 Rs. 1,995.50","For a fashionable statement adorn this printed two-piece from the latest unstitched summer collection.
Product Detail:
Paisleys Printed Style Shirt with Dupatta
SHIRT
Printed Super Fine Lawn Shirt: 3 Meter
Fabric: Lawn
Color: Pink
DUPATTA
Printed Voile Dupatta: 2.5 Meter
Fabric: Voile
Color: Pink
Note:
Product color may slightly vary due to photographic lighting sources or your device settings.",https://nishatlinen.com/collections/women/products/42401723,"image_3_168_1.jpg, image_3_168_2.jpg, image_3_168_3.jpg"
3 Piece - Printed Loose Fabric - 42403276 - Shirt / 3 / 3,Rs. 455.00 - Rs. 527.00,"Radiate confidence and charm with this printed three-piece from the latest freedom to buy summer collection.
Product Detail
Abstract Floral Jaal Printed Style Shirt with Dupatta and Trousers
SHIRT
Shirt: 3 Meter (RS 750/-Mtr)
Fabric: Lawn
Color: Cream
DUPATTA
Dupatta: 2.5 Meter (RS 780/-Mtr)
Fabric: Voile
Color: Blue
TROUSERS
Trousers: 2.5 Meter (RS 680/-Mtr)
Fabric: Cambric
Color: Cream
Note:
Product color may slightly vary due to photographic lighting sources or your device settings.",https://nishatlinen.com/collections/women/products/42403276,"image_3_169_1.jpg, image_3_169_2.jpg, image_3_169_3.jpg"
2 Piece - Printed Embroidered Suit - 42401285,"Rs. 4,610.00 Rs. 2,996.50","Embrace the elegance with this gorgeous printed embroidered two-piece from the latest unstitched summer collection.
Product Detail:
Abstract Floral Patterns Style Shirt with Trousers
SHIRT
Printed Super Fine Lawn Shirt: 3 Meter
Embroidered Motifs
Fabric: Lawn
Color: Red
TROUSERS
Printed Cambric Trousers: 2.5 Meter
Fabric: Cambric
Color: Red
Note:
Product color may slightly vary due to photographic lighting sources or your device settings.",https://nishatlinen.com/collections/women/products/42401285,"image_3_170_1.jpg, image_3_170_2.jpg, image_3_170_3.jpg"
3 Piece - Printed Loose Fabric - 42403306 - Shirt / 3 / 3,Rs. 880.00 Rs. 572.00,"Get an essential graceful look in this printed three-piece from the latest freedom to buy summer collection.
Product Detail:
Floral Impressions Printed Style Shirt with Dupatta and Trousers 
SHIRT
Shirt: 3 Meter (RS 750/-Mtr)
Fabric: Lawn
Color: Black
DUPATTA
Dupatta: 2.5 Meter (RS 780/-Mtr)
Fabric: Voile
Color: Black
TROUSERS
Trousers: 2.5 Meter (RS 680/-Mtr)
Fabric: Cambric
Color: Black
Note:
Product color may slightly vary due to photographic lighting sources or your device settings.",https://nishatlinen.com/collections/women/products/42403306,"image_3_171_1.jpg, image_3_171_2.jpg, image_3_171_3.jpg"
1 Piece - Gold Printed Loose Fabric - 42403356 - Dupatta / 2.5 / 2.5,Rs. 880.00 Rs. 572.00,"Adorn grace with this gold printed one-piece from the latest freedom to buy summer collection.
Product Detail:
Banarsi Prints Style Dupatta
Dupatta
Dupatta: 2.5 Meter (RS 850/-Mtr)
Fabric: Voile
Color: Sea Green & Pink
Note:
Product color may slightly vary due to photographic lighting sources or your device settings.",https://nishatlinen.com/products/42403356,"image_3_172_1.jpg, image_3_172_2.jpg, image_3_172_3.jpg"
3 Piece - Printed Loose Fabric - 42403147 - Shirt / 3 / 3,Rs. 830.00 Rs. 540.00,"Immerse yourself in a world of impeccable taste with this printed three-piece from the latest freedom to buy summer collection.
Product Detail:
Phulari Patterns Printed Style Shirt with Dupatta and Trousers
SHIRT
Shirt: 3 Meter (RS 730/-Mtr)
Fabric: Lawn
Color: Pink
DUPATTA
Dupatta: 2.5 Meter (RS 750/-Mtr)
Fabric: Voile
Color: Pink
TROUSERS
Trousers: 2.5 Meter (RS 690/-Mtr)
Fabric: Cambric
Color: Pink
Note:
Product color may slightly vary due to photographic lighting sources or your device settings.",https://nishatlinen.com/products/42403147,"image_3_173_1.jpg, image_3_173_2.jpg, image_3_173_3.jpg"
3 Piece - Gold & Silver Printed Embroidered Suit - 42401906,"Rs. 8,720.00 Rs. 5,668.00","Be the epitome of grace in this gold & silver printed embroidered three-piece from the latest unstitched summer collection.
Product Detail:
Ethnic Prints Style Shirt with Dupatta and Trousers
SHIRT
Gold & Silver Printed Super Fine Lawn Shirt: 3 Meter
Embroidered Neckline + Motifs
Fabric: Lawn
Color: Green
DUPATTA
Gold & Silver Printed Voile Dupatta: 2.5 Meter
Fabric: Voile
Color: Green
TROUSERS
Dyed Cambric Trousers: 2.5 Meter
Fabric: Cambric
Color: Green
Note:
Product color may slightly vary due to photographic lighting sources or your device settings.",https://nishatlinen.com/collections/women/products/42401906,"image_3_174_1.jpg, image_3_174_2.jpg, image_3_174_3.jpg"
3 Piece - Embroidered Suit - 42402055,"Rs. 8,690.00 Rs. 5,648.50","Look mesmerizing with this embroidered three-piece from the latest unstitched summer collection.
Product Detail:
Chinoiserie Style Shirt with Dupatta and Trousers
SHIRT
Solid Slub Cambric Shirt: 3 Meter
Embroidered Front + Motifs + Border
Fabric: Cambric
Color: Green
DUPATTA
Digital Printed Slub Dupatta: 2.5 Meter
Fabric: Slub
Color: Green
TROUSERS
Solid Cambric Trousers: 2.5 Meter
Fabric: Cambric
Color: Green
Note:
Product color may slightly vary due to photographic lighting sources or your device settings.",https://nishatlinen.com/products/42402055,"image_3_175_1.jpg, image_3_175_2.jpg, image_3_175_3.jpg"
Printed Shirt - PE24-220 - XS / S,"Rs. 4,100.00 Rs. 2,460.00","Reflect your unique personality by wearing this printed shirt from the latest pret summer collection.
Product Detail
Printed Shirt
Shirt
Collar Neckline With Slit, A-Line Shirt
Fabric: Lawn
Color: Aqua
Note:
Product color may vary slightly due to photographic lighting sources or monitor settings.",https://nishatlinen.com/products/pe24-220,"image_3_176_1.jpg, image_3_176_2.jpg, image_3_176_3.jpg"
2 Piece - Printed Suit - PE24-342 - XS,"Rs. 4,570.00 Rs. 2,742.00","Create an effortless style statement in this printed two-piece suit from the latest pret summer collection.
Product Detail
Printed Shirt With Trousers
Shirt
Band Neckline With Placket, Printed Shirt
Fabric: Cambric
Color: Brown
Trousers
Printed Straight Trousers
Fabric: Cambric
Color: Brown
Note:
Product color may vary slightly due to photographic lighting sources or monitor settings.",https://nishatlinen.com/products/pe24-342,"image_3_177_1.jpg, image_3_177_2.jpg, image_3_177_3.jpg"
3 Piece - Digital Printed Loose Fabric - 42403134 - Shirt / 3 / 3,Rs. 830.00 Rs. 540.00,"Exude elegance in this digital printed three-piece from the latest freedom to buy summer collection.
Product Detail:
Textured Florals Printed Style Shirt with Dupatta and Trousers
SHIRT
Shirt: 3 Meter (RS 750/-Mtr)
Fabric: Lawn
Color: Dark Blue
DUPATTA
Dupatta: 2.5 Meter (RS 780/-Mtr)
Fabric: Voile
Color: Dark Blue
TROUSERS
Trousers: 2.5 Meter (RS 650/-Mtr)
Fabric: Cambric
Color: Dark Blue
Note:
Product color may slightly vary due to photographic lighting sources or your device settings.",https://nishatlinen.com/collections/women/products/42403134,"image_3_178_1.jpg, image_3_178_2.jpg, image_3_178_3.jpg"
Embroidered Trousers - PE24-237 - XS,"Rs. 2,350.00 Rs. 1,410.00","Upgrade your wardrobe with this embroidered trousers from the latest pret summer collection.
Product Detail
Embroidered Trousers
Trousers
Straight Trousers With Embroidered Hem
Fabric: Cambric
Color: Black
Note:
Product color may vary slightly due to photographic lighting sources or monitor settings.",https://nishatlinen.com/collections/women/products/pe24-237,"image_3_179_1.jpg, image_3_179_2.jpg, image_3_179_3.jpg"
3 Piece - Printed Suit - 42402105,"Rs. 4,990.00 Rs. 3,992.00","Be special in this unique printed three-piece from the latest unstitched summer collection.
Product Detail:
Cross Stitch Printed Style Shirt with Dupatta and Trousers
SHIRT
Printed Lawn Shirt: 3 Meter
Fabric: Lawn
Color: Lilac
DUPATTA
Printed Doriya Dupatta: 2.5 Meter
Fabric: Doriya
Color: Lilac
TROUSERS
Solid Cambric Trousers: 2.5 Meter
Fabric: Cambric
Color: Lilac
Note:
Product color may slightly vary due to photographic lighting sources or your device settings.",https://nishatlinen.com/products/42402105,"image_3_180_1.jpg, image_3_180_2.jpg, image_3_180_3.jpg"
2 Piece - Dyed Embroidered Suit - 42401262,"Rs. 5,640.00 Rs. 3,666.00","Get ready & refresh your summer look with this dyed embroidered two-piece from the latest unstitched summer collection.
Product Detail:
Shirt with Trousers
SHIRT
Dyed Cambric Shirt: 3 Meter
Embroidered Front + Motifs + Border
Fabric: Cambric
Color: Light Indigo
TROUSERS
Dyed Cambric Trousers: 2.5 Meter
Fabric: Cambric
Color: Light Indigo
Note:
Product color may slightly vary due to photographic lighting sources or your device settings.",https://nishatlinen.com/products/42401262,"image_3_181_1.jpg, image_3_181_2.jpg, image_3_181_3.jpg"
3 Piece - Printed Embroidered Suit - 42402138,"Rs. 10,490.00 Rs. 8,392.00","Bright up your day with this printed embroidered three-piece from the latest unstitched summer collection.
Product Detail:
Palampur Florals Style Shirt with Dupatta and Trousers
SHIRT
Printed Slub Cambric Shirt: 3 Meter
Embroidered Front + Border
Fabric: Cambric
Color: Green
DUPATTA
Printed Fancy Brochia Dupatta: 2.5 Meter
Fabric: Fancy Brochia
Color: Green
TROUSERS
Solid Cambric Trousers: 2.5 Meter
Fabric: Cambric
Color: Green
Note:
Product color may slightly vary due to photographic lighting sources or your device settings.",https://nishatlinen.com/products/42402138,"image_3_182_1.jpg, image_3_182_2.jpg, image_3_182_3.jpg"
3 Piece - Paste Printed Embroidered Suit - 42401900,"Rs. 8,720.00 Rs. 5,668.00","Brighten up your wardrobe with our paste printed embroidered three-piece from the latest unstitched summer collection.
Product Detail:
Traditional Ethnic Prints Style Shirt with Dupatta and Trousers
SHIRT
Red Paste Printed Super Fine Lawn Shirt: 3 Meter
Embroidered Motifs + Border
Fabric: Lawn
Color: White
DUPATTA
Red Paste Printed Lawn Dupatta: 2.5 Meter
Fabric: Lawn
Color: White
TROUSERS
Dyed Cambric Trousers: 2.5 Meter
Fabric: Cambric
Color: ﻿White
Note:
Product color may slightly vary due to photographic lighting sources or your device settings.",https://nishatlinen.com/products/42401900,"image_3_183_1.jpg, image_3_183_2.jpg, image_3_183_3.jpg"
Basic Shirt - PE24-70 - XS,"Rs. 4,100.00 Rs. 2,460.00","Look and feel your best by wearing this basic shirt from the latest pret summer collection.
Product Detail
Basic Shirt
Shirt
Round Neckline, Lace Detail on Sleeves, Gathers Detail Below Yoke With Tassels Detail
Fabric: Cambric
Color: Green
Note:
Product color may vary slightly due to photographic lighting sources or monitor settings.",https://nishatlinen.com/products/pe24-70,"image_3_184_1.jpg, image_3_184_2.jpg, image_3_184_3.jpg"
2 Piece - Jacquard Embroidered Suit - 42401748,"Rs. 7,180.00 Rs. 4,667.00","Make you look flawless on your special days by wearing this jacquard embroidered two-piece from the latest unstitched summer collection.
Product Detail:
Shirt with Trousers
SHIRT
Jacquard Shirt: 3 Meter
2 Embroidered Motifs
Fabric: Jacquard
Color: Pink
TROUSERS
Solid Cambric Trousers: 2.5 Meter
Fabric: Cambric
Color: Orange
Note:
Product color may slightly vary due to photographic lighting sources or your device settings.",https://nishatlinen.com/products/42401748,"image_3_185_1.jpg, image_3_185_2.jpg, image_3_185_3.jpg"
2 Piece - Digital Printed Suit - 42401109,"Rs. 4,820.00 Rs. 3,133.00","Experience the elegance of woven dreams with our digital printed two-piece from the latest unstitched summer collection.
Product Detail:
Watercolor Floral Patterns In Printed Form Shirt with Dupatta
SHIRT
Digital Printed Super Fine Lawn Shirt: 3 Meter
Fabric: Lawn
Color: Light Pink
DUPATTA
Digital Printed Zari Monar Dupatta: 2.5 Meter
Fabric: Zari Monar
Color: Multi
Note:
Product color may slightly vary due to photographic lighting sources or your device settings.",https://nishatlinen.com/collections/women/products/42401109,"image_3_186_1.jpg, image_3_186_2.jpg, image_3_186_3.jpg"
3 Piece - White & Pink Paste Printed Embroidered Suit - 42401911,"Rs. 8,720.00 Rs. 5,668.00","Make your day pleasingly memorable with this digital printed embroidered three-piece from the latest unstitched summer collection.
Product Detail:
Mughal Floral Booti Style Shirt with Dupatta and Trousers
SHIRT
White & Pink Paste Printed Super Fine Lawn Shirt: 3 Meter
Embroidered Motifs + Border
Fabric: Lawn
Color: Black
DUPATTA
White & Pink Paste Printed Voile Dupatta: 2.5 Meter
Fabric: Voile
Color: Black
TROUSERS
Dyed Cambric Trousers: 2.5 Meter
Fabric: Cambric
Color: Black
Note:
Product color may slightly vary due to photographic lighting sources or your device settings.",https://nishatlinen.com/collections/women/products/42401911,"image_3_187_1.jpg, image_3_187_2.jpg, image_3_187_3.jpg"
3 Piece - Printed Suit - 42402004,"Rs. 4,100.00 Rs. 2,665.00","Make a grand entry in your event with printed three-piece from the latest unstitched summer collection.
Product Detail:
Chunri Printed Style Shirt with Dupatta & Trousers
SHIRT
Printed Lawn Shirt: 3 Meter
Fabric: Lawn
Color: Black
DUPATTA
Printed Voile Dupatta: 2.5 Meter
Fabric: Voile
Color: Black 
TROUSERS
Solid Cambric Trousers: 2.5 Meter
Fabric: Cambric 
Color: Black
Note:
Product color may slightly vary due to photographic lighting sources or your device settings.",https://nishatlinen.com/collections/women/products/42402004-1,"image_3_188_1.jpg, image_3_188_2.jpg, image_3_188_3.jpg"
1 Piece - Digital Printed Loose Fabric - 42403070 - Shirt / 3 / 3,Rs. 830.00 Rs. 540.00,"Achieve a refined and elegant look with this digital printed one-piece from the latest freedom to buy summer collection.
Product Detail:
Animal Printed Textures Style Shirt
SHIRT
Shirt: 3 Meter (RS 1090/-Mtr)
Fabric: Lurix Stripe
Color: Beige

Note:
Product color may slightly vary due to photographic lighting sources or your device settings.",https://nishatlinen.com/collections/women/products/42403070,"image_3_189_1.jpg, image_3_189_2.jpg, image_3_189_3.jpg"
3 Piece - Digital Printed Embroidered Suit - 42401790,"Rs. 8,200.00 Rs. 5,330.00","Look mesmerizing with this digital printed embroidered three-piece from the latest unstitched summer collection.
Product Detail:
Floral Print Style Shirt with Dupatta and Trousers
SHIRT
Digital Printed Super Fine Lawn Shirt: 3 Meter
2 Embroidered Motifs
Fabric: Lawn
Color: Blue
DUPATTA
Digital Printed Silk Dupatta: 2.5 Meter
Fabric: Silk
Color: Blue
TROUSERS
Solid Cambric Trousers: 2.5 Meter
Fabric: Cambric
Color: Blue
Note:
Product color may slightly vary due to photographic lighting sources or your device settings.",https://nishatlinen.com/collections/women/products/42401790,"image_3_190_1.jpg, image_3_190_2.jpg, image_3_190_3.jpg"
2 Piece - Printed Embroidered Suit - 42401569,"Rs. 5,130.00 Rs. 3,334.50","Be a style icon with printed embroidered two-piece from the latest unstitched summer collection.
Product Detail:
Laces With Floral Prints Style Shirt with Dupatta
SHIRT
Printed Super Fine Lawn Shirt: 3 Meter
Embroidered Motifs + Border
Fabric: Lawn
Color: Sky Blue
DUPATTA
Digital Printed Muzlin Dupatta: 2.5 Meter
Fabric: Muzlin
Color: ﻿Sky Blue
Note:
Product color may slightly vary due to photographic lighting sources or your device settings.",https://nishatlinen.com/collections/women/products/42401569,"image_3_191_1.jpg, image_3_191_2.jpg, image_3_191_3.jpg"
3 Piece - Printed Embellished Suit - 42401354,"Rs. 10,260.00 Rs. 6,669.00","Elevate your style to new heights with this printed embellished three-piece from the latest unstitched summer collection.
Product Detail:
Mukaish Work Style Shirt with Dupatta and Trousers
SHIRT
Embroidered Cambric Front: 1.15 Meter
Dyed Cambric Back & Sleeves: 1.85 Meter
Embroidered Neckline + Motifs
Fabric: Cambric
Color: Mustard
DUPATTA
Printed Mukaish Chiffon Dupatta: 2.4 Meter
Fabric: Mukaish Chiffon
Color: Mustard
TROUSERS
Dyed Cambric Trousers: 2.5 Meter
Fabric: Cambric
Color: Mustard
Note:
Product color may slightly vary due to photographic lighting sources or your device settings.",https://nishatlinen.com/products/42401354,"image_3_192_1.jpg, image_3_192_2.jpg, image_3_192_3.jpg"
Embroidered Shirt - PE24-81 - XS,"Rs. 5,130.00 Rs. 3,078.00","Every thread tells a story of grace and poise with this embroidered shirt from the latest pret summer collection.
Product Detail
Embroidered Shirt
Shirt
V Neckline, Embroidered Sleeves & Yoke with Gathers Detail
Fabric: Cambric 
Color: Green
Note:
Product color may vary slightly due to photographic lighting sources or monitor settings.",https://nishatlinen.com/products/pe24-81,"image_3_193_1.jpg, image_3_193_2.jpg, image_3_193_3.jpg"
3 Piece - Embroidered Suit - 42401692,"Rs. 8,720.00 Rs. 5,668.00","Radiate confidence with this embroidered three-piece from the latest unstitched summer collection.
Product Detail:
Tropical Style Shirt with Dupatta and Trousers
SHIRT
Dyed Cambric Shirt: 3 Meter
Embroidered Front + Border
Fabric: Cambric
Color: Dull Gold 
DUPATTA
Digital Printed Crinkle Chiffon Dupatta: 2.5 Meter
Fabric: Crinkle Chiffon
Color: Dull Gold 
TROUSERS
Dyed Cambric Trousers: 2.5 Meter
Fabric: Cambric
Color: ﻿Dull Gold 
Note:
Product color may slightly vary due to photographic lighting sources or your device settings.",https://nishatlinen.com/products/42401692,"image_3_194_1.jpg, image_3_194_2.jpg, image_3_194_3.jpg"
3 Piece - Printed Loose Fabric - 42403109 - Shirt / 3 / 3,Rs. 830.00 Rs. 540.00,"Make truly glamorous statement in this printed three-piece from the latest freedom to buy summer collection.
Product Detail:
Textured Printed Style Shirt with Dupatta and Trousers
SHIRT
Shirt: 3 Meter (RS 730/-Mtr)
Fabric: Lawn
Color: Purple
DUPATTA
Dupatta: 2.5 Meter (RS 750/-Mtr)
Fabric: Voile
Color: Purple
TROUSERS
Trousers: 2.5 Meter (RS 690/-Mtr)
Fabric: Cambric
Color: Purple
Note:
Product color may slightly vary due to photographic lighting sources or your device settings.",https://nishatlinen.com/collections/women/products/42403109,"image_3_195_1.jpg, image_3_195_2.jpg, image_3_195_3.jpg"
Embroidered Dress - FE24-71 - XS,"Rs. 14,360.00 Rs. 8,616.00","Make your look catchy with this embroidered dress from the latest pret summer collection. 
Product Detail
Embroidered Dress
Dress
Round Neckline With Piping Detail, Embroidered Neckline, Sleeves & Hem
Fabric: Fancy Polyester
Color: Emerald
Note:
Product color may vary slightly due to photographic lighting sources or monitor settings.",https://nishatlinen.com/products/fe24-71,"image_3_196_1.jpg, image_3_196_2.jpg, image_3_196_3.jpg"
2 Piece - Printed Embroidered Suit - 42401769,"Rs. 5,130.00 Rs. 3,334.50","Built up your look enlivened in this printed embroidered two-piece from the latest unstitched summer collection.
Product Detail:
Bold Floral In Line Form Style Shirt with Dupatta
SHIRT
Printed Super Fine Lawn Shirt: 3 Meter
2 Embroidered Border
Fabric: Lawn
Color: Aqua
DUPATTA
Digital Printed Crinkle Chiffon Dupatta: 2.5 Meter
Fabric: Crinkle Chiffon
Color: Aqua
Note:
Product color may slightly vary due to photographic lighting sources or your device settings.",https://nishatlinen.com/products/42401769,"image_3_197_1.jpg, image_3_197_2.jpg, image_3_197_3.jpg"
3 Piece - Printed Loose Fabric - 42403270 - Shirt / 3 / 3,Rs. 455.00 - Rs. 527.00,"Experience the hug-like softness of printed three-piece from the latest freedom to buy summer collection.
Product Detail:
Decorative Line Patterns and Flowers Style Printed Shirt with Dupatta and Trousers
SHIRT
Shirt: 3 Meter (RS 750/-Mtr)
Fabric: Lawn
Color: Aqua
DUPATTA
Dupatta: 2.5 Meter (RS 780/-Mtr)
Fabric: Voile
Color: Aqua
TROUSERS
Trousers: 2.5 Meter (RS 680/-Mtr)
Fabric: Cambric
Color: Aqua
Note:
Product color may slightly vary due to photographic lighting sources or your device settings.",https://nishatlinen.com/collections/women/products/42403270,"image_3_198_1.jpg, image_3_198_2.jpg, image_3_198_3.jpg"
2 Piece - Printed Embroidered Suit - 42401284,"Rs. 4,610.00 Rs. 2,996.50","Get an ultimate classy and summery look with this printed embroidered two-piece from the latest unstitched summer collection.
Product Detail:
Floral Prints Style Shirt with Trousers
SHIRT
Printed Super Fine Lawn Shirt: 3 Meter
Embroidered Border
Fabric: Lawn
Color: Light Green
TROUSERS
Printed Cambric Trousers: 2.5 Meter
Fabric: Cambric
Color: Light Green
Note:
Product color may slightly vary due to photographic lighting sources or your device settings.",https://nishatlinen.com/products/42401284,"image_3_199_1.jpg, image_3_199_2.jpg, image_3_199_3.jpg"
Embroidered Jacket - AS24-80 - S,"Rs. 5,130.00 Rs. 3,078.00","Make your day memorable with this embroidered jacket from the latest pret summer collection.
Product Detail
Embroidered Jacket
Jacket
Round Neckline, Embroidered Front
Fabric: Cambric
Color: Black
Note:
Product color may vary slightly due to photographic lighting sources or monitor settings.",https://nishatlinen.com/collections/women/products/as24-80,"image_3_200_1.jpg, image_3_200_2.jpg, image_3_200_3.jpg"
3 Piece - Printed Embroidered Suit - 42401821,"Rs. 9,990.00 Rs. 6,493.50","Make your day magnificent by wearing this printed embroidered three-piece from the latest unstitched summer collection.
Product Detail:
Embroidered Dupatta With Textured Shirt and Trousers
SHIRT
Printed Super Fine Lawn Shirt: 3 Meter
Embroidered Front + Sleeves + Border
Fabric: Lawn
Color: Green
DUPATTA
Embroidered Organza Dupatta: 2.5 Meter
Fabric: Organza
Color: Green
TROUSERS
Solid Cambric Trousers: 2.5 Meter
Fabric: Cambric
Color: Green
Note:
Product color may slightly vary due to photographic lighting sources or your device settings.",https://nishatlinen.com/collections/women/products/42401821,"image_3_201_1.jpg, image_3_201_2.jpg, image_3_201_3.jpg"
3 Piece - Embroidered Suit - 42401428,"Rs. 9,740.00 Rs. 6,331.00","Drape yourself in class and embody elegance with this embroidered three-piece from the latest unstitched summer collection.
Product Detail:
Bold Flower With Silhouettes Style Shirt with Dupatta and Trousers
SHIRT
Dyed Cambric Shirt: 3 Meter
Embroidered Front + Motifs 
Fabric: Cambric
Color: Yellow
DUPATTA
Digital Printed Pure Chiffon Dupatta: 2.5 Meter
Fabric: Chiffon
Color: Black
TROUSERS
Dyed Cambric Trousers: 2.5 Meter
Fabric: Cambric
Color: Yellow
Note:
Product color may slightly vary due to photographic lighting sources or your device settings.",https://nishatlinen.com/products/42401428,"image_3_202_1.jpg, image_3_202_2.jpg, image_3_202_3.jpg"
Embroidered Shirt - PE24-142 - XS,"Rs. 5,130.00 Rs. 3,078.00","Ease your confusion for styling by wearing this embroidered shirt from the latest pret summer collection.
Product Detail
Embroidered Shirt
Shirt
Band Neckline With Piping & Tassels Detail, Embroidered Sleeves
Fabric: Jacquard
Color: Orchid
Note:
Product color may vary slightly due to photographic lighting sources or monitor settings.",https://nishatlinen.com/collections/women/products/pe24-142,"image_3_203_1.jpg, image_3_203_2.jpg, image_3_203_3.jpg"
3 Piece - Basic Suit - PS24-48 - L,"Rs. 9,230.00 Rs. 5,538.00","Discover self-empowerment through fashion in this basic three-piece suit from the latest pret pre summer collection.
Product Detail
Basic Shirt With Dupatta & Trousers
Shirt
Band Neckline With Placket, Lace & Pintucks Detail On Sleeves
Fabric: Jacquard
Color: Turquoise
Dupatta
Adda Detail On Hem
Fabric: Net
Color: Turquoise
Trousers
Fabric: Cambric
Color: Turquoise
Note:
Product color may vary slightly due to photographic lighting sources or monitor settings.",https://nishatlinen.com/collections/women/products/ps24-48,"image_3_204_1.jpg, image_3_204_2.jpg, image_3_204_3.jpg"
3 Piece - Printed Loose Fabric - 42403275 - Shirt / 3 / 3,Rs. 455.00 - Rs. 527.00,"Illuminate your presence with this printed three-piece from the latest freedom to buy summer collection.
Product Detail:
Decorative Printed Style Shirt with Dupatta and Trousers
SHIRT
Shirt: 3 Meter (RS 750/-Mtr)
Fabric: Lawn
Color: Grey
DUPATTA
Dupatta: 2.5 Meter (RS 780/-Mtr)
Fabric: Voile
Color: Grey
TROUSERS
Trousers: 2.5 Meter (RS 680/-Mtr)
Fabric: Cambric
Color: ﻿Grey
Note:
Product color may slightly vary due to photographic lighting sources or your device settings.",https://nishatlinen.com/collections/women/products/42403275,"image_3_205_1.jpg, image_3_205_2.jpg, image_3_205_3.jpg"
3 Piece - Printed Loose Fabric - 42403239 - Dupatta / 2.5 / 2.5,Rs. 455.00 - Rs. 527.00,"Embrace elegance with the delicate beauty of this printed three-piece from the latest freedom to buy summer collection.
Product Detail
Modern Style Abstract Floral Printed Shirt with Dupatta and Trousers
SHIRT
Shirt: 3 Meter (RS 750/-Mtr)
Fabric: Lawn
Color: White
DUPATTA
Dupatta: 2.5 Meter (RS 780/-Mtr)
Fabric: Voile
Color: Yellow
TROUSERS
Trousers: 2.5 Meter (RS 680/-Mtr)
Fabric: Cambric
Color: White
Note:
Product color may slightly vary due to photographic lighting sources or your device settings.",https://nishatlinen.com/collections/women/products/42403239,"image_3_206_1.jpg, image_3_206_2.jpg, image_3_206_3.jpg"
2 Piece - Dyed Embroidered Suit - 42401957,"Rs. 5,640.00 Rs. 3,666.00","Add a touch of depth and charm to your personality by wearing this dyed embroidered two-piece from the latest unstitched summer collection.
Product Detail:
Style Shirt with Trousers
SHIRT
Solid Cambric Shirt: 3 Meter
Embroidered Front + Sleeves + Border
Fabric: Cambric
Color: Mint
TROUSERS
Solid Cambric Trousers: 2.5 Meter
Fabric: Cambric
Color: Mint
Note:
Product color may slightly vary due to photographic lighting sources or your device settings.",https://nishatlinen.com/collections/women/products/42401957,"image_3_207_1.jpg, image_3_207_2.jpg, image_3_207_3.jpg"
Embroidered Trousers - PS24-183 - XS,"Rs. 2,770.00 Rs. 1,662.00","Elevate your fashion game with this embroidered trousers from the latest pret summer collection. 
Product Detail
Embroidered Trousers
Trousers
Loose Straight Trousers With Embroidered Hem
Fabric: Cambric
Color: Beige
Note:
Product color may vary slightly due to photographic lighting sources or monitor settings.",https://nishatlinen.com/products/ps24-183,"image_3_208_1.jpg, image_3_208_2.jpg, image_3_208_3.jpg"
Basic Shirt - PE24-130 - XS,"Rs. 4,100.00 Rs. 2,460.00","Ease your confusion for styling by wearing this basic shirt from the latest pret summer collection.
Product Detail
Basic Shirt
Shirt
Tassels Detail On Neckline, Top Stitching & Pearl Detail On Sleeves Hem, Box Pleat Detail On Back, Front Open Shirt
Fabric: Cambric
Color: Orange
Note:
Product color may vary slightly due to photographic lighting sources or monitor settings.",https://nishatlinen.com/collections/women/products/pe24-130,"image_3_209_1.jpg, image_3_209_2.jpg, image_3_209_3.jpg"
3 Piece - Gold Printed Loose Fabric - 42403309 - Dupatta / 2.5 / 2.5,Rs. 880.00 Rs. 572.00,"Uplift your look with this gold printed three-piece from the latest freedom to buy summer collection.
Product Detail:
Embellished Motifs Prints Style Shirt with Dupatta and Trousers 
SHIRT
Shirt: 3 Meter (RS 800/-Mtr)
Fabric: Lawn
Color: Black
DUPATTA
Dupatta: 2.5 Meter (RS 850/-Mtr)
Fabric: Voile
Color: Black
TROUSERS
Trousers: 2.5 Meter (RS 680/-Mtr)
Fabric: Cambric
Color: Black
Note:
Product color may slightly vary due to photographic lighting sources or your device settings.",https://nishatlinen.com/products/42403309,"image_3_210_1.jpg, image_3_210_2.jpg, image_3_210_3.jpg"
Slip - PW24-99 - XS,"Rs. 1,350.00 Rs. 1,080.00","Add comfort and a soft and smooth feel to your daily wear with this slip from the latest winter collection.  
Product Detail
Basic Slip
Slip
Round Neckline Slip
Fabric: Voile
Color: Off White
Note:
Product color may slightly vary due to photographic lighting sources or your monitor settings.",https://nishatlinen.com/collections/women/products/pw24-99,image_3_211_1.jpg
2 Piece - Embroidered Suit - PS24-110 - XS,"Rs. 6,690.00 Rs. 4,014.00","Radiate positivity and vibrancy in this embroidered two-piece suit from the latest pret summer collection. 
Product Detail
Embroidered Shirt With Trousers
Shirt
Round Neckline With Slit, Cuffed Sleeves With pearls Detail, Embroidered Front, Round Hem, Straight Shirt
Fabric: Cambric
Color: Blue
Trousers
Fitted Trousers
Fabric: Cambric
Color: Blue
Note:
Product color may vary slightly due to photographic lighting sources or monitor settings.",https://nishatlinen.com/products/ps24-110,"image_3_212_1.jpg, image_3_212_2.jpg, image_3_212_3.jpg"
2 Piece - Printed Embroidered Suit - 42401767,"Rs. 5,130.00 Rs. 3,334.50","Lighten up your mood in this printed embroidered two-piece from the latest unstitched summer collection.
Product Detail:
Paisley Style Shirt with Dupatta
SHIRT
Printed Super Fine Lawn Shirt: 3 Meter
Embroidered Motifs + Border
Fabric: Lawn
Color: Blue
DUPATTA
Printed Crinkle Chiffon Dupatta: 2.5 Meter
Fabric: Crinkle Chiffon
Color: Blue
Note:
Product color may slightly vary due to photographic lighting sources or your device settings.",https://nishatlinen.com/products/42401767,"image_3_213_1.jpg, image_3_213_2.jpg, image_3_213_3.jpg"
3 Piece - Printed Loose Fabric - 42403369 - Shirt / 3 / 3,Rs. 455.00 - Rs. 533.00,"Look gorgeous effortlessly by wearing this printed three-piece from the latest freedom to buy summer collection.
Product Detail
Abstract Floral With Lines Printed Style Shirt with Dupatta and Trousers 
SHIRT
Shirt: 3 Meter (RS 780/-Mtr) 
Fabric: Lawn
Color: Beige
Note: Fabric is used in shoot for trouser is shirt fabric 
DUPATTA
Dupatta: 2.5 Meter (RS 800/-Mtr) 
Fabric: Voile
Color: Beige
Note: Fabric is used in shoot for jacket is dupatta fabric
TROUSERS
Trousers: 2.5 Meter (RS 700/-Mtr) 
Fabric: Cambric
Color: Beige
Note: Fabric is used in shoot for inner shirt is trousers fabric
Note:
Product color may slightly vary due to photographic lighting sources or your device settings.",https://nishatlinen.com/products/42403369,"image_3_214_1.jpg, image_3_214_2.jpg, image_3_214_3.jpg"
Embroidered Trousers - PE24-237 - XS,"Rs. 2,350.00 Rs. 1,410.00","Upgrade your wardrobe with this embroidered trousers from the latest pret summer collection.
Product Detail
Embroidered Trousers
Trousers
Straight Trousers With Embroidered Hem
Fabric: Cambric
Color: Black
Note:
Product color may vary slightly due to photographic lighting sources or monitor settings.",https://nishatlinen.com/products/pe24-237,"image_3_215_1.jpg, image_3_215_2.jpg, image_3_215_3.jpg"
Embroidered Tunic - PS24-317 - XS,"Rs. 4,000.00 Rs. 2,400.00","Make your look vibrant with this embroidered tunic from the latest pret summer collection.
Product Detail
Embroidered Tunic
Tunic
Band Neckline, Gathered Sleeves, Gathered Waist With Dorri & Tassels Detail, Embroidered Tunic
Fabric: Cambric
Color: Green
Note:
Product color may vary slightly due to photographic lighting sources or monitor settings.",https://nishatlinen.com/collections/women/products/ps24-317,"image_3_216_1.jpg, image_3_216_2.jpg, image_3_216_3.jpg"
2 piece - Digital Printed Embroidered Suit - 42401738,"Rs. 5,130.00 Rs. 3,334.50","Get a stunning & fabulous blend of eye-catching by wearing this digital printed embroidered two-piece from the latest unstitched summer collection.
Product Detail:
Floral Prints Style Shirt with Trousers
SHIRT
Digital Printed Cambric Shirt: 3 Meter
3 Embroidered Motifs
Fabric: Cambric
Color: Red
TROUSERS
Solid Cambric Trousers: 2.5 Meter
Fabric: Cambric
Color: Red
Note:
Product color may slightly vary due to photographic lighting sources or your device settings.",https://nishatlinen.com/collections/women/products/42401738,"image_3_217_1.jpg, image_3_217_2.jpg, image_3_217_3.jpg"
3 Piece - Printed Loose Fabric - 42403304 - Shirt / 3 / 3,Rs. 880.00 Rs. 572.00,"Amaze yourself in this printed three-piece from the latest freedom to buy summer collection.
Product Detail:
Floral Vines With Stripes Printed Style Shirt with Dupatta and Trousers 
SHIRT
Shirt: 3 Meter (RS 750/-Mtr)
Fabric: Lawn
Color: Blue
DUPATTA
Dupatta: 2.5 Meter (RS 780/-Mtr)
Fabric: Voile
Color: Blue & Red
TROUSERS
Trousers: 2.5 Meter (RS 680/-Mtr)
Fabric: Cambric
Color: Blue
Note:
Product color may slightly vary due to photographic lighting sources or your device settings.",https://nishatlinen.com/products/42403304,"image_3_218_1.jpg, image_3_218_2.jpg, image_3_218_3.jpg"
2 Piece - Printed Suit - PS24-291 - XS,"Rs. 5,130.00 Rs. 3,078.00","Embrace glamour & shine like a star with this printed two-piece suit from the latest pret summer collection. 
Product Detail
Printed Shirt With Trousers
Shirt
Overlap V Neckline With Placket, Loose Long Straight Shirt
Fabric: Cambric
Color: Red
Trousers
Loose Straight Trousers
Fabric: Cambric
Color: Red
Note:
Product color may vary slightly due to photographic lighting sources or monitor settings.",https://nishatlinen.com/collections/women/products/ps24-291,"image_3_219_1.jpg, image_3_219_2.jpg, image_3_219_3.jpg"
Embroidered Trousers - PE24-367 - XS,"Rs. 2,560.00 Rs. 1,536.00","Look and feel your best by wearing this embroidered trousers from the latest pret summer collection.
Product Detail
Embroidered Trousers
Trousers
Straight Trousers With Embroidered Hem
Fabric: Cambric
Color: White
Note:
Product color may vary slightly due to photographic lighting sources or monitor settings.",https://nishatlinen.com/products/pe24-367,"image_3_220_1.jpg, image_3_220_2.jpg, image_3_220_3.jpg"
1 Piece - Digital Printed Loose Fabric - 42403395 - Shirt / 3 / 3,Rs. 830.00 Rs. 540.00,"Unleash your creativity and fashion a unique style with this digital printed one-piece from the latest freedom to buy summer collection.
Product Detail:
Tie & Dye Textures Printed Style Shirt 
SHIRT
Shirt: 3 Meter (RS 830/-Mtr)
Fabric: Cotton Green Naps
Color: Maroon

Note:
Product color may slightly vary due to photographic lighting sources or your device settings.",https://nishatlinen.com/collections/women/products/42403395,"image_3_221_1.jpg, image_3_221_2.jpg, image_3_221_3.jpg"
2 Piece - Printed Suit - PS24-310 - XS,"Rs. 5,130.00 Rs. 3,078.00","Get a timeless, sophisticated look by wearing this printed two-piece suit from the latest pret summer collection.
Product Detail
Printed Shirt With Trousers
Shirt
Band Neckline, High & Low Hem, Button Down Shirt
Fabric: Cambric
Color: Coral
Trousers
Straight Trousers
Fabric: Cambric
Color: Coral
Note:
Product color may vary slightly due to photographic lighting sources or monitor settings.",https://nishatlinen.com/collections/women/products/ps24-310,"image_3_222_1.jpg, image_3_222_2.jpg, image_3_222_3.jpg"
3 Piece - Embroidered Suit - 42401080,"Rs. 9,230.00 Rs. 5,999.50","Be yourself fabulous by wearing this embroidered three-piece from the latest unstitched summer collection.
Product Detail:
Marine Motifs With Laces Style Shirt with Dupatta and Trousers
SHIRT
Embroidered Cambric Front: 1.15 Meter
Dyed Cambric Back & Sleeves: 1.85 Meter
Embroidered Motifs
Fabric: Cambric
Color: Off White
DUPATTA
Digital Printed Soft Net Dupatta: 2.5 Meter
Fabric: Net
Color: Blue
TROUSERS
Dyed Cambric Trousers: 2.5 Meter
Fabric: Cambric
Color: ﻿Off White
Note:
Product color may slightly vary due to photographic lighting sources or your device settings.",https://nishatlinen.com/products/42401080,"image_3_223_1.jpg, image_3_223_2.jpg, image_3_223_3.jpg"
3 Piece - Digital Printed Loose Fabric - 42403152 - Dupatta / 2.5 / 2.5,Rs. 830.00 Rs. 540.00,"Mesmerize in this trendy digital printed three-piece from the latest freedom to buy summer collection.
Product Detail:
Floral Mix With Embellished Borders Printed Style Shirt with Dupatta and Trousers
SHIRT
Shirt: 3 Meter (RS 750/-Mtr)
Fabric: Lawn
Color: Purple
DUPATTA
Dupatta: 2.5 Meter (RS 780/-Mtr)
Fabric: Voile
Color: Purple
TROUSERS
Trousers: 2.5 Meter (RS 650/-Mtr)
Fabric: Cambric
Color: Purple
Note:
Product color may slightly vary due to photographic lighting sources or your device settings.",https://nishatlinen.com/collections/women/products/42403152,"image_3_224_1.jpg, image_3_224_2.jpg, image_3_224_3.jpg"
3 Piece - Printed Embroidered Suit - 42401402,"Rs. 7,180.00 Rs. 4,667.00","Experience the embodiment of ethereal beauty with this printed embroidered three-piece from the latest unstitched summer collection.
Product Detail:
Ralli Patterns Style Shirt with Dupatta and Trousers
SHIRT
Embroidered Super Fine Lawn Front: 1.15 Meter
Printed Super Fine Lawn Back & Sleeves: 1.18 Meter
Embroidered Motifs + Border
Fabric: Lawn
Color: Cream
DUPATTA
Digital Printed Banarsi Slub Dupatta: 2.5 Meter
Fabric: Banarsi Slub
Color: Orange
TROUSERS
Printed Cambric Trousers: 2.5 Meter
Fabric: Cambric
Color: Cream
Note:
Product color may slightly vary due to photographic lighting sources or your device settings.",https://nishatlinen.com/collections/women/products/42401402,"image_3_225_1.jpg, image_3_225_2.jpg, image_3_225_3.jpg"
3 Piece - Printed Suit - 42401659,"Rs. 5,640.00 Rs. 3,666.00","Get special attention is given by wearing this printed three-piece from the latest unstitched summer collection.
Product Detail:
Bold Flowers Prints Style Shirt with Dupatta and Trousers
SHIRT
Printed Super Fine Lawn Shirt: 3 Meter
Fabric: Lawn
Color: Purple
DUPATTA
Digital Printed Muzlin Dupatta: 2.5 Meter
Fabric: Muzlin
Color: Purple
TROUSERS
Dyed Cambric Trousers: 2.5 Meter
Fabric: Cambric
Color: ﻿Purple
Note:
Product color may slightly vary due to photographic lighting sources or your device settings.",https://nishatlinen.com/collections/women/products/42401659,"image_3_226_1.jpg, image_3_226_2.jpg, image_3_226_3.jpg"
3 Piece - Printed Embroidered Suit - 42401364,"Rs. 8,200.00 Rs. 5,330.00","Embody the spirit of sophistication by wearing this printed embroidered three-piece from the latest unstitched summer collection.
Product Detail:
Abstract Patterns Printed Style Shirt with Dupatta and Trousers
SHIRT
Printed Cambric Shirt: 3 Meter
4 Embroidered Motifs
Fabric: Cambric
Color: Off White
DUPATTA
Block Printed Khadi Silk Dupatta: 2.5 Meter
Fabric: Khadi Silk
Color: Off White
TROUSERS
Dyed Cambric Trousers: 3 Meter
Fabric: Cambric
Color: Off White
Note:
Product color may slightly vary due to photographic lighting sources or your device settings.",https://nishatlinen.com/collections/women/products/42401364,"image_3_227_1.jpg, image_3_227_2.jpg, image_3_227_3.jpg"
3 Piece - Yarn Dyed Embroidered Suit - 42402165,"Rs. 8,490.00 Rs. 6,792.00","Express yourself with confidence yarn dyed embroidered three-piece from the latest unstitched summer collection.
Product Detail:
Yarn Dyed Dupatta With Banarsi Booti Shirt and Trousers
SHIRT
Jacquard Shirt: 3 Meter
Embroidered Neckline + Border
Fabric: Jacquard
Color: Coral
DUPATTA
Yarn Dyed Dupatta: 2.5 Meter
Fabric: Yarn Dyed
Color: Coral
TROUSERS
Solid Cambric Trousers: 2.5 Meter
Fabric: Solid Cambric
Color: Coral
Note:
Product color may slightly vary due to photographic lighting sources or your device settings.",https://nishatlinen.com/products/42402165,"image_3_228_1.jpg, image_3_228_2.jpg, image_3_228_3.jpg"
3 Piece - Printed Loose Fabric - 42403167 - Shirt / 3 / 3,Rs. 830.00 Rs. 540.00,"Command attention and leave a lasting impression with this printed three-piece from the latest freedom to buy summer collection.
Product Detail:
Abstract Flower Bunches Printed Style Shirt with Dupatta and Trousers
SHIRT
Shirt: 3 Meter (RS 730/-Mtr)
Fabric: Lawn
Color: Skin
DUPATTA
Dupatta: 2.5 Meter (RS 750/-Mtr)
Fabric: Voile
Color: Skin
TROUSERS
Trousers: 2.5 Meter (RS 650/-Mtr)
Fabric: Cambric
Color: Skin
Note:
Product color may slightly vary due to photographic lighting sources or your device settings.",https://nishatlinen.com/products/42403167,"image_3_229_1.jpg, image_3_229_2.jpg, image_3_229_3.jpg"
2 Piece - Digital Printed Embroidered Suit - 42401097,"Rs. 4,610.00 Rs. 2,996.50","Indulge in the gentle allure of woven dreams with this digital printed embroidered two-piece from the latest unstitched summer collection.
Product Detail:
Floral Prints Style Shirt with Trousers
SHIRT
Digital Printed Super Fine Lawn Shirt: 3 Meter
Embroidered Border
Fabric: Lawn
Color: Black
TROUSERS
Dyed Cambric Trousers: 2.5 Meter
Fabric: Cambric
Color: Off White
Note:
Product color may slightly vary due to photographic lighting sources or your device settings.",https://nishatlinen.com/collections/women/products/42401097,"image_3_230_1.jpg, image_3_230_2.jpg, image_3_230_3.jpg"
2 Piece - Printed Embroidered Suit - PS24-275 - XS,"Rs. 6,690.00 Rs. 4,014.00","Radiate positivity and vibrancy in this printed embroidered two-piece suit from the latest pret summer collection.
Product Detail
Printed Embroidered Shirt With Trousers
Shirt
Band Neckline With Placket, Embroidered Panels, Long Straight Shirt
Fabric: Lawn
Color: Light Green
Trousers
Loose Straight Trousers
Fabric: Cambric
Color: Light Green
Note:
Product color may vary slightly due to photographic lighting sources or monitor settings.",https://nishatlinen.com/products/ps24-275,"image_3_231_1.jpg, image_3_231_2.jpg, image_3_231_3.jpg"
3 Piece - Printed Embroidered Suit - 42401843,"Rs. 7,690.00 Rs. 4,998.50","Look gorgeous effortlessly by wearing printed embroidered three-piece from the latest unstitched summer collection.
Product Detail:
Banarsi Patterns Style Shirt with Dupatta and Trousers
SHIRT
Printed Lawn Shirt: 3 Meter
2 Embroidered Motifs + Border
Fabric: Lawn
Color: Dull Maroon
DUPATTA
Digital Printed Zari Lawn Dupatta: 2.5 Meter
Fabric: Zari Lawn
Color: Dull Maroon
TROUSERS
Dyed Cambric Trousers: 2.5 Meter
Fabric: Cambric
Color: Dull Maroon
Note:
Product color may slightly vary due to photographic lighting sources or your device settings.",https://nishatlinen.com/collections/women/products/42401843,"image_3_232_1.jpg, image_3_232_2.jpg, image_3_232_3.jpg"
Embroidered Shirt - PE24-14 - XS,"Rs. 5,130.00 Rs. 3,078.00","Look and feel your best by wearing this embroidered shirt from the latest pret summer collection.
Product Detail
Embroidered Shirt
Shirt
Round Neckline With Placket, Embroidered Neckline & Sleeves
Fabric: Cambric
Color: Marigold
Note:
Product color may vary slightly due to photographic lighting sources or monitor settings.",https://nishatlinen.com/products/pe24-14,"image_3_233_1.jpg, image_3_233_2.jpg, image_3_233_3.jpg"
3 Piece - Printed Loose Fabric - 42403049 - Shirt / 3 / 3,Rs. 670.00 Rs. 436.00,"Brighten up your wardrobe with this printed three-piece from the latest freedom to buy summer collection.
Product Detail:
Floral Geometric Mix Printed Style Shirt with Dupatta and Trousers
SHIRT
Shirt: 3 Meter (RS 730/-Mtr)
Fabric: Lawn
Color: Dull Peach
DUPATTA
Dupatta: 2.5 Meter (RS 750/-Mtr)
Fabric: Voile
Color: Dull Peach
TROUSERS
Trousers: 2.5 Meter (RS 650/-Mtr)
Fabric: Cambric
Color: ﻿Dull Peach
Note:
Product color may slightly vary due to photographic lighting sources or your device settings.",https://nishatlinen.com/collections/women/products/42403049,"image_3_234_1.jpg, image_3_234_2.jpg, image_3_234_3.jpg"
3 Piece - Embroidered Suit - 42402061,"Rs. 8,690.00 Rs. 5,648.50","Be exclusive in this unique embroidered three-piece from the latest unstitched summer collection.
Product Detail:
Ethnic Patterns With Embellished Motifs Style Shirt with Dupatta and Trousers
SHIRT
Solid Slub Cambric Shirt: 3 Meter
Embroidered Front + Sleeves + Motifs
Fabric: Cambric
Color: Red
DUPATTA
Digital Printed Slub Dupatta: 2.5 Meter
Fabric: Slub
Color: Red
TROUSERS
Solid Cambric Trousers: 2.5 Meter
Fabric: Cambric
Color: Red
Note:
Product color may slightly vary due to photographic lighting sources or your device settings.",https://nishatlinen.com/products/42402061,"image_3_235_1.jpg, image_3_235_2.jpg, image_3_235_3.jpg"
3 Piece - Printed Loose Fabric - 42403247 - Shirt / 3 / 3,Rs. 455.00 - Rs. 527.00,"Turn every moment into a cherished memory with our elegantly printed three-piece from the latest freedom to buy summer collection.
Product Detail:
Animal Printed Style Shirt with Dupatta and Trousers
SHIRT
Shirt: 3 Meter (RS 750/-Mtr)
Fabric: Lawn
Color: Black & Gold
DUPATTA
Dupatta: 2.5 Meter (RS 780/-Mtr)
Fabric: Voile
Color: Black & Gold
TROUSERS
Trousers: 2.5 Meter (RS 680/-Mtr)
Fabric: Cambric
Color: Gold
Note:
Product color may slightly vary due to photographic lighting sources or your device settings.",https://nishatlinen.com/collections/women/products/42403247,"image_3_236_1.jpg, image_3_236_2.jpg, image_3_236_3.jpg"
3 Piece - Printed Loose Fabric - 42403023 - Shirt / 3 / 3,Rs. 670.00 Rs. 436.00,"Adorn your authenticity in the printed three-piece from the latest freedom to buy summer collection.
Product Detail
Abstract Floral Printed Style Shirt with Dupatta and Trousers
SHIRT
Shirt: 3 Meter (RS 730/-Mtr)
Fabric: Lawn
Color: Light Pastel Yellow
DUPATTA
Dupatta: 2.5 Meter (RS 750/-Mtr)
Fabric: Voile
Color: Light Pastel Yellow
TROUSERS
Trousers: 2.5 Meter (RS 650/-Mtr)
Fabric: Cambric
Color: Light Pastel Yellow
Note:
Product color may slightly vary due to photographic lighting sources or your device settings.",https://nishatlinen.com/collections/women/products/42403023,"image_3_237_1.jpg, image_3_237_2.jpg, image_3_237_3.jpg"
3 Piece - Printed Embroidered Suit - 42401704,"Rs. 7,690.00 Rs. 4,998.50","Catch elegance beauty with printed embroidered three-piece from the latest unstitched summer collection.
Product Detail:
Chunri Style Shirt with Dupatta and Trousers
SHIRT
Printed Super Fine Lawn Shirt: 3 Meter
Embroidered Neckline + Border
Fabric: Lawn
Color: Orange
DUPATTA
Printed Voile Dupatta: 2.5 Meter
Fabric: Voile
Color: Orange
TROUSERS
Printed Cambric Trousers: 2.5 Meter
Fabric: Cambric
Color: ﻿Orange
Note:
Product color may slightly vary due to photographic lighting sources or your device settings.",https://nishatlinen.com/products/42401704,"image_3_238_1.jpg, image_3_238_2.jpg, image_3_238_3.jpg"
1 Piece - Dyed Loose Fabric - 42402012-1 - Shirt / 3 / 3,Rs. 670.00 Rs. 436.00,"Unveil your summer glow in our carefully curated, dyed one-piece from the latest freedom to buy summer collection.
Product Detail:
Shirt
SHIRT
Shirt: 3 Meter (RS 650/-Mtr)
Fabric: Cambric
Color: Red
Note:
Product color may slightly vary due to photographic lighting sources or your device settings.",https://nishatlinen.com/collections/women/products/42402012-1,"image_3_239_1.jpg, image_3_239_2.jpg, image_3_239_3.jpg"
Printed Shirt- FS24-60 - XS,"Rs. 6,150.00 Rs. 3,690.00","Enhance your seasonal wardrobe grace with this sophisticated printed shirt from the latest pret summer collection.
Product Detail
Printed Long Shirt
Shirt
Round Neckline With V Slit, Front Open At Hem, Straight Cut Long Shirt 
Fabric: Lawn
Color: Pink
Note:
Product color may vary slightly due to photographic lighting sources or monitor settings.",https://nishatlinen.com/collections/women/products/fs24-60,"image_3_240_1.jpg, image_3_240_2.jpg, image_3_240_3.jpg"
3 Piece - Printed Loose Fabric - 42403003 - Dupatta / 2.5 / 2.5,Rs. 670.00 Rs. 436.00,"Ignite your style with our trend by embracing the printed three-piece from the latest freedom to buy summer collection.
Product Detail:
Paisleys Printed Style Shirt with Dupatta and Trousers
SHIRT
Shirt: 3 Meter (RS 730/-Mtr)
Fabric: Lawn
Color: Off White
DUPATTA
Dupatta: 2.5 Meter (RS 750/-Mtr)
Fabric: Voile
Color: Off White
TROUSERS
Trousers: 2.5 Meter (RS 650/-Mtr)
Fabric: Cambric
Color: ﻿Off White
Note:
Product color may slightly vary due to photographic lighting sources or your device settings.",https://nishatlinen.com/collections/women/products/42403003,"image_3_241_1.jpg, image_3_241_2.jpg, image_3_241_3.jpg"
Printed Dress - FS24-18 - XS,"Rs. 7,700.00 Rs. 4,620.00","Enhance your wardrobe's versatility with this printed dress from the latest summer collection.
Product Detail
Printed Dress
Dress
V Neckline, Dorri & Tassels Detail At Gathered Waistline
Fabric: Monar Gold
Color: Blue
Note:
Product color may vary slightly due to photographic lighting sources or monitor settings.",https://nishatlinen.com/products/fs24-18,"image_3_242_1.jpg, image_3_242_2.jpg, image_3_242_3.jpg"
2 Piece - Printed Suit - PS24-265 - XS / S,"Rs. 4,510.00 Rs. 2,706.00","Make visually pleasing and appealing look with this printed two-piece suit from the latest pret summer collection.
Product Detail
Printed Tunic With Trousers
Tunic
Band Neckline With Placket, Short Tunic
Fabric: Cambric
Color: Yellow
Trousers
Loose Trousers
Fabric: Cambric
Color: Yellow
Note:
Product color may vary slightly due to photographic lighting sources or monitor settings.",https://nishatlinen.com/collections/women/products/ps24-265,"image_3_243_1.jpg, image_3_243_2.jpg, image_3_243_3.jpg"
3 Piece - Embroidered Suit - PS24-112 - XS,"Rs. 9,290.00 Rs. 5,574.00","Radiate positivity and vibrancy in this embroidered three-piece suit from the latest pret summer collection. 
Product Detail
Embroidered Shirt With Dupatta & Trousers
Shirt
Round Neckline With Slit, Adda Detail On Sleeves, Classic Straight Shirt
Fabric: Cambric
Color: Peach
Dupatta
Fabric: Chiffon
Color: Peach
Trousers
Straight Trousers
Fabric: Cambric
Color: Peach
Note:
Product color may vary slightly due to photographic lighting sources or monitor settings.",https://nishatlinen.com/products/ps24-112,"image_3_244_1.jpg, image_3_244_2.jpg, image_3_244_3.jpg"
Printed Dress - AS24-69 - XS,"Rs. 4,620.00 Rs. 2,772.00","Get a semi-formal look with this amazing and breathtaking printed dress from the latest pret summer collection.
Product Detail
Printed Dress
Dress
Round Neckline With Tie Up Dorri & Tassels Detail, Gathered Sleeves, Long Dress
Fabric: Viscose Lawn
Color: Multi
Note:
Product color may vary slightly due to photographic lighting sources or monitor settings.",https://nishatlinen.com/products/as24-69,"image_3_245_1.jpg, image_3_245_2.jpg, image_3_245_3.jpg"
1 Piece - Printed Loose Fabric - 42403287 - Shirt / 3 / 3,Rs. 455.00 - Rs. 527.00,"Embrace elegance with the delicate beauty of this printed one-piece from the latest freedom to buy summer collection.
Product Detail:
Butterflies Printed Style Shirt
SHIRT
Shirt: 3 Meter (RS 850/-Mtr)
Fabric: Dobby Lawn
Color: Orange
Note:
Product color may slightly vary due to photographic lighting sources or your device settings.",https://nishatlinen.com/products/42403287,"image_3_246_1.jpg, image_3_246_2.jpg, image_3_246_3.jpg"
3 Piece - Printed Embroidered Suit - 42401329,"Rs. 11,790.00 Rs. 7,663.50","Radiate confidence and charm with this printed embroidered three-piece from the latest unstitched summer collection.
Product Detail:
Abstract Floral With Chiffle Embroidered Style Shirt with Dupatta and Trousers
SHIRT
Printed Embroidered Swiss Lawn Front: 1.25 Meter
Printed Swiss Lawn Back & Sleeves: 1.75 Meter
Fabric: Swiss Lawn
Color: Pink & Black
DUPATTA
Dyed Embroidered Swiss Voile Dupatta: 2.5 Meter
Fabric: Swiss Voile
Color:- Black
TROUSERS
Printed Cambric Trousers: 2.5 Meter
Fabric: Cambric
Color: Pink & Black
Note:
Product color may slightly vary due to photographic lighting sources or your device settings.",https://nishatlinen.com/products/42401329,"image_3_247_1.jpg, image_3_247_2.jpg, image_3_247_3.jpg"
Embroidered Shirt - PS24-130 - XS,"Rs. 4,390.00 Rs. 2,634.00","Elevate your look with this embroidered shirt from the latest pret summer collection. 
Product Detail
Embroidered Shirt
Shirt
Round Neckline, Lace Detail On Sleeves, Embroidered Neckline, Straight Shirt
Fabric: Cambric
Color: Brown
Note:
Product color may vary slightly due to photographic lighting sources or monitor settings.",https://nishatlinen.com/collections/women/products/ps24-130,"image_3_248_1.jpg, image_3_248_2.jpg, image_3_248_3.jpg"
Embroidered Jacket - AS24-80 - S,"Rs. 5,130.00 Rs. 3,078.00","Make your day memorable with this embroidered jacket from the latest pret summer collection.
Product Detail
Embroidered Jacket
Jacket
Round Neckline, Embroidered Front
Fabric: Cambric
Color: Black
Note:
Product color may vary slightly due to photographic lighting sources or monitor settings.",https://nishatlinen.com/products/as24-80,"image_3_249_1.jpg, image_3_249_2.jpg, image_3_249_3.jpg"
Embroidered Shirt - PE24-147 - XS,"Rs. 5,640.00 Rs. 3,384.00","Ease your confusion about styling by wearing this embroidered shirt from the latest pret summer collection. 
Product Detail
Embroidered Shirt
Shirt
Band Neckline With Long Piping, Front Embroidered Shirt
Fabric: Cambric
Color: Green
Note:
Product color may vary slightly due to photographic lighting sources or monitor settings.",https://nishatlinen.com/products/pe24-147,"image_3_250_1.jpg, image_3_250_2.jpg, image_3_250_3.jpg"
3 Piece - Printed Loose Fabric - 42403034 - Shirt / 3 / 3,Rs. 670.00 Rs. 436.00,"Look radiant with this printed three-piece from the latest freedom to buy summer collection.
Product Detail:
Sticker Floral Printed Style Shirt with Dupatta and Trousers
SHIRT
Shirt: 3 Meter (RS 730/-Mtr)
Fabric: Lawn
Color: Deep Blue
DUPATTA
Dupatta: 2.5 Meter (RS 750/-Mtr)
Fabric: Voile
Color: Deep Blue
TROUSERS
Trousers: 2.5 Meter (RS 650/-Mtr)
Fabric: Cambric
Color: ﻿Deep Blue
Note:
Product color may slightly vary due to photographic lighting sources or your device settings.",https://nishatlinen.com/collections/women/products/42403034,"image_3_251_1.jpg, image_3_251_2.jpg, image_3_251_3.jpg"
2 Piece - Embroidered Suit - PE24-46 - XS,"Rs. 7,690.00 Rs. 4,614.00","Look and feel your best by wearing this embroidered two-piece suit from the latest pret summer collection.
Product Detail
Embroidered Shirt With Dupatta
Shirt
V Neckline With Adda Work Detail, Pleats Detail on Sleeves, Front Open Shirt
Fabric: Cambric
Color: Pink
Dupatta
Fabric: Gold Stripe Jacquard
Color: Pink
Note:
Product color may vary slightly due to photographic lighting sources or monitor settings.",https://nishatlinen.com/products/pe24-46,"image_3_252_1.jpg, image_3_252_2.jpg, image_3_252_3.jpg"
1 Piece - Gold Printed Loose Fabric - 42403233 - Dupatta / 2.5 / 2.5,Rs. 830.00 Rs. 540.00,"For a fashionable statement adorn this gold printed one-piece from the latest freedom to buy summer collection.
Product Detail:
Tropical Motifs Printed Style Dupatta
DUPATTA
Dupatta: 2.5 Meter (RS 800/-Mtr)
Fabric: Voile
Color: Magenta

Note:
Product color may slightly vary due to photographic lighting sources or your device settings.",https://nishatlinen.com/products/42403233,"image_3_253_1.jpg, image_3_253_2.jpg, image_3_253_3.jpg"
Slip - PS24-284 - XS,"Rs. 1,430.00 Rs. 1,144.00","Add comfort and a soft and smooth feel to your daily wear with this slip from the latest winter collection. 
Product Detail
Basic Slip
Slip
Stylized V Neckline
Fabric: Voile
Color: White
Note:
Product color may slightly vary due to photographic lighting sources or your monitor settings.",https://nishatlinen.com/products/ps24-284,image_3_254_1.jpg
3 Piece - Printed Embroidered Suit - 42402136,"Rs. 10,490.00 Rs. 8,392.00","Uplift your look with this printed embroidered three-piece from the latest unstitched summer collection.
Product Detail:
Jaipur Patterns Style Shirt with Dupatta and Trousers
SHIRT
Printed Cambric Shirt: 3 Meter
Embroidered Front + Border
Fabric: Cambric
Color: Red
DUPATTA
Printed Fancy Brochia Dupatta: 2.5 Meter
Fabric: Fancy Brochia
Color: Red
TROUSERS
Solid Cambric Trousers: 2.5 Meter
Fabric: Cambric
Color: Red
Note:
Product color may slightly vary due to photographic lighting sources or your device settings.",https://nishatlinen.com/collections/women/products/42402136,"image_3_255_1.jpg, image_3_255_2.jpg, image_3_255_3.jpg"
Embroidered Shirt - AS24-58 - XS,"Rs. 4,100.00 Rs. 2,460.00","Feel confident and beautiful with this embroidered shirt from the latest pret summer collection.  
Product Detail
Embroidered Shirt
Shirt
Round Band Neckline, Embroidered Yoke With Gathers Detail, Round Hem
Fabric: Cambric
Color: Peach
Note:
Product color may vary slightly due to photographic lighting sources or monitor settings.",https://nishatlinen.com/products/as24-58,"image_3_256_1.jpg, image_3_256_2.jpg, image_3_256_3.jpg"
2 Piece - Printed Embroidered Suit - 42401281,"Rs. 4,610.00 Rs. 2,996.50","Give your wardrobe a makeover by choosing this printed embroidered two-piece from the latest unstitched summer collection.
Product Detail:
Mughal Booti Prints Style Shirt with Trousers
SHIRT
Printed Super Fine Lawn Shirt: 3 Meter
Embroidered Motifs
Fabric: Lawn
Color: Blue
TROUSERS
Printed Cambric Trousers: 2.5 Meter
Fabric: Cambric
Color: Pink
Note:
Product color may slightly vary due to photographic lighting sources or your device settings.",https://nishatlinen.com/collections/women/products/42401281,"image_3_257_1.jpg, image_3_257_2.jpg, image_3_257_3.jpg"
3 Piece - Embroidered Suit - PS24-119 - XS,"Rs. 9,790.00 Rs. 5,874.00","Radiate positivity and vibrancy in this embroidered three-piece suit from the latest pret summer collection.
Product Detail
Embroidered Shirt With Dupatta & Trousers
Shirt
Round Neckline With Overlap Placket, Embroidered Front & Sleeves, Embroidered Shirt
Fabric: Cambric
Color: Turquoise
Dupatta
Embroidered Dupatta
Fabric: Chiffon
Color: Turquoise
Trousers
Fabric: Cambric
Color: Turquoise
Note:
Product color may vary slightly due to photographic lighting sources or monitor settings.",https://nishatlinen.com/products/ps24-119,"image_3_258_1.jpg, image_3_258_2.jpg, image_3_258_3.jpg"
3 Piece - Printed Embroidered Suit - 42402071,"Rs. 8,690.00 Rs. 5,648.50","Make your day magnificent by wearing this printed embroidered three-piece from the latest unstitched summer collection.
Product Detail:
Kashmiri Motifs Style Shirt with Dupatta and Trousers
SHIRT
Printed Super Fine Lawn Shirt: 3 Meter
Embroidered Motifs + Border
Fabric: Lawn
Color: Peach
DUPATTA
Digital Printed Fancy Jacquard Dupatta: 2.5 Meter
Fabric: Jacquard
Color: Peach
TROUSERS
Solid Cambric Trousers: 2.5 Meter
Fabric: Cambric
Color: Peach
Note:
Product color may slightly vary due to photographic lighting sources or your device settings.",https://nishatlinen.com/products/42402071,"image_3_259_1.jpg, image_3_259_2.jpg, image_3_259_3.jpg"
3 Piece - Printed Suit - 42401810,"Rs. 6,660.00 Rs. 4,329.00","Glow-up for evening events by wearing this printed three-piece from the latest unstitched summer collection.
Product Detail:
Modern Tropical Printed Style Shirt with Dupatta and Trousers
SHIRT
Printed Super Fine Lawn Shirt: 3 Meter
Fabric: Lawn
Color: Black
DUPATTA
Digital Printed Crinkle Chiffon Dupatta: 2.5 Meter
Fabric: Crinkle Chiffon
Color: Black
TROUSERS
Printed Cambric Trousers: 2.5 Meter
Fabric: Cambric
Color: Black
Note:
Product color may slightly vary due to photographic lighting sources or your device settings.",https://nishatlinen.com/collections/women/products/42401810,"image_3_260_1.jpg, image_3_260_2.jpg, image_3_260_3.jpg"
2 Piece - Printed Embroidered Suit - 42401627,"Rs. 5,130.00 Rs. 3,334.50","Elevate your look with this printed embroidered two-piece from the latest unstitched summer collection.
Product Detail:
Ethnic With Color Blockings Prints Style Shirt with Dupatta
SHIRT
Printed Super Fine Lawn Shirt: 3 Meter
Embroidered Motifs
Fabric: Lawn
Color: White
DUPATTA
Digital Printed Crinkle Chiffon Dupatta: 2.5 Meter
Fabric: Crinkle Chiffon
Color: Pink
Note:
Product color may slightly vary due to photographic lighting sources or your device settings.",https://nishatlinen.com/collections/women/products/42401627,"image_3_261_1.jpg, image_3_261_2.jpg, image_3_261_3.jpg"
2 Piece - Printed Embroidered Suit - 42402080,"Rs. 3,990.00 Rs. 2,593.50","Revitalize your style with this printed embroidered two-piece from the latest unstitched summer collection.
Product Detail:
Mughal Booti Style Shirt with Trousers
SHIRT
Printed Cambric Shirt: 3 Meter
4 Embroidered Motifs
Fabric: Cambric
Color: Pink
TROUSERS
Printed Cambric Trousers: 2.5 Meter
Fabric: Cambric
Color: Pink
Note:
Product color may slightly vary due to photographic lighting sources or your device settings.",https://nishatlinen.com/products/42402080,"image_3_262_1.jpg, image_3_262_2.jpg, image_3_262_3.jpg"
3 Piece - Printed Loose Fabric - 42403028 - Shirt / 3 / 3,Rs. 670.00 Rs. 436.00,"Your style, your story with our printed three-piece from the latest freedom to buy summer collection.
Product Detail:
Embellished Style Patterns Shirt with Dupatta and Trousers
SHIRT
Shirt: 3 Meter (RS 730/-Mtr)
Fabric: Lawn
Color: Greyish Blue
DUPATTA
Dupatta: 2.5 Meter (RS 750/-Mtr)
Fabric: Voile
Color: Pink
TROUSERS
Trousers: 2.5 Meter (RS 690/-Mtr)
Fabric: Cambric
Color: ﻿Greyish Blue
Note:
Product color may slightly vary due to photographic lighting sources or your device settings.",https://nishatlinen.com/products/42403028,"image_3_263_1.jpg, image_3_263_2.jpg, image_3_263_3.jpg"
Embroidered Shirt - PE24-75 - XS,"Rs. 4,510.00 Rs. 2,706.00","Embody the epitome of sophistication by wearing this embroidered shirt from the latest pret summer collection.
Product Detail
Embroidered Shirt 
Shirt
Round Neckline With Piping & Slit, Embroidered Front & Sleeves
Fabric: Cambric
Color: Mustard
Note:
Product color may vary slightly due to photographic lighting sources or monitor settings.",https://nishatlinen.com/collections/women/products/pe24-75,"image_3_264_1.jpg, image_3_264_2.jpg, image_3_264_3.jpg"
3 Piece - Printed Suit - 42402045,"Rs. 6,490.00 Rs. 4,218.50","Curate the perfect wardrobe with our printed three-piece from the latest unstitched summer collection.
Product Detail:
Decorative Printed Style Shirt with Dupatta and Trousers
SHIRT
Printed Super Fine Lawn Shirt: 3 Meter
Fabric: Lawn
Color: Gold
DUPATTA
Digital Printed Crinkle Chiffon Dupatta: 2.5 Meter
Fabric: Crinkle Chiffon
Color: Gold
TROUSERS
Solid Cambric Trousers: 2.5 Meter
Fabric: Cambric
Color: Gold
Note:
Product color may slightly vary due to photographic lighting sources or your device settings.",https://nishatlinen.com/products/42402045,"image_3_265_1.jpg, image_3_265_2.jpg, image_3_265_3.jpg"
3 Piece - Printed Loose Fabric - 42403255 - Shirt / 3 / 3,Rs. 455.00 - Rs. 527.00,"Revitalize your casual look with this printed three-piece from the latest freedom to buy summer collection.
Product Detail
Tropical Printed Style Shirt with Dupatta and Trousers
SHIRT
Shirt: 3 Meter (RS 750/-Mtr)
Fabric: Lawn
Color: Green & White
DUPATTA
Dupatta: 2.5 Meter (RS 780/-Mtr)
Fabric: Voile
Color: White
TROUSERS
Trousers: 2.5 Meter (RS 680/-Mtr)
Fabric: Cambric
Color: Green
Note:
Product color may slightly vary due to photographic lighting sources or your device settings.",https://nishatlinen.com/collections/women/products/42403255,"image_3_266_1.jpg, image_3_266_2.jpg, image_3_266_3.jpg"
Embroidered Dress - FE24-75 - XS,"Rs. 16,490.00 Rs. 9,894.00","Effortlessly exude sophistication with this embroidered dress from the latest pret summer collection.
Product Detail
Embroidered Dress
Dress
V Neckline, Front Slit At Hem, Loose Style Dress
Fabric: Fancy Polyester
Color: Green
Note:
Product color may vary slightly due to photographic lighting sources or monitor settings.",https://nishatlinen.com/products/fe24-75,"image_3_267_1.jpg, image_3_267_2.jpg, image_3_267_3.jpg"
2 Piece - Printed Suit - 42402146,"Rs. 3,290.00 Rs. 2,632.00","Brighten up your wardrobe with this printed two-piece from the latest unstitched summer collection.
Product Detail:
Textured Base With Banarsi Style Neckline Shirt with Trousers
SHIRT
Digital Printed Cambric Shirt: 3 Meter
Fabric: Cambric
Color: Green
TROUSERS
Digital Printed Cambric Trousers: 2.5 Meter
Fabric: Cambric
Color: White
Note:
Product color may slightly vary due to photographic lighting sources or your device settings.",https://nishatlinen.com/collections/women/products/42402146,"image_3_268_1.jpg, image_3_268_2.jpg, image_3_268_3.jpg"
1 Piece - Digital Printed Loose Fabric - 42403058 - Shirt / 3 / 3,Rs. 670.00 Rs. 436.00,"Dive into the pool of style with our exclusive digital printed one-piece from the latest freedom to buy summer collection.
Product Detail:
Watercolor Floral Chintz Printed Style Shirt
SHIRT
Shirt: 3 Meter (RS 1090/-Mtr)
Fabric: Fancy Strip
Color: Yellow Ochre
Note:
Product color may slightly vary due to photographic lighting sources or your device settings.",https://nishatlinen.com/products/42403058,"image_3_269_1.jpg, image_3_269_2.jpg, image_3_269_3.jpg"
2 Piece - Printed Embroidered Suit - 42401715,"Rs. 5,640.00 Rs. 3,666.00","Dress up like a queen with this printed embroidered two-piece from the latest unstitched summer collection.
Product Detail:
Baroque Prints Style Shirt with Dupatta
SHIRT
Printed Super Fine Lawn Shirt: 3 Meter
Embroidered Motifs
Fabric: Lawn
Color: Magenta
DUPATTA
Digital Printed Zari Chiffon Dupatta: 2.5 Meter
Fabric: Chiffon
Color: Magenta
Note:
Product color may slightly vary due to photographic lighting sources or your device settings.",https://nishatlinen.com/products/42401715,"image_3_270_1.jpg, image_3_270_2.jpg, image_3_270_3.jpg"
2 Piece - Printed Embroidered Suit - 42401569,"Rs. 5,130.00 Rs. 3,334.50","Be a style icon with printed embroidered two-piece from the latest unstitched summer collection.
Product Detail:
Laces With Floral Prints Style Shirt with Dupatta
SHIRT
Printed Super Fine Lawn Shirt: 3 Meter
Embroidered Motifs + Border
Fabric: Lawn
Color: Sky Blue
DUPATTA
Digital Printed Muzlin Dupatta: 2.5 Meter
Fabric: Muzlin
Color: ﻿Sky Blue
Note:
Product color may slightly vary due to photographic lighting sources or your device settings.",https://nishatlinen.com/products/42401569,"image_3_271_1.jpg, image_3_271_2.jpg, image_3_271_3.jpg"
3 Piece - Printed Loose Fabric - 42403110 - Shirt / 3 / 3,Rs. 830.00 Rs. 540.00,"Look appealing and graceful in this printed three-piece from the latest freedom to buy summer collection.
Product Detail:
Textured Roses & Stripes Printed Style Shirt with Dupatta and Trousers
SHIRT
Shirt: 3 Meter (RS 730/-Mtr)
Fabric: Lawn
Color: Black
DUPATTA
Dupatta: 2.5 Meter (RS 750/-Mtr)
Fabric: Voile
Color: Black & White
Note: Fabric used in shoot for gown is dupatta fabric
TROUSERS
Trousers: 2.5 Meter (RS 650/-Mtr)
Fabric: Cambric
Color: Black
Note:
Product color may slightly vary due to photographic lighting sources or your device settings.",https://nishatlinen.com/products/42403110,"image_3_272_1.jpg, image_3_272_2.jpg, image_3_272_3.jpg"
3 Piece - Printed Loose Fabric - 42403113 - Shirt / 3 / 3,Rs. 830.00 Rs. 540.00,"Get an essential graceful look in this printed three-piece from the latest freedom to buy summer collection.
Product Detail:
Sunflowers With Tie & Dye Textures Printed Style Shirt with Dupatta and Trousers
SHIRT
Shirt: 3 Meter (RS 730/-Mtr)
Fabric: Lawn
Color: Black & Off White
DUPATTA
Dupatta: 2.5 Meter (RS 750/-Mtr)
Fabric: Voile
Color: Black 
TROUSERS
Trousers: 2.5 Meter (RS 650/-Mtr)
Fabric: Cambric
Color: Off White
Note:
Product color may slightly vary due to photographic lighting sources or your device settings.",https://nishatlinen.com/products/42403113,"image_3_273_1.jpg, image_3_273_2.jpg, image_3_273_3.jpg"
2 Piece - Printed Embroidered Suit - 42402079,"Rs. 3,990.00 Rs. 2,593.50","Revitalize your style with this printed embroidered two-piece from the latest unstitched summer collection.
Product Detail:
Abstract Motifs Prints Style Shirt with Trousers
SHIRT
Solid Cambric Shirt: 3 Meter
Embroidered Front + Border
Fabric: Cambric
Color: Beige
TROUSERS
Digital Printed Cambric Trousers: 2.5 Meter
Fabric: Cambric
Color: Beige
Note:
Product color may slightly vary due to photographic lighting sources or your device settings.",https://nishatlinen.com/collections/women/products/42402079,"image_3_274_1.jpg, image_3_274_2.jpg, image_3_274_3.jpg"
2 Piece - Printed Suit - PS24-306 - XS,"Rs. 4,510.00 Rs. 2,706.00","Make your day glorious in this printed two-piece suit from the latest pret summer collection. 
Product Detail
Printed Shirt With Trousers
Shirt
Pointed Collar Neckline, Round Hem Shirt
Fabric: Cambric
Color: Black
Trousers
Printed Trousers
Fabric: Cambric
Color: Black
Note:
Product color may vary slightly due to photographic lighting sources or monitor settings.",https://nishatlinen.com/collections/women/products/ps24-306,"image_3_275_1.jpg, image_3_275_2.jpg, image_3_275_3.jpg"
2 Piece - Embroidered Suit - PS24-316 - XS,"Rs. 8,290.00 Rs. 4,974.00","Radiate confidence and allure in this embroidered two-piece suit from the latest pret summer collection. 
Product Detail
Embroidered Shirt With Dupatta
Shirt
Round Neckline, Embroidered Neckline & Sleeves, Straight Shirt
Fabric: Cambric
Color: Peach
Dupatta
Fabric: Sequence 
Color: Peach
Note:
Product color may vary slightly due to photographic lighting sources or monitor settings.",https://nishatlinen.com/products/ps24-316,"image_3_276_1.jpg, image_3_276_2.jpg, image_3_276_3.jpg"
3 Piece - Embroidered Suit - 42402063,"Rs. 8,690.00 Rs. 5,648.50","Glance yourself in this embroidered three-piece from the latest unstitched summer collection.
Product Detail:
Floral Embellished Mix Style Shirt with Dupatta and Trousers
SHIRT
Solid Slub Cambric Shirt: 3 Meter
Embroidered Front + Motifs
Fabric: Cambric
Color: Navy
DUPATTA
Digital Printed Slub Dupatta: 2.5 Meter
Fabric: Slub
Color: Navy
TROUSERS
Solid Cambric Trousers: 2.5 Meter
Fabric: Cambric
Color: Navy
Note:
Product color may slightly vary due to photographic lighting sources or your device settings.",https://nishatlinen.com/products/42402063,"image_3_277_1.jpg, image_3_277_2.jpg, image_3_277_3.jpg"
1 Piece - Gold & Silver Printed Loose Fabric - 42403357 - Dupatta / 2.5 / 2.5,Rs. 880.00 Rs. 572.00,"Adorn grace with this gold & silver printed one-piece from the latest freedom to buy summer collection.
Product Detail:
Modern Prints Style Dupatta
Dupatta
Dupatta: 2.5 Meter (RS 850/-Mtr)
Fabric: Voile
Color: Blue
Note:
Product color may slightly vary due to photographic lighting sources or your device settings.",https://nishatlinen.com/collections/women/products/42403357,"image_3_278_1.jpg, image_3_278_2.jpg, image_3_278_3.jpg"
3 Piece - Printed Loose Fabric - 42403246 - Shirt / 3 / 3,Rs. 455.00 - Rs. 527.00,"Turn every moment into a cherished memory with our elegantly printed three-piece from the latest freedom to buy summer collection.
Product Detail:
Geometric Patterns With Floral Silhouettes Printed Shirt with Dupatta and Trousers
SHIRT
Shirt: 3 Meter (RS 750/-Mtr)
Fabric: Lawn
Color: Orange
DUPATTA
Dupatta: 2.5 Meter (RS 780/-Mtr)
Fabric: Voile
Color: Orange
TROUSERS
Trousers: 2.5 Meter (RS 680/-Mtr)
Fabric: Cambric
Color: Light Blue
Note:
Product color may slightly vary due to photographic lighting sources or your device settings.",https://nishatlinen.com/products/42403246,"image_3_279_1.jpg, image_3_279_2.jpg, image_3_279_3.jpg"
1 Piece - Paste Printed Loose Fabric - 42403090 - Trouser / 2.5 / 2.5,Rs. 670.00 Rs. 436.00,"Step up your fashion style with our paste printed one-piece from the latest freedom to buy summer collection.
Product Detail:
Mandalas Prints Style Trousers
TROUSERS
Trousers: 2.5 Meter (RS 690/-Mtr)
Fabric: Cambric
Color: ﻿White
Note:
Product color may slightly vary due to photographic lighting sources or your device settings.",https://nishatlinen.com/collections/women/products/42403090,"image_3_280_1.jpg, image_3_280_2.jpg, image_3_280_3.jpg"
3 Piece - Printed Embroidered Suit - 42402039,"Rs. 7,690.00 Rs. 4,998.50","Create a stylish look with our printed embroidered three-piece from the latest unstitched summer collection.
Product Detail:
Tie & Dye Textures In Printed Form Shirt with Dupatta and Trousers
SHIRT
Printed Super Fine Lawn Shirt: 3 Meter
Embroidered Motifs + Border
Fabric: Lawn
Color: Blue
DUPATTA
Digital Printed Crinkle Chiffon Dupatta: 2.5 Meter
Fabric: Crinkle Chiffon
Color: Blue
TROUSERS
Solid Cambric Trousers: 2.5 Meter
Fabric: Cambric
Color: Blue
Note:
Product color may slightly vary due to photographic lighting sources or your device settings.",https://nishatlinen.com/collections/women/products/42402039,"image_3_281_1.jpg, image_3_281_2.jpg, image_3_281_3.jpg"
2 Piece - Basic Suit - PE24-132 - XS,"Rs. 7,690.00 Rs. 4,614.00","Flaunt your beauty with this basic two-piece suit from the latest pret summer collection.
Product Detail
Basic Shirt With Dupatta
Shirt
Round Neckline With Tie-Up Dorri & Tassels Detail, A-Line Shirt
Fabric: Yarn Dyed
Color: Sky Blue
Dupatta
Fabric: Sequence
Color: Sky Blue
Note:
Product color may vary slightly due to photographic lighting sources or monitor settings.",https://nishatlinen.com/collections/women/products/pe24-132,"image_3_282_1.jpg, image_3_282_2.jpg, image_3_282_3.jpg"
3 Piece - Printed Embroidered Suit - 42402029,"Rs. 9,490.00 Rs. 6,168.50","Look gorgeous effortlessly by wearing this printed embroidered three-piece from the latest unstitched summer collection.
Product Detail:
Abstract Style Shirt with Dupatta and Trousers
SHIRT
Printed Super Fine Lawn Shirt: 3 Meter
Embroidered Neckline + Border
Fabric: Lawn
Color: Coral
DUPATTA
Printed Banarsi Brochia Dupatta: 2.5 Meter
Fabric: Banarsi Brochia
Color: Coral
TROUSERS
Solid Cambric Trousers: 2.5 Meter
Fabric: Cambric
Color: Coral
Note:
Product color may slightly vary due to photographic lighting sources or your device settings.",https://nishatlinen.com/products/42402029,"image_3_283_1.jpg, image_3_283_2.jpg, image_3_283_3.jpg"
3 Piece - Gold Printed Embroidered Suit - 42401396,"Rs. 7,690.00 Rs. 4,998.50","Add a flash of colour to your wardrobe with this gold printed embroidered three-piece from the latest unstitched summer collection.
Product Detail:
Floral Borders With Chunri Print Style Shirt with Dupatta and Trousers
SHIRT
Gold Printed Super Fine Lawn Shirt: 3 Meter
Embroidered Neckline + 2 Borders
Fabric: Lawn
Color: Pink
DUPATTA
Digital Printed Maysuri Dupatta: 2.5 Meter
Fabric: Maysuri
Color: Pink
TROUSERS
Dyed Cambric Trousers: 2.5 Meter
Fabric: Cambric
Color: Pink
Note:
Product color may slightly vary due to photographic lighting sources or your device settings.",https://nishatlinen.com/collections/women/products/42401396,"image_3_284_1.jpg, image_3_284_2.jpg, image_3_284_3.jpg"
3 Piece - Digital Printed Loose Fabric - 42403377 - Shirt / 3 / 3,Rs. 455.00 - Rs. 533.00,"Make a regal statement in this digital printed three-piece from the latest freedom to buy summer collection.
Product Detail
Modern Printed Style Shirt with Dupatta and Trousers 
SHIRT
Shirt: 3 Meter (RS 800/-Mtr) 
Fabric: Lawn
Color: Peach
Note: Fabric is used in shoot for trousers is shirt fabric
DUPATTA
Dupatta: 2.5 Meter (RS 820/-Mtr) 
Fabric: Voile
Color: Peach
Note: Fabric is used in shoot for jacket is dupatta fabric
TROUSERS
Trousers: 2.5 Meter (RS 700/-Mtr) 
Fabric: Cambric
Color: Peach
Note: Fabric is used in shoot for inner shirt is trousers fabric
Note:
Product color may slightly vary due to photographic lighting sources or your device settings.",https://nishatlinen.com/products/42403377,"image_3_285_1.jpg, image_3_285_2.jpg, image_3_285_3.jpg"
3 Piece - Printed Suit - 42401212,"Rs. 7,690.00 Rs. 4,998.50","Envelope yourself beautifully with this printed three-piece from the latest unstitched summer collection.
Product Detail:
Floral Stems Printed Style Shirt with Dupatta and Trousers
SHIRT
Printed Super Fine Lawn Shirt: 3 Meter
Fabric: Lawn
Color: Light Green
DUPATTA
Yarn Dyed Dupatta: 2.5 Meter
Fabric: Yarn Dyed
Color: Light Green
TROUSERS
Printed Cambric Trousers: 2.5 Meter
Fabric: Cambric
Color: ﻿Light Green
Note:
Product color may slightly vary due to photographic lighting sources or your device settings.",https://nishatlinen.com/products/42401212,"image_3_286_1.jpg, image_3_286_2.jpg, image_3_286_3.jpg"
2 Piece - Basic Suit - PE24-36 - XS,"Rs. 7,690.00 Rs. 4,614.00","Look and feel your best by wearing this basic two-piece suit from the latest pret summer collection.
Product Detail
Basic Shirt With Trousers
Shirt
Band Neckline With Placket, Adda Work Detail On Sleeves 
Fabric: Jacquard
Color: Blue
Trousers
Loose Straight Trousers
Fabric: Cambric
Color: Blue
Note:
Product color may vary slightly due to photographic lighting sources or monitor settings.",https://nishatlinen.com/products/pe24-36,"image_3_287_1.jpg, image_3_287_2.jpg, image_3_287_3.jpg"
2 Piece - Printed Embroidered Suit - PE24-375 - XS,"Rs. 7,180.00 Rs. 4,308.00","Radiate positivity and vibrancy in this printed embroidered two-piece suit from the latest pret summer collection.
Product Detail
Printed Embroidered Shirt With Dupatta
Shirt
Round Neckline With Slit, Embroidered Hem
Fabric: Lawn
Color: Mustard
Dupatta
Fabric: Chiffon
Color: Maroon
Note:
Product color may vary slightly due to photographic lighting sources or monitor settings.",https://nishatlinen.com/products/pe24-375,"image_3_288_1.jpg, image_3_288_2.jpg, image_3_288_3.jpg"
1 Piece - Printed Loose Fabric - 42403085 - Dupatta / 2.5 / 2.5,Rs. 670.00 Rs. 436.00,"Step into a world of boundless imagination with this printed one-piece from the latest freedom to buy summer collection.
Product Detail:
Gradient Printed Style Dupatta
DUPATTA
Dupatta: 2.5 Meter (RS 750/-Mtr)
Fabric: Voile
Color: Teal Blue
Note:
Product color may slightly vary due to photographic lighting sources or your device settings",https://nishatlinen.com/collections/women/products/42403085,"image_3_289_1.jpg, image_3_289_2.jpg, image_3_289_3.jpg"
3 Piece - Digital Printed Embroidered Suit - 42401788,"Rs. 8,200.00 Rs. 5,330.00","Look glamorous by wearing this digital printed embroidered three-piece from the latest unstitched summer collection.
Product Detail:
Baroque Printed Style Shirt with Dupatta and Trousers
SHIRT
Digital Printed Super Fine Lawn Shirt: 3 Meter
3 Embroidered Motifs + Border
Fabric: Lawn
Color: Dull Pink
DUPATTA
Digital Printed Silk Dupatta: 2.5 Meter
Fabric: Silk
Color: Dull Pink
TROUSERS
Solid Cambric Trousers: 2.5 Meter
Fabric: Cambric
Color: Dull Pink
Note:
Product color may slightly vary due to photographic lighting sources or your device settings.",https://nishatlinen.com/products/42401788,"image_3_290_1.jpg, image_3_290_2.jpg, image_3_290_3.jpg"
2 Piece - Printed Embroidered Suit - PS24-296 - XS,"Rs. 5,130.00 Rs. 3,078.00","Embrace glamour & shine like a star with this printed embroidered two-piece suit from the latest pret summer collection. 
Product Detail
Printed Embroidered Shirt With Trousers
Shirt
Band Neckline With Slit, Embroidered Sleeves Edges, Classic Loose Shirt
Fabric: Cambric
Color: Pink
Trousers
Printed Straight Trousers
Fabric: Cambric
Color: Pink
Note:
Product color may vary slightly due to photographic lighting sources or monitor settings.",https://nishatlinen.com/collections/women/products/ps24-296,"image_3_291_1.jpg, image_3_291_2.jpg, image_3_291_3.jpg"
3 Piece - Yarn Dyed Embroidered Suit - 42402168,"Rs. 8,490.00 Rs. 6,792.00","Become the ultimate trendsetter with our yarn dyed embroidered three-piece from the latest unstitched summer collection.
Product Detail:
Yarn Dyed Dupatta With Block Print Booti On Shirt with and Trousers
SHIRT
Jacquard Shirt: 3 Meter
Embroidered Neckline + Border
Fabric: Jacquard
Color: Off White
DUPATTA
Yarn Dyed Dupatta: 2.5 Meter
Fabric: Yarn Dyed
Color: Gold
TROUSERS
Solid Cambric Trousers: 2.5 Meter
Fabric: Solid Cambric
Color: Off White
Note:
Product color may slightly vary due to photographic lighting sources or your device settings.",https://nishatlinen.com/products/42402168,"image_3_292_1.jpg, image_3_292_2.jpg, image_3_292_3.jpg"
2 Piece - Embroidered Suit - PE24-43 - XS,"Rs. 8,200.00 Rs. 4,920.00","Look and feel your best by wearing this embroidered two-piece suit from the latest pret summer collection.
Product Detail
Embroidered Shirt With Dupatta
Shirt
Band Neckline With Slit, Lace Detail On Sleeves 
Fabric: Texture
Color: Peach
Dupatta
Adda Detail On Dupatta
Fabric: Silk
Color: Peach
Note:
Product color may vary slightly due to photographic lighting sources or monitor settings.",https://nishatlinen.com/products/pe24-43,"image_3_293_1.jpg, image_3_293_2.jpg, image_3_293_3.jpg"
3 Piece - Printed Suit - 42401662,"Rs. 5,640.00 Rs. 3,666.00","Look gorgeous effortlessly by wearing three-piece from the latest unstitched summer collection.
Product Detail:
Laces With Stripes Printed Style Shirt with Dupatta and Trousers
SHIRT
Printed Super Fine Lawn Shirt: 3 Meter
Fabric: Lawn
Color: Light Pink
DUPATTA
Digital Printed Muzlin Dupatta: 2.5 Meter
Fabric: Muzlin
Color: Multi
TROUSERS
Dyed Cambric Trousers: 2.5 Meter
Fabric: Cambric
Color: Light Pink
Note:
Product color may slightly vary due to photographic lighting sources or your device settings.",https://nishatlinen.com/collections/women/products/42401662,"image_3_294_1.jpg, image_3_294_2.jpg, image_3_294_3.jpg"
3 Piece - Printed Embroidered Suit - 42405027,"Rs. 8,720.00 Rs. 5,668.00","Look mesmerizing with this printed embroidered three-piece from the latest summer collection.
Product Detail:
Shirt with Dupatta and Trousers
SHIRT
Dyed Cambric Shirt: 3.2 Meter
Embroidered Front +  Neckline + Sleeves + 2 Borders
Fabric: Cambric
Color: Orange
DUPATTA
Digital Printed Medium Silk Dupatta: 2.6 Meter
Fabric: Silk
Color: Orange
TROUSERS
Dyed Cambric Trousers: 2.5 Meter
Fabric: Cambric
Color: Orange
Note:
Product color may slightly vary due to photographic lighting sources or your device settings.",https://nishatlinen.com/collections/women/products/42405027,"image_3_295_1.jpg, image_3_295_2.jpg, image_3_295_3.jpg"
2 Piece - Printed Suit - PE24-219 - XS,"Rs. 6,660.00 Rs. 3,996.00","Glorify yourself with this amazing printed two-piece suit from the latest pret summer collection. 
Product Detail
Printed Shirt With Trousers
Shirt
Round Neckline With Piping & Slit
Fabric: Lawn
Color: Blue
Trousers
Loose Straight Trousers
Fabric: Cambric
Color: Blue
Note:
Product color may vary slightly due to photographic lighting sources or monitor settings.",https://nishatlinen.com/collections/women/products/pe24-219,"image_3_296_1.jpg, image_3_296_2.jpg, image_3_296_3.jpg"
3 Piece - Printed Embroidered Suit - 42401150,"Rs. 7,180.00 Rs. 4,667.00","Establish your unique style identity with the printed embroidered three-piece from the latest unstitched summer collection.
Product Detail:
Abstract Floral Pattern Prints Style Shirt with Dupatta and Trousers
SHIRT
Printed Super Fine Lawn Shirt: 3 Meter
Embroidered Neckline + Border 
Fabric: Lawn
Color: Light Orange
DUPATTA
Digital Printed Emboss Chiffon Dupatta: 2.5 Meter
Fabric: Chiffon
Color: Light Orange
TROUSERS
Dyed Cambric Trousers: 2.5 Meter
Fabric: Cambric
Color: Off White
Note:
Product color may slightly vary due to photographic lighting sources or your device settings.",https://nishatlinen.com/products/42401150,"image_3_297_1.jpg, image_3_297_2.jpg, image_3_297_3.jpg"
3 Piece - Digital Printed Loose Fabric - 42403314 - Shirt / 3 / 3,Rs. 880.00 Rs. 572.00,"Level up your wardrobe with gorgeous digital printed three-piece from the latest freedom to buy summer collection.
Product Detail:
Bold Flower Motif With Lace Motifs Prints Style Shirt with Dupatta and Trousers 
SHIRT
Shirt: 3 Meter (RS 780/-Mtr)
Fabric: Lawn
Color: Orange
DUPATTA
Dupatta: 2.5 Meter (RS 800/-Mtr)
Fabric: Voile
Color: Orange & White
TROUSERS
Trousers: 2.5 Meter (RS 680/-Mtr)
Fabric: Cambric
Color: Orange
Note:
Product color may slightly vary due to photographic lighting sources or your device settings.",https://nishatlinen.com/products/42403314,"image_3_298_1.jpg, image_3_298_2.jpg, image_3_298_3.jpg"
2 Piece - Printed Suit With Laces - 42401602,"Rs. 5,130.00 Rs. 3,334.50","Exude grace in this printed two-piece from the latest unstitched summer collection.
Product Detail:
Laces With Embroidered Floral Printed Style Shirt with Dupatta
SHIRT
Printed Super Fine Lawn Shirt: 3 Meter
1 Lace: 1.25 Meter
1 Lace: 2.5 Meter
Fabric: Lawn
Color: Peach
DUPATTA
Digital Printed Banarsi Slub Dupatta: 2.5 Meter
Fabric: Banarsi Slub
Color: ﻿Peach
Note:
Product color may slightly vary due to photographic lighting sources or your device settings.",https://nishatlinen.com/products/42401602,"image_3_299_1.jpg, image_3_299_2.jpg, image_3_299_3.jpg"
3 Piece - Printed Loose Fabric - 42403024 - Shirt / 3 / 3,Rs. 670.00 Rs. 436.00,"Adorn your authenticity in the printed three-piece from the latest freedom to buy summer collection.
Product Detail:
Traditional Ethnic Patterns Printed Style Shirt with Dupatta and Trousers
SHIRT
Shirt: 3 Meter (RS 730/-Mtr)
Fabric: Lawn
Color: Black
DUPATTA
Dupatta: 2.5 Meter (RS 750/-Mtr)
Fabric: Voile
Color: Black
Note: Fabric used in shoot for gown is dupatta fabric
TROUSERS
Trousers: 2.5 Meter (RS 690/-Mtr)
Fabric: Cambric
Color: Black
Note:
Product color may slightly vary due to photographic lighting sources or your device settings.",https://nishatlinen.com/products/42403024,"image_3_300_1.jpg, image_3_300_2.jpg, image_3_300_3.jpg"
3 Piece - Printed Embroidered Suit - 42405008,"Rs. 8,720.00 Rs. 5,668.00","Make your day magnificent by wearing this printed embroidered three-piece from the latest summer collection.
Product Detail:
Shirt with Dupatta and Trousers
SHIRT
Dyed Cambric Shirt: 3.2 Meter
Embroidered Front + Sleeves Border
Fabric: Cambric 
Color: Charcoal
DUPATTA
Digital Printed Voile Dupatta: 2.6 Meter
Fabric: Voile
Color: Ivory & Charcoal
TROUSERS
Dyed Cambric Trousers: 2.5 Meter
Fabric: Cambric
Color: Charcoal
Note:
Product color may slightly vary due to photographic lighting sources or your device settings.",https://nishatlinen.com/collections/women/products/42405008,"image_3_301_1.jpg, image_3_301_2.jpg, image_3_301_3.jpg"
3 Piece - Jacquard Embroidered Suit - 42401932,"Rs. 8,720.00 Rs. 5,668.00","Feel the joy of life in this jacquard embroidered three-piece from the latest unstitched summer collection.
Product Detail:
Embellished Style Shirt with Dupatta and Trousers
SHIRT
Jacquard Shirt: 3 Meter
Embroidered Neckline + Border
Fabric: Jacquard
Color: Green
DUPATTA
Digital Printed Zari Lawn Dupatta: 2.5 Meter
Fabric: Zari Lawn
Color: Green
TROUSERS
Solid Cambric Trousers: 2.5 Meter
Fabric: Cambric
Color: Green
Note:
Product color may slightly vary due to photographic lighting sources or your device settings.",https://nishatlinen.com/products/42401932,"image_3_302_1.jpg, image_3_302_2.jpg, image_3_302_3.jpg"
3 Piece - Embroidered Suit - 42401450,"Rs. 8,200.00 Rs. 5,330.00","Be the epitome of grace and sophistication with this embroidered three-piece from the latest unstitched summer collection.
Product Detail:
Ralli Prints Style Shirt with Dupatta and Trousers
SHIRT
Dyed Super Fine Grid Lawn Shirt: 3 Meter
Embroidered Motifs + Border
Fabric: Grid Lawn
Color: Beige & Blue
DUPATTA
Digital Printed Grid Lawn Dupatta: 2.5 Meter
Fabric: Grid Lawn
Color: Beige & Blue
TROUSERS
Dyed Cambric Trousers: 2.5 Meter
Fabric: Cambric
Color: Beige 
Note:
Product color may slightly vary due to photographic lighting sources or your device settings.",https://nishatlinen.com/collections/women/products/42401450,"image_3_303_1.jpg, image_3_303_2.jpg, image_3_303_3.jpg"
2 Piece - Printed Suit - PE24-286 - XS,"Rs. 6,150.00 Rs. 3,690.00","Look and feel your best by wearing this printed two-piece suit from the latest pret summer collection.
Product Detail
Printed Shirt With Trousers
Shirt
Round Neckline With Slit, Lace Dtail On Sleeves, Pockets At Both Sides
Fabric: Lawn
Color: Maroon
Trousers
Printed Straight Trousers
Fabric: Cambric
Color: Maroon
Note:
Product color may vary slightly due to photographic lighting sources or monitor settings.",https://nishatlinen.com/collections/women/products/pe24-286,"image_3_304_1.jpg, image_3_304_2.jpg, image_3_304_3.jpg"
3 Piece - Digital Printed Loose Fabric - 42403322 - Shirt / 3 / 3,Rs. 880.00 Rs. 572.00,"Get the most significant look by wearing this digital printed three-piece from the latest freedom to buy summer collection.
Product Detail:
Bold Florals With Textures In Prints Style Shirt with Dupatta and Trousers 
SHIRT
Shirt: 3 Meter (RS 780/-Mtr)
Fabric: Lawn
Color: Black
DUPATTA
Dupatta: 2.5 Meter (RS 800/-Mtr)
Fabric: Voile
Color: Black
TROUSERS
Trousers: 2.5 Meter (RS 680/-Mtr)
Fabric: Cambric
Color: Black
Note:
Product color may slightly vary due to photographic lighting sources or your device settings.",https://nishatlinen.com/collections/women/products/42403322,"image_3_305_1.jpg, image_3_305_2.jpg, image_3_305_3.jpg"
Embroidered Trousers - PE24-235 - XS,"Rs. 2,770.00 Rs. 1,662.00","Upgrade your wardrobe with this embroidered trousers from the latest pret summer collection.
Product Detail
Embroidered Trousers
Trousers
Straight Trousers With Embroidered Hem
Fabric: Cambric
Color: Beige
Note:
Product color may vary slightly due to photographic lighting sources or monitor settings.",https://nishatlinen.com/products/pe24-235,"image_3_306_1.jpg, image_3_306_2.jpg, image_3_306_3.jpg"
1 Piece - Digital Printed Loose Fabric - 42403069 - Shirt / 3 / 3,Rs. 830.00 Rs. 540.00,"Achieve a refined and elegant look with this digital printed one-piece from the latest freedom to buy summer collection.
Product Detail:
Decorative Floral Jaal Printed Style Shirt
SHIRT
Shirt: 3 Meter (RS 1090/-Mtr)
Fabric: Lurix Stripe
Color: Peach

Note:
Product color may slightly vary due to photographic lighting sources or your device settings.",https://nishatlinen.com/collections/women/products/42403069,"image_3_307_1.jpg, image_3_307_2.jpg, image_3_307_3.jpg"
1 Piece - Digital Printed Loose Fabric - 42403178 - Shirt / 3 / 3,Rs. 830.00 Rs. 540.00,"Create a dreamy look with this digital printed one-piece from the latest freedom to buy summer collection.
Product Detail:
Watercolor Flowers Printed Style Shirt 
SHIRT
Shirt: 3 Meter (RS 750/-Mtr)
Fabric: Lawn
Color: Mint Green

Note:
Product color may slightly vary due to photographic lighting sources or your device settings.",https://nishatlinen.com/collections/women/products/42403178,"image_3_308_1.jpg, image_3_308_2.jpg, image_3_308_3.jpg"
3 Piece - Printed Suit - 42401207,"Rs. 6,660.00 Rs. 4,329.00","Be a style icon with printed three-piece from the latest unstitched summer collection.
Product Detail:
Modern Prints Style Shirt with Dupatta and Trousers
SHIRT
Printed Super Fine Lawn Shirt: 3 Meter
Fabric: Lawn
Color: Brown & Black
DUPATTA
Digital Printed Crinkle Chiffon Dupatta: 2.5 Meter
Fabric: Crinkle Chiffon
Color: Multi
TROUSERS
Printed Cambric Trousers: 2.5 Meter
Fabric: Cambric
Color: ﻿Brown & Black
Note:
Product color may slightly vary due to photographic lighting sources or your device settings.",https://nishatlinen.com/collections/women/products/42401207,"image_3_309_1.jpg, image_3_309_2.jpg, image_3_309_3.jpg"
2 Piece - Printed Embroidered Suit - PS24-296 - XS,"Rs. 5,130.00 Rs. 3,078.00","Embrace glamour & shine like a star with this printed embroidered two-piece suit from the latest pret summer collection. 
Product Detail
Printed Embroidered Shirt With Trousers
Shirt
Band Neckline With Slit, Embroidered Sleeves Edges, Classic Loose Shirt
Fabric: Cambric
Color: Pink
Trousers
Printed Straight Trousers
Fabric: Cambric
Color: Pink
Note:
Product color may vary slightly due to photographic lighting sources or monitor settings.",https://nishatlinen.com/products/ps24-296,"image_3_310_1.jpg, image_3_310_2.jpg, image_3_310_3.jpg"
3 Piece - Digital Printed Embroidered Suit - 42401785,"Rs. 8,200.00 Rs. 5,330.00","Bright up your life to remember this brilliantly digital printed embroidered three-piece from the latest unstitched summer collection.
Product Detail:
Ethnic With Textured Base Style Shirt with Dupatta and Trousers
SHIRT
Digital Printed Super Fine Lawn Shirt: 3 Meter
4 Embroidered Motifs
Fabric: Lawn
Color: Green
DUPATTA
Digital Printed Silk Dupatta: 2.5 Meter
Fabric: Silk
Color: Green
TROUSERS
Solid Cambric Trousers: 2.5 Meter
Fabric: Cambric
Color: Off White
Note:
Product color may slightly vary due to photographic lighting sources or your device settings.",https://nishatlinen.com/products/42401785,"image_3_311_1.jpg, image_3_311_2.jpg, image_3_311_3.jpg"
3 Piece - Embroidered Suit - 42401652,"Rs. 9,740.00 Rs. 6,331.00","Revitalize your style with this embroidered three-piece from the latest unstitched summer collection.
Product Detail:
Embellished Patterns Style Shirt with Dupatta and Trousers
SHIRT
Dyed Cambric Shirt: 3 Meter
Embroidered Front + 2 Borders
Fabric: Cambric
Color: Beige
DUPATTA
Digital Printed Organza Chiffon Dupatta: 2.5 Meter
Fabric: Organza Chiffon
Color: ﻿Beige
TROUSERS
Dyed Cambric Trousers: 2.5 Meter
Fabric: Cambric
Color: Beige
Note:
Product color may slightly vary due to photographic lighting sources or your device settings.",https://nishatlinen.com/products/42401652,"image_3_312_1.jpg, image_3_312_2.jpg, image_3_312_3.jpg"
3 Piece - Yarn Dyed Embroidered Suit - 42402168,"Rs. 8,490.00 Rs. 6,792.00","Become the ultimate trendsetter with our yarn dyed embroidered three-piece from the latest unstitched summer collection.
Product Detail:
Yarn Dyed Dupatta With Block Print Booti On Shirt with and Trousers
SHIRT
Jacquard Shirt: 3 Meter
Embroidered Neckline + Border
Fabric: Jacquard
Color: Off White
DUPATTA
Yarn Dyed Dupatta: 2.5 Meter
Fabric: Yarn Dyed
Color: Gold
TROUSERS
Solid Cambric Trousers: 2.5 Meter
Fabric: Solid Cambric
Color: Off White
Note:
Product color may slightly vary due to photographic lighting sources or your device settings.",https://nishatlinen.com/collections/women/products/42402168,"image_3_313_1.jpg, image_3_313_2.jpg, image_3_313_3.jpg"
3 Piece - Printed Loose Fabric - 42403266 - Dupatta / 2.5 / 2.5,Rs. 455.00 - Rs. 527.00,"Add elegance with this printed three-piece from the latest freedom to buy summer collection.
Product Detail:
Block Prints Style Shirt with Dupatta and Trousers
SHIRT
Shirt: 3 Meter (RS 750/-Mtr)
Fabric: Lawn
Color: Green
DUPATTA
Dupatta: 2.5 Meter (RS 780/-Mtr)
Fabric: Voile
Color: Green
TROUSERS
Trousers: 2.5 Meter (RS 680/-Mtr)
Fabric: Cambric
Color: ﻿Green
Note:
Product color may slightly vary due to photographic lighting sources or your device settings.",https://nishatlinen.com/collections/women/products/42403266,"image_3_314_1.jpg, image_3_314_2.jpg, image_3_314_3.jpg"
1 Piece - Gold Printed Loose Fabric - 42403193 - Shirt / 3 / 3,Rs. 830.00 Rs. 540.00,"Strut in style with this gold printed one-piece from the latest freedom to buy summer collection.
Product Detail:
Chunri Printed Style Shirt 
SHIRT
Shirt: 3 Meter (RS 800/-Mtr)
Fabric: Lawn
Color: Brown

Note:
Product color may slightly vary due to photographic lighting sources or your device settings.",https://nishatlinen.com/collections/women/products/42403193,"image_3_315_1.jpg, image_3_315_2.jpg, image_3_315_3.jpg"
Basic Trousers - PE24-388 - XS,"Rs. 1,740.00 Rs. 1,044.00","Create the most iconic look and become a symbol of modern femininity with this basic trousers from the latest pret summer collection. 
Product Detail
Basic Trousers
Trousers
Loose Straight Trousers With Lace & Pintucks Detail On Hem
Fabric: Cambric
Color: White
Note:
Product color may vary slightly due to photographic lighting sources or monitor settings.",https://nishatlinen.com/collections/women/products/pe24-388,"image_3_316_1.jpg, image_3_316_2.jpg, image_3_316_3.jpg"
3 Piece - White Paste Printed Embroidered Suit - 42401910,"Rs. 8,720.00 Rs. 5,668.00","Make your day pleasingly memorable with this digital printed embroidered three-piece from the latest unstitched summer collection.
Product Detail:
Florals With Lace Patterns Style Shirt with Dupatta and Trousers
SHIRT
White Paste Printed Super Fine Lawn Shirt: 3 Meter
Embroidered Motifs + Border
Fabric: Lawn
Color: Light Blue & Pink
DUPATTA
White Paste Printed Voile Dupatta: 2.5 Meter
Fabric: Voile
Color: Light Blue & Pink
TROUSERS
Dyed Cambric Trousers: 2.5 Meter
Fabric: Cambric
Color: Light Blue
Note:
Product color may slightly vary due to photographic lighting sources or your device settings.",https://nishatlinen.com/collections/women/products/42401910,"image_3_317_1.jpg, image_3_317_2.jpg, image_3_317_3.jpg"
2-Piece - Basic Suit  - PS24-27 - XL,"Rs. 5,690.00 Rs. 3,414.00","Look and feel your best by wearing this basic two-piece suit from the latest pret summer collection. 
Product Detail
Basic Shirt With Trousers
Shirt
Band Neckline With Buttons Detail On Placket, Adda Work On Sleeves, Flared Shirt 
Fabric: Cambric
Color: Peacock
Trousers
Loose Straight Trousers With Pleats Detail At Hem
Fabric: Cambric
Color: Peacock
Note:
Product color may vary slightly due to photographic lighting sources or monitor settings. ",https://nishatlinen.com/collections/women/products/ps24-27,"image_3_318_1.jpg, image_3_318_2.jpg, image_3_318_3.jpg"
2 Piece - Embroidered Loose Fabric - 42402005 - Shirt Front + Sleeves / 2 / 2,Rs. 436.00 - Rs. 663.00,"Strut in style with this embroidered two-piece from the latest freedom to buy summer collection.
Product Detail:
Shirt & Trousers
Measurements: 
Shirt Front + Sleeves Fabric: 2 Meter (RS 1950/-Mtr)
Shirt Back + Trousers Fabric: 3.75 Meter (RS 650/-Mtr)
Fabric: Cambric
Color: Dark Aqua
Note:
Product color may slightly vary due to photographic lighting sources or your device settings.",https://nishatlinen.com/products/42402005,"image_3_319_1.jpg, image_3_319_2.jpg, image_3_319_3.jpg"
2 Piece - Printed Embroidered Suit - 42401576,"Rs. 5,130.00 Rs. 3,334.50","Get a stunning & fabulous blend of eye-catching by wearing this printed embroidered two-piece from the latest unstitched summer collection.
Product Detail:
Vintage Prints Style Shirt with Dupatta
SHIRT
Printed Super Fine Lawn Shirt: 3 Meter
Embroidered Motifs
Fabric: Lawn
Color: Light Blue
DUPATTA
Digital Printed Muzlin Dupatta: 2.5 Meter
Fabric: Muzlin
Color: ﻿Light Blue
Note:
Product color may slightly vary due to photographic lighting sources or your device settings.",https://nishatlinen.com/collections/women/products/42401576,"image_3_320_1.jpg, image_3_320_2.jpg, image_3_320_3.jpg"
3 Piece - Printed Loose Fabric - 42403144 - Shirt / 3 / 3,Rs. 830.00 Rs. 540.00,"Wrap yourself in an aura of enchantment with this printed three-piece from the latest freedom to buy summer collection.
Product Detail:
Decorative Textile Patterns With Pots Printed Style Shirt with Dupatta and Trousers
SHIRT
Shirt: 3 Meter (RS 730/-Mtr)
Fabric: Lawn
Color: Beige
DUPATTA
Dupatta: 2.5 Meter (RS 750/-Mtr)
Fabric: Voile
Color: Blue
TROUSERS
Trousers: 2.5 Meter (RS 650/-Mtr)
Fabric: Cambric
Color: Beige
Note:
Product color may slightly vary due to photographic lighting sources or your device settings.",https://nishatlinen.com/products/42403144,"image_3_321_1.jpg, image_3_321_2.jpg, image_3_321_3.jpg"
3 Piece - Printed Embroidered Suit - 42401827,"Rs. 9,740.00 Rs. 6,331.00","Make a truly elegant statement in this printed embroidered three-piece from the latest unstitched summer collection.
Product Detail:
Floral Print Style Shirt with Dupatta and Trousers
SHIRT
Printed Super Fine Lawn Shirt: 3 Meter
Embroidered Front + Motifs + Border
Fabric: Lawn
Color: Coral
DUPATTA
Embroidered Organza Dupatta: 2.5 Meter
Fabric: Organza
Color: Coral
TROUSERS
Solid Cambric Trousers: 2.5 Meter
Fabric: Cambric
Color: Coral
Note:
Product color may slightly vary due to photographic lighting sources or your device settings.",https://nishatlinen.com/products/42401827,"image_3_322_1.jpg, image_3_322_2.jpg, image_3_322_3.jpg"
3 Piece - Printed Embroidered Suit - 42401843,"Rs. 7,690.00 Rs. 4,998.50","Look gorgeous effortlessly by wearing printed embroidered three-piece from the latest unstitched summer collection.
Product Detail:
Banarsi Patterns Style Shirt with Dupatta and Trousers
SHIRT
Printed Lawn Shirt: 3 Meter
2 Embroidered Motifs + Border
Fabric: Lawn
Color: Dull Maroon
DUPATTA
Digital Printed Zari Lawn Dupatta: 2.5 Meter
Fabric: Zari Lawn
Color: Dull Maroon
TROUSERS
Dyed Cambric Trousers: 2.5 Meter
Fabric: Cambric
Color: Dull Maroon
Note:
Product color may slightly vary due to photographic lighting sources or your device settings.",https://nishatlinen.com/products/42401843,"image_3_323_1.jpg, image_3_323_2.jpg, image_3_323_3.jpg"
3 Piece - Embroidered Suit - 42401655,"Rs. 9,740.00 Rs. 6,331.00","Glorify yourself with this amazing embroidered three-piece from the latest unstitched summer collection.
Product Detail:
Modern Abstract Style Shirt with Dupatta and Trousers
SHIRT
Dyed Cambric Shirt: 3 Meter
Embroidered Front + Sleeves
Fabric: Cambric
Color: Black
DUPATTA
Digital Printed Organza Chiffon Dupatta: 2.5 Meter
Fabric: Organza Chiffon
Color: Multi
TROUSERS
Dyed Cambric Trousers: 2.5 Meter
Fabric: Cambric
Color: ﻿Black
Note:
Product color may slightly vary due to photographic lighting sources or your device settings.",https://nishatlinen.com/products/42401655,"image_3_324_1.jpg, image_3_324_2.jpg, image_3_324_3.jpg"
1 Piece - Gold Printed Loose Fabric - 42403330 - Shirt / 3 / 3,Rs. 880.00 Rs. 572.00,"Look famous with this gold printed one-piece from the latest freedom to buy summer collection.
Product Detail:
Dotted Style Motifs In Printed Form Shirt 
SHIRT
Shirt: 3 Meter (RS 800/-Mtr)
Fabric: Lawn
Color: Pink
Note:
Product color may slightly vary due to photographic lighting sources or your device settings.",https://nishatlinen.com/collections/women/products/42403330,"image_3_325_1.jpg, image_3_325_2.jpg, image_3_325_3.jpg"
2 Piece - Embroidered Suit - PE24-88 - XS,"Rs. 6,660.00 Rs. 3,996.00","Get a modish look with this embroidered two-piece suit from the latest pret summer collection. 
Product Detail
Embroidered Shirt With Dupatta
Shirt
Round Neckline With Placket & Slit At Front, Embroidered Front & Sleeves
Fabric: Cambric
Color: Pastel Green
Dupatta
Fabric: Net
Color: Pastel Green
Note:
Product color may vary slightly due to photographic lighting sources or monitor settings.",https://nishatlinen.com/collections/women/products/pe24-88,"image_3_326_1.jpg, image_3_326_2.jpg, image_3_326_3.jpg"
3 Piece - Printed Loose Fabric - 42403132 - Shirt / 3 / 3,Rs. 830.00 Rs. 540.00,"Make a unique style statement with this printed three-piece from the latest freedom to buy summer collection.
Product Detail:
Watercolor Textures Printed Style Shirt with Dupatta and Trousers
SHIRT
Shirt: 3 Meter (RS 730/-Mtr)
Fabric: Lawn
Color: Lavender
DUPATTA
Dupatta: 2.5 Meter (RS 750/-Mtr)
Fabric: Voile
Color: Lavender
TROUSERS
Trousers: 2.5 Meter (RS 650/-Mtr)
Fabric: Cambric
Color: Lavender
Note:
Product color may slightly vary due to photographic lighting sources or your device settings.",https://nishatlinen.com/products/42403132,"image_3_327_1.jpg, image_3_327_2.jpg, image_3_327_3.jpg"
2 Piece - Dyed Embroidered Suit - 42402142,"Rs. 4,290.00 Rs. 3,432.00","Elevate your look with this dyed embroidered two-piece from the latest unstitched summer collection.
Product Detail:
Phulkari Style Shirt with Trousers
SHIRT
Solid Cambric Shirt: 3 Meter
Embroidered Front + Motifs
Fabric: Cambric
Color: Black
TROUSERS
Solid Cambric Trousers: 2.5 Meter
Fabric: Cambric
Color: Black
Note:
Product color may slightly vary due to photographic lighting sources or your device settings.",https://nishatlinen.com/products/42402142,"image_3_328_1.jpg, image_3_328_2.jpg, image_3_328_3.jpg"
2 Piece - Printed Embroidered Suit - PE24-384 - XS,"Rs. 8,200.00 Rs. 4,920.00","Glam up all day by wearing this printed embroidered two-piece suit from the latest pret summer collection.
Product Detail
Printed Embroidered Shirt With Dupatta
Shirt
Band Neckline, Embroidered Organza Sleeves, Loose Flared Shirt
Fabric: Lawn
Color: Off White
Dupatta
Printed Dupatta
Fabric: Silk
Color: Off White
Note:
Product color may vary slightly due to photographic lighting sources or monitor settings.",https://nishatlinen.com/products/pe24-384,"image_3_329_1.jpg, image_3_329_2.jpg, image_3_329_3.jpg"
1 Piece - Dyed Loose Fabric - 42403098 - Shirt / 3 / 3,Rs. 670.00 Rs. 436.00,"Captivate in majestic featuring dyed one-piece from the latest freedom to buy summer collection.
Product Detail:
Shirt
SHIRT
Shirt: 3 Meter (RS 690/-Mtr)
Fabric: Cambric
Color: Off White
Note:
Product color may slightly vary due to photographic lighting sources or your device settings.",https://nishatlinen.com/collections/women/products/42403098,"image_3_330_1.jpg, image_3_330_2.jpg, image_3_330_3.jpg"
2 Piece - Embroidered Suit - PE24-97 - XS,"Rs. 6,660.00 Rs. 3,996.00","Add a touch of magic and glamour to your wardrobe with this embroidered two-piece suit from the latest pret summer collection.
Product Detail
Embroidered Shirt With Dupatta 
Shirt
Round Neckline, Embroidered Sleeves
Fabric: Cambric
Color: Olive Green
Dupatta
Embroidered Dupatta
Fabric: Chiffon
Color: Olive Green
Note:
Product color may vary slightly due to photographic lighting sources or monitor settings.",https://nishatlinen.com/collections/women/products/pe24-97,"image_3_331_1.jpg, image_3_331_2.jpg, image_3_331_3.jpg"
3 Piece - Embroidered Suit - 42401083,"Rs. 9,230.00 Rs. 5,999.50","Make you look flawless on your special days by wearing an embroidered three-piece from the latest unstitched summer collection.
Product Detail:
Laces With Colorful Background Prints Style Shirt with Dupatta and Trousers
SHIRT 
Embroidered Cambric Front: 1.15 Meter
Dyed Cambric Back & Sleeves: 1.85 Meter
Embroidered Border
Fabric: Cambric
Color: White
DUPATTA
Digital Printed Soft Net Dupatta: 2.5 Meter
Fabric: Net
Color: Multi
TROUSERS
Dyed Cambric Trousers: 2.5 Meter
Fabric: Cambric
Color: ﻿White
Note:
Product color may slightly vary due to photographic lighting sources or your device settings.",https://nishatlinen.com/products/42401083,"image_3_332_1.jpg, image_3_332_2.jpg, image_3_332_3.jpg"
3 Piece - Embroidered Suit - 42401796,"Rs. 10,770.00 Rs. 7,000.50","Make a bold fashion statement with this embroidered three-piece from the latest unstitched summer collection.
Product Detail:
Banarsi Style Shirt with Dupatta and Trousers
SHIRT
Solid Satin Shirt: 3 Meter
Embroidered Front + Border
Fabric: Satin
Color: Black
DUPATTA
Fancy Banarsi Dupatta: 2.5 Meter
Fabric: Banarsi
Color: Black
TROUSERS
Solid Satin Trousers: 2.5 Meter
Fabric: Satin
Color: Black
Note:
Product color may slightly vary due to photographic lighting sources or your device settings.",https://nishatlinen.com/products/42401796,"image_3_333_1.jpg, image_3_333_2.jpg, image_3_333_3.jpg"
3 Piece - Printed Suit - 42401934,"Rs. 7,180.00 Rs. 4,667.00","Make a bold fashion statement with our printed three-piece from the latest unstitched summer collection.
Product Detail:
Banarsi Printed Style Shirt with Dupatta & Trousers
SHIRT
Printed Zari Lawn Shirt: 3 Meter
Fabric: Zari Lawn
Color: Off White
DUPATTA
Digital Printed Zari Lawn Dupatta: 2.5 Meter
Fabric: Zari Lawn
Color: Off White & Black
TROUSERS
Printed Cambric Trousers: 2.5 Meter
Fabric: Cambric
Color: Off White
Note:
Product color may slightly vary due to photographic lighting sources or your device settings.",https://nishatlinen.com/products/42401934,"image_3_334_1.jpg, image_3_334_2.jpg, image_3_334_3.jpg"
Slip - PS24-283 - XS,"Rs. 1,230.00 Rs. 984.00","Add comfort and a soft and smooth feel to your daily wear with this slip from the latest winter collection.
Product Detail
Basic Slip
Slip
Stylized V Neckline
Fabric: Voile
Color: White
Note:
Product color may slightly vary due to photographic lighting sources or your monitor settings.",https://nishatlinen.com/products/ps24-283,image_3_335_1.jpg
3 Piece - Embroidered Suit - 42401799,"Rs. 10,770.00 Rs. 7,000.50","Glow-up for evening events by wearing this embroidered three-piece from the latest unstitched summer collection.
Product Detail:
Banarsi Style Shirt with Dupatta and Trousers
SHIRT
Solid Satin Shirt: 3 Meter
Embroidered Front + Motifs + Border
Fabric: Satin
Color: Mink
DUPATTA
Fancy Banarsi Dupatta: 2.5 Meter
Fabric: Banarsi
Color: Mink
TROUSERS
Solid Satin Trousers: 2.5 Meter
Fabric: Satin
Color: Mink
Note:
Product color may slightly vary due to photographic lighting sources or your device settings.",https://nishatlinen.com/collections/women/products/42401799,"image_3_336_1.jpg, image_3_336_2.jpg, image_3_336_3.jpg"
3 Piece - Printed Suit - 42402048,"Rs. 6,490.00 Rs. 4,218.50","Create a stylish look with our printed three-piece from the latest unstitched summer collection.
Product Detail:
Feathers Printed Style Shirt with Dupatta and Trousers
SHIRT
Printed Super Fine Lawn Shirt: 3 Meter
Fabric: Lawn
Color: Navy Blue
DUPATTA
Digital Printed Crinkle Chiffon Dupatta: 2.5 Meter
Fabric: Crinkle Chiffon
Color: Navy Blue
TROUSERS
Solid Cambric Trousers: 2.5 Meter
Fabric: Cambric
Color: Navy Blue
Note:
Product color may slightly vary due to photographic lighting sources or your device settings.",https://nishatlinen.com/products/42402048,"image_3_337_1.jpg, image_3_337_2.jpg, image_3_337_3.jpg"
3 Piece - Printed Loose Fabric - 42403268 - Dupatta / 2.5 / 2.5,Rs. 455.00 - Rs. 527.00,"Craft your style with exquisite printed three-piece from the latest freedom to buy summer collection.
Product Detail
Block Prints Style Shirt with Dupatta and Trousers
SHIRT
Shirt: 3 Meter (RS 750/-Mtr)
Fabric: Lawn
Color: Green
DUPATTA
Dupatta: 2.5 Meter (RS 780/-Mtr)
Fabric: Voile
Color: Green
TROUSERS
Trousers: 2.5 Meter (RS 680/-Mtr)
Fabric: Cambric
Color: ﻿Green
Note:
Product color may slightly vary due to photographic lighting sources or your device settings.",https://nishatlinen.com/products/42403268,"image_3_338_1.jpg, image_3_338_2.jpg, image_3_338_3.jpg"
Embroidered Shirt - PE24-114 - XS,"Rs. 5,130.00 Rs. 3,078.00","Ease your confusion for styling by wearing this embroidered shirt from the latest pret summer collection.
Product Detail
Embroidered Shirt
Shirt
Round Neckline With Tie-Up Dorri & Tassels Detail, Embroidered Hem & Sleeves
Fabric: Cambric
Color: Orange
Note:
Product color may vary slightly due to photographic lighting sources or monitor settings.",https://nishatlinen.com/collections/women/products/pe24-114,"image_3_339_1.jpg, image_3_339_2.jpg, image_3_339_3.jpg"
2 Piece - Dyed Embroidered Suit - 42401737,"Rs. 5,640.00 Rs. 3,666.00","Revamp your wardrobe with a trendy dyed embroidered two-piece from the latest unstitched summer collection.
Product Detail:
Shirt with Trousers
SHIRT
Solid Cambric Shirt: 3 Meter
Embroidered Front
Fabric: Cambric
Color: Lilac
TROUSERS
Solid Cambric Trousers: 2.5 Meter
Fabric: Cambric
Color: Lilac
Note:
Product color may slightly vary due to photographic lighting sources or your device settings.",https://nishatlinen.com/collections/women/products/42401737,"image_3_340_1.jpg, image_3_340_2.jpg, image_3_340_3.jpg"
2 Piece - Printed Suit - 42401960,"Rs. 2,870.00 Rs. 1,865.50","Catch elegance beauty with this printed two-piece from the latest unstitched summer collection.
Product Detail:
Block Printed Style Shirt with Trousers
SHIRT
Printed Super Fine Lawn Shirt: 3 Meter
Fabric: Lawn
Color: Off White
TROUSERS
Solid Cambric Trousers: 2.5 Meter
Fabric: Cambric
Color: Off White
Note:
Product color may slightly vary due to photographic lighting sources or your device settings.",https://nishatlinen.com/collections/women/products/42401960,"image_3_341_1.jpg, image_3_341_2.jpg, image_3_341_3.jpg"
Embroidered Shirt - AS24-67 - XS,"Rs. 4,100.00 Rs. 2,460.00","Create an inspiring look by wearing this embroidered shirt from the latest pret summer collection.
Product Detail
Embroidered Shirt
Shirt
Round Neckline With V Slit, Embroidered Front
Fabric: Yarn Dyed
Color: Skin
Note:
Product color may vary slightly due to photographic lighting sources or monitor settings.",https://nishatlinen.com/products/as24-67,"image_3_342_1.jpg, image_3_342_2.jpg, image_3_342_3.jpg"
2 Piece - Digital Printed Embroidered Suit - 42402076,"Rs. 5,990.00 Rs. 3,893.50","Elevate your daily style with this digital printed embroidered two-piece from the latest unstitched summer collection.
Product Detail:
Textures Prints Style Shirt with Trousers
SHIRT
Solid Cambric Shirt: 3 Meter
Embroidered Front + Motifs
Fabric: Cambric
Color: Pink
TROUSERS
Digital Printed Cambric Trousers: 2.5 Meter
Fabric: Cambric
Color: Pink
Note:
Product color may slightly vary due to photographic lighting sources or your device settings.",https://nishatlinen.com/products/42402076,"image_3_343_1.jpg, image_3_343_2.jpg, image_3_343_3.jpg"
3 Piece - Printed Suit - 42401666,"Rs. 5,640.00 Rs. 3,666.00","Upgrade your evening outdoor look with our printed three-piece from the latest unstitched summer collection.
Product Detail:
Mughal Flower Bunches Printed Style Shirt with Dupatta and Trousers
SHIRT
Printed Super Fine Lawn Shirt: 3 Meter
Fabric: Lawn
Color: White
DUPATTA
Digital Printed Muzlin Dupatta: 2.5 Meter
Fabric: Muzlin
Color: White
TROUSERS
Dyed Cambric Trousers: 2.5 Meter
Fabric: Cambric
Color: ﻿White
Note:
Product color may slightly vary due to photographic lighting sources or your device settings.",https://nishatlinen.com/collections/women/products/42401666,"image_3_344_1.jpg, image_3_344_2.jpg, image_3_344_3.jpg"
Printed Dress - FS24-11 - XS,"Rs. 6,150.00 Rs. 3,690.00","For everyday events, style this printed dress from the latest pret summer collection.
Product Detail
Printed Dress
Dress
Round Neckline With Tie-Up Dorri & Tassels Detail, Flared Dress
Fabric: Cambric
Color: Lime
Note:
Product color may vary slightly due to photographic lighting sources or monitor settings.",https://nishatlinen.com/products/fs24-11,"image_3_345_1.jpg, image_3_345_2.jpg, image_3_345_3.jpg"
3 Piece - Printed Embroidered Suit - 42401418,"Rs. 6,150.00 Rs. 3,997.50","Become the epitome of exquisite grace and sophistication with this digital printed embroidered three-piece from the latest unstitched summer collection.
Product Detail:
Japanese Patterns Style Shirt with Dupatta and Trousers
SHIRT
Digital Printed Super Fine Lawn Shirt: 3 Meter
Embroidered Motifs
Fabric: Lawn
Color: Ice Blue
DUPATTA
Digital Printed Silk Dupatta: 2.5 Meter
Fabric: Silk
Color: Ice Blue
TROUSERS
Dyed Cambric Trousers: 2.5 Meter
Fabric: Cambric
Color: Ice Blue
Note:
Product color may slightly vary due to photographic lighting sources or your device settings.",https://nishatlinen.com/products/42401418,"image_3_346_1.jpg, image_3_346_2.jpg, image_3_346_3.jpg"
3 Piece - Printed Suit - 42401941,"Rs. 7,180.00 Rs. 4,667.00","Make your day memorable with this graceful printed three-piece from the latest unstitched summer collection.
Product Detail:
Paisleys & Color Blockings Prints Style Shirt paired with Dupatta & Trousers
SHIRT
Printed Zari Lawn Shirt: 3 Meter
Fabric: Zari Lawn
Color: Black
DUPATTA
Digital Printed Zari Lawn Dupatta: 2.5 Meter
Fabric: Zari Lawn
Color: Black
TROUSERS
Printed Cambric Trousers: 2.5 Meter
Fabric: Cambric
Color: Black
Note:
Product color may slightly vary due to photographic lighting sources or your device settings.",https://nishatlinen.com/products/42401941,"image_3_347_1.jpg, image_3_347_2.jpg, image_3_347_3.jpg"
3 Piece - Printed Suit - 42402046,"Rs. 6,150.00 Rs. 3,997.50","Command attention and leave a lasting impression with this printed three-piece from the latest unstitched summer collection. 
Product Detail:
Floral Baroque Mix Printed Style Shirt with Dupatta & Trousers
SHIRT
Printed Super Fine Lawn Shirt: 3 Meter
Fabric: Lawn
Color: Black 
DUPATTA
Digital Printed Crinkle Chiffon Dupatta: 2.5 Meter
Fabric: Crinkle Chiffon
Color: Black
TROUSERS
Solid Cambric Trousers: 2.5 Meter
Fabric: Cambric
Color: Black
Note:
Product color may slightly vary due to photographic lighting sources or your device settings.",https://nishatlinen.com/products/42402046,"image_3_348_1.jpg, image_3_348_2.jpg, image_3_348_3.jpg"
3 Piece - Printed Embroidered Suit - 42405002,"Rs. 9,230.00 Rs. 5,999.50","For an elegant appearance with printed embroidered three-piece from the latest summer collection.
Product Detail:
Shirt with Dupatta and Trousers
SHIRT
Digital Printed Super Fine Lawn Shirt: 3.2 Meter
2 Embroidered Borders
Fabric: Lawn
Color: Maroon
DUPATTA
Printed Voile Dupatta: 2.6 Meter
Fabric: Voile
Color: Maroon 
TROUSERS
Dyed Cambric Trousers: 2.5 Meter
Fabric: Cambric
Color: Maroon
Note:
Product color may slightly vary due to photographic lighting sources or your device settings.",https://nishatlinen.com/collections/women/products/42405002,"image_3_349_1.jpg, image_3_349_2.jpg, image_3_349_3.jpg"
3 Piece - Digital Printed Loose Fabric - 42403111 - Dupatta / 2.5 / 2.5,Rs. 830.00 Rs. 540.00,"Brighten up your wardrobe with this digital printed three-piece from the latest freedom to buy summer collection.
Product Detail:
Roses Printed Style Shirt with Dupatta and Trousers
SHIRT
Shirt: 3 Meter (RS 750/-Mtr)
Fabric: Lawn
Color: Pink & Off White
Note: Fabric used in shoot for trousers is shirt fabric
DUPATTA
Dupatta: 2.5 Meter (RS 780/-Mtr)
Fabric: Voile
Color: Blue & Off White
Note: Fabric used in shoot for gown is dupatta fabric
TROUSERS
Trousers: 2.5 Meter (RS 650/-Mtr)
Fabric: Cambric
Color: Off White
Note:
Product color may slightly vary due to photographic lighting sources or your device settings.",https://nishatlinen.com/collections/women/products/42403111,"image_3_350_1.jpg, image_3_350_2.jpg, image_3_350_3.jpg"
3 Piece - Yarn Dyed Embroidered Suit - 42402172,"Rs. 8,490.00 Rs. 6,792.00","Build your core wardrobe with this yarn dyed embroidered three-piece from the latest unstitched summer collection.
Product Detail:
Yarn Dyed Dupatta With Stripes On Style Shirt and Trousers
SHIRT
Yarn Dyed Shirt: 3 Meter
Embroidered Neckline + Border
Fabric: Yarn Dyed
Color: Light Grey
DUPATTA
Yarn Dyed Dupatta: 2.5 Meter
Fabric: Yarn Dyed
Color: Blue
TROUSERS
Solid Cambric Trousers: 2.5 Meter
Fabric: Solid Cambric
Color: Light Grey
Note:
Product color may slightly vary due to photographic lighting sources or your device settings.",https://nishatlinen.com/collections/women/products/42402172,"image_3_351_1.jpg, image_3_351_2.jpg, image_3_351_3.jpg"
2 Piece - Embroidered Suit - PE24-334 - XS,"Rs. 6,660.00 Rs. 3,996.00","Be the center of attention by wearing this embroidered two-piece suit from the latest pret summer collection. 
Product Detail
Embroidered Shirt With Trousers
Shirt
Band Neckline With Slit & Piping, Top Stitching Detail At Sleeves, Embroidered Front
Fabric: Cambric
Color: Cream
Trousers
Straight Trousers
Fabric: Cambric
Color: Cream
Note:
Product color may vary slightly due to photographic lighting sources or monitor settings.",https://nishatlinen.com/products/pe24-334,"image_3_352_1.jpg, image_3_352_2.jpg, image_3_352_3.jpg"
3 Piece - Printed Loose Fabric - 42403011 - Shirt / 3 / 3,Rs. 670.00 Rs. 436.00,"Elevate your style with our printed three-piece from the latest freedom to buy summer collection.
Product Detail:
Vintage Pictoral Theme Printed Style Shirt with Dupatta and Trousers
SHIRT
Shirt: 3 Meter (RS 730/-Mtr)
Fabric: Lawn
Color: ﻿Mint Green
DUPATTA
Dupatta: 2.5 Meter (RS 750/-Mtr)
Fabric:
Color: Mint Green
TROUSERS
Trousers: 2.5 Meter (RS 690/-Mtr)
Fabric: Cambric
Color: Mint Green
Note:
Product color may slightly vary due to photographic lighting sources or your device settings.",https://nishatlinen.com/collections/women/products/42403011,"image_3_353_1.jpg, image_3_353_2.jpg, image_3_353_3.jpg"
1 Piece - Digital Printed Loose Fabric - 42403347 - Shirt / 3 / 3,Rs. 880.00 Rs. 572.00,"Look regal with this digital printed one-piece from the latest freedom to buy summer collection.
Product Detail:
Ikkat Printed Style Shirt 
SHIRT
Shirt: 3 Meter (RS 850/-Mtr)
Fabric: Dobby Lawn
Color: Black & Off White
Note:
Product color may slightly vary due to photographic lighting sources or your device settings.",https://nishatlinen.com/collections/women/products/42403347,"image_3_354_1.jpg, image_3_354_2.jpg, image_3_354_3.jpg"
3 Piece - Digital Printed Embroidered Suit - 42401972,"Rs. 9,740.00 Rs. 6,331.00","Get ultimate glamorous look with this digital printed embroidered three-piece from the latest unstitched summer collection.
Product Detail:
Schiffli Patterns Style Shirt with Dupatta and Trousers
SHIRT
Digital Printed Chicken Kari Shirt: 3 Meter
Fabric: Chicken Kari
Color: Pink
DUPATTA
Digital Printed Voile Dupatta: 2.5 Meter
Fabric: Voile
Color: Pink
TROUSERS
Solid Cambric Trousers: 2.5 Meter
Fabric: Cambric
Color: Pink
Note:
Product color may slightly vary due to photographic lighting sources or your device settings.",https://nishatlinen.com/collections/women/products/42401972,"image_3_355_1.jpg, image_3_355_2.jpg, image_3_355_3.jpg"
3 Piece - Jacquard Suit - 42402125,"Rs. 9,990.00 Rs. 7,992.00","Upgrade your evening outdoor look with our jacquard three-piece from the latest unstitched summer collection.
Product Detail:
Sequin Motifs With Florals Style Shirt with Dupatta and Trousers
SHIRT
Jacquard Shirt: 3 Meter
1 Lace: 1.25 Meter
1 Lace: 2.5 Meter
Fabric: Jacquard
Color: Purplish Orchid
DUPATTA
Digital Printed Crinkle Chiffon Dupatta: 2.5 Meter
Fabric: Crinkle Chiffon
Color: Purplish Orchid
TROUSERS
Jacquard Trousers: 2.5 Meter
Fabric: Jacquard
Color: Purplish Orchid
Note:
Product color may slightly vary due to photographic lighting sources or your device settings.",https://nishatlinen.com/products/42402125,"image_3_356_1.jpg, image_3_356_2.jpg, image_3_356_3.jpg"
Embroidered Trousers - PS24-150 - XS,"Rs. 2,560.00 Rs. 1,536.00","Enhance your closet with this embroidered trousers from the latest pret summer collection. 
Product Detail
Embroidered Trousers
Trousers
Loose Straight Trousers, Pleated Embroidered Hem
Fabric: Cambric
Color: Off White
Note:
Product color may vary slightly due to photographic lighting sources or monitor settings.",https://nishatlinen.com/collections/women/products/ps24-150,"image_3_357_1.jpg, image_3_357_2.jpg, image_3_357_3.jpg"
2 Piece - Dyed Embroidered Suit - 42401957,"Rs. 5,640.00 Rs. 3,666.00","Add a touch of depth and charm to your personality by wearing this dyed embroidered two-piece from the latest unstitched summer collection.
Product Detail:
Style Shirt with Trousers
SHIRT
Solid Cambric Shirt: 3 Meter
Embroidered Front + Sleeves + Border
Fabric: Cambric
Color: Mint
TROUSERS
Solid Cambric Trousers: 2.5 Meter
Fabric: Cambric
Color: Mint
Note:
Product color may slightly vary due to photographic lighting sources or your device settings.",https://nishatlinen.com/products/42401957,"image_3_358_1.jpg, image_3_358_2.jpg, image_3_358_3.jpg"
2-Piece - Printed Suit  - PS24-292 - XS,"Rs. 4,590.00 Rs. 2,754.00","Make your day magnificent by wearing this printed two-piece suit from the latest pret summer collection. 
Product Detail
Printed Shirt With Trousers
Shirt
Band Neckline With V Slit, Lace Detail On Neckline, Printed Shirt
Fabric: Cambric
Color: Orange
Trousers
Printed Straight Trousers
Fabric: Cambric
Color: Orange
Note:
Product color may vary slightly due to photographic lighting sources or monitor settings.",https://nishatlinen.com/collections/women/products/ps24-292,"image_3_359_1.jpg, image_3_359_2.jpg, image_3_359_3.jpg"
1 Piece - Dyed Loose Fabric - 42403096 - Shirt / 3 / 3,Rs. 670.00 Rs. 436.00,"Create majestic looks with this dyed one-piece from the latest freedom to buy summer collection.
Product Detail:
Shirt
SHIRT
Shirt: 3 Meter (RS 690/-Mtr)
Fabric: Cambric
Color: Black
Note:
Product color may slightly vary due to photographic lighting sources or your device settings.",https://nishatlinen.com/collections/women/products/42403096,"image_3_360_1.jpg, image_3_360_2.jpg, image_3_360_3.jpg"
2-Piece - Embroidered Suit  - PS24-295 - XS,"Rs. 5,690.00 Rs. 3,414.00","Make your day magnificent by wearing this printed two-piece suit from the latest pret summer collection.
Product Detail
Printed Shirt With Trousers
Shirt
Band Neckline With Placket, Printed Shirt 
Fabric: Cambric
Color: Pink
Trousers
Fabric: Cambric
Color: Pink
Note:
Product color may vary slightly due to photographic lighting sources or monitor settings.",https://nishatlinen.com/collections/women/products/ps24-295,"image_3_361_1.jpg, image_3_361_2.jpg, image_3_361_3.jpg"
3 Piece - Printed Loose Fabric - 42403041 - Shirt / 3 / 3,Rs. 670.00 Rs. 436.00,"Adorn grace with this printed three-piece from the latest freedom to buy summer collection.
Product Detail:
Ethnic Stencil Patterns Printed Style Shirt with Dupatta and Trousers
SHIRT
Shirt: 3 Meter (RS 730/-Mtr)
Fabric: Lawn
Color: Yellowish Beige
DUPATTA
Dupatta: 2.5 Meter (RS 750/-Mtr)
Fabric: Voile
Color: Yellowish Beige
TROUSERS
Trousers: 2.5 Meter (RS 650/-Mtr)
Fabric: Cambric
Color: ﻿Yellowish Beige
Note:
Product color may slightly vary due to photographic lighting sources or your device settings.",https://nishatlinen.com/collections/women/products/42403041,"image_3_362_1.jpg, image_3_362_2.jpg, image_3_362_3.jpg"
3 Piece - Printed Suit - 42401942,"Rs. 7,180.00 Rs. 4,667.00","Upgrade your evening outdoor look with our printed three-piece from the latest unstitched summer collection.
Product Detail:
Textured Base With Sequins Printed Style Shirt with Dupatta & Trousers
SHIRT
Printed Zari Lawn Shirt: 3 Meter
Fabric: Zari Lawn
Color: Black & Grey
DUPATTA
Digital Printed Zari Lawn Dupatta: 2.5 Meter
Fabric: Zari Lawn
Color: Black & Grey
TROUSERS
Printed Cambric Trousers: 2.5 Meter
Fabric: Cambric
Color: White
Note:
Product color may slightly vary due to photographic lighting sources or your device settings.",https://nishatlinen.com/products/42401942,"image_3_363_1.jpg, image_3_363_2.jpg, image_3_363_3.jpg"
3 Piece - Digital Printed Embroidered Suit - 42401452,"Rs. 8,720.00 Rs. 5,668.00","Be the epitome of grace in this digital printed embroidered three-piece from the latest unstitched summer collection.
Product Detail:
Floral Dupatta With Ombre Effect Shirt with Trousers
SHIRT
Digital Printed Super Fine Grid Lawn Shirt: 3 Meter
Embroidered Motifs 
Fabric: Lawn
Color: Tea Pink
DUPATTA
Digital Printed Grid Lawn Dupatta: 2.5 Meter
Fabric: Lawn
Color: Tea Pink
TROUSERS
Dyed Cambric Trousers: 2.5 Meter
Fabric: Cambric
Color: Tea Pink
Note:
Product color may slightly vary due to photographic lighting sources or your device settings.",https://nishatlinen.com/products/42401452,"image_3_364_1.jpg, image_3_364_2.jpg, image_3_364_3.jpg"
3 Piece - Embroidered Suit - 42405026,"Rs. 8,720.00 Rs. 5,668.00","Make a marvelous appearance with this embroidered three-piece from the latest summer collection.
Product Detail
Shirt with Dupatta and Trousers
SHIRT
Dyed Cambric Shirt: 3.2 Meter
Embroidered Front + Border
Fabric: Cambric
Color: Purple
DUPATTA
Digital Printed Silk Dupatta: 2.6 Meter
Fabric: Silk
Color: Purple
TROUSERS
Dyed Cambric Trousers: 2.5 Meter
Fabric: Cambric
Color: ﻿Purple
Note:
Product color may slightly vary due to photographic lighting sources or your device settings.",https://nishatlinen.com/products/42405026,"image_3_365_1.jpg, image_3_365_2.jpg, image_3_365_3.jpg"
2 Piece - Embroidered Loose Fabric - 42402004 - Shirt Front & Back + Sleeves / 3.25 / 3.25,Rs. 436.00 - Rs. 663.00,"Strut in style with this embroidered two-piece from the latest freedom to buy summer collection.
Product Detail:
Shirt & Trousers
Measurements: 
Shirt Front & Back + Sleeves Fabric: 3.25 Meter (RS 2290/-Mtr)
Trousers Fabric: 2.5 Meter (RS 650/-Mtr)
Fabric: Cambric
Color: Light Yellow
Note:
Product color may slightly vary due to photographic lighting sources or your device settings.",https://nishatlinen.com/products/42402004,"image_3_366_1.jpg, image_3_366_2.jpg, image_3_366_3.jpg"
2 Piece - Embroidered Loose Fabric - 42402004 - Shirt Front & Back + Sleeves / 3.25 / 3.25,Rs. 436.00 - Rs. 663.00,"Strut in style with this embroidered two-piece from the latest freedom to buy summer collection.
Product Detail:
Shirt & Trousers
Measurements: 
Shirt Front & Back + Sleeves Fabric: 3.25 Meter (RS 2290/-Mtr)
Trousers Fabric: 2.5 Meter (RS 650/-Mtr)
Fabric: Cambric
Color: Light Yellow
Note:
Product color may slightly vary due to photographic lighting sources or your device settings.",https://nishatlinen.com/collections/women/products/42402004,"image_3_367_1.jpg, image_3_367_2.jpg, image_3_367_3.jpg"
3 Piece - Gold Paste Printed Embroidered Suit - 42401892,"Rs. 8,720.00 Rs. 5,668.00","Celebrate timeless elegance in our gold paste printed embroidered three-piece from the latest unstitched summer collection.
Product Detail:
Mughal Style Shirt with Dupatta and Trousers
SHIRT
Gold Paste Printed Super Fine Lawn Shirt: 3 Meter
Embroidered Motifs + Border
Fabric: Lawn
Color: Black
DUPATTA
Gold Paste Printed Lawn Dupatta: 2.5 Meter
Fabric: Lawn
Color: Black
TROUSERS
Dyed Cambric Trousers: 2.5 Meter
Fabric: Cambric
Color: ﻿Black
Note:
Product color may slightly vary due to photographic lighting sources or your device settings.",https://nishatlinen.com/collections/women/products/42401892,"image_3_368_1.jpg, image_3_368_2.jpg, image_3_368_3.jpg"
3 Piece - Digital Printed Loose Fabric - 42403383 - Shirt / 3 / 3,Rs. 455.00 - Rs. 533.00,"Elevate your style and embrace sophistication with this alluring digital printed three-piece from the latest freedom to buy summer collection.
Product Detail
Textures Printed Style Shirt with Dupatta and Trousers 
SHIRT
Shirt: 3 Meter (RS 800/-Mtr) 
Fabric: Lawn
Color: Brown
DUPATTA
Dupatta: 2.5 Meter (RS 820/-Mtr) 
Fabric: Voile
Color: Brown
TROUSERS
Trousers: 2.5 Meter (RS 700/-Mtr) 
Fabric: Cambric
Color: Brown
Note:
Product color may slightly vary due to photographic lighting sources or your device settings.",https://nishatlinen.com/products/42403383,"image_3_369_1.jpg, image_3_369_2.jpg, image_3_369_3.jpg"
3 Piece - Printed Loose Fabric - 42403118 - Shirt / 3 / 3,Rs. 830.00 Rs. 540.00,"Make your look lavish by wearing this printed three-piece from the latest freedom to buy summer collection.
Product Detail:
Abstract Floral Printed Style Shirt with Dupatta and Trousers
SHIRT
Shirt: 3 Meter (RS 730/-Mtr)
Fabric: Lawn
Color: Black
DUPATTA
Dupatta: 2.5 Meter (RS 750/-Mtr)
Fabric: Voile
Color: Pink
Note: Fabric used in shoot for gown is dupatta fabric
TROUSERS
Trousers: 2.5 Meter (RS 650/-Mtr)
Fabric: Cambric
Color: Black
Note:
Product color may slightly vary due to photographic lighting sources or your device settings.",https://nishatlinen.com/products/42403118,"image_3_370_1.jpg, image_3_370_2.jpg, image_3_370_3.jpg"
3 Piece - Yarn Dyed Embroidered Suit - 42401977,"Rs. 13,330.00 Rs. 8,664.50","Make your catchy with this wonderful yarn dyed embroidered three-piece from the latest unstitched summer collection.
Product Detail:
Banarsi Style Shirt with Dupatta and Trousers
SHIRT
Yarn Dyed Banarsi Shirt: 3 Meter
Embroidered Front + Neckline + Motifs + Border
Fabric: Banarsi
Color: Rust Orange
DUPATTA
Banarsi Jacquard Dupatta: 2.5 Meter
Fabric: Banarsi Jacquard
Color: Rust Orange
TROUSERS
Yarn Dyed Banarsi Trousers: 2.5 Meter
Fabric: Banarsi
Color: Rust Orange
Note:
Product color may slightly vary due to photographic lighting sources or your device settings.",https://nishatlinen.com/collections/women/products/42401977,"image_3_371_1.jpg, image_3_371_2.jpg, image_3_371_3.jpg"
3 Piece - Printed Embroidered Suit - 42401380,"Rs. 8,200.00 Rs. 5,330.00","Unlock the gateway to sophistication with this printed embroidered three-piece from the latest unstitched summer collection.
Product Detail:
Abstract Florals With Laces Style Shirt with Dupatta and Trousers
SHIRT
Printed Super Fine Lawn Shirt: 3 Meter
Embroidered Motifs + 2 Borders
Fabric: Lawn
Color: Dull Orange
DUPATTA
Digital Printed Glitter Net Dupatta: 2.5 Meter
Fabric: Glitter Net
Color: Dull Orange
TROUSERS
Dyed Cambric Trousers: 2.5 Meter
Fabric: Cambric
Color: Dull Orange
Note:
Product color may slightly vary due to photographic lighting sources or your device settings.",https://nishatlinen.com/collections/women/products/42401380,"image_3_372_1.jpg, image_3_372_2.jpg, image_3_372_3.jpg"
2 Piece - Printed Embroidered Suit - 42401949,"Rs. 5,640.00 Rs. 3,666.00","Radiate with special attention by dressing in this captivating ensemble printed embroidered two-piece from the latest unstitched summer collection.
Product Detail:
Paisleys With Tropical Leaves Prints Style Shirt and Dupatta
SHIRT
Printed Super Fine Lawn Shirt: 3 Meter
Embroidered Front + Border
Fabric: Lawn
Color: Pink & Light Grey
DUPATTA
Digital Printed Silk Dupatta: 2.5 Meter
Fabric: Silk
Color: Pink & Light Grey
Note:
Product color may slightly vary due to photographic lighting sources or your device settings.",https://nishatlinen.com/products/42401949,"image_3_373_1.jpg, image_3_373_2.jpg, image_3_373_3.jpg"
2 Piece - Printed Suit - 42401778,"Rs. 4,610.00 Rs. 2,996.50","Make your day magnificent by wearing this printed two-piece from the latest unstitched summer collection.
Product Detail:
Modern Printed Style Shirt with Dupatta
SHIRT
Printed Super Fine Lawn Shirt: 3 Meter
Fabric: Lawn
Color: Blue
DUPATTA
Digital Printed Crinkle Chiffon Dupatta: 2.5 Meter
Fabric: Crinkle Chiffon
Color: Blue
Note:
Product color may slightly vary due to photographic lighting sources or your device settings.",https://nishatlinen.com/collections/women/products/42401778,"image_3_374_1.jpg, image_3_374_2.jpg, image_3_374_3.jpg"
Printed Dress - FE24-07 - XS,"Rs. 7,700.00 Rs. 4,620.00","Look and feel your best by wearing this printed dress from the latest pret summer collection. 
Product Detail
Printed Dress
Dress
Round Neckline, Cuffed Sleeves, Gathers Below Yoke & Hem
Fabric: Monar Gold
Color: Maroon
Note:
Product color may vary slightly due to photographic lighting sources or monitor settings.",https://nishatlinen.com/collections/women/products/fe24-07,"image_3_375_1.jpg, image_3_375_2.jpg, image_3_375_3.jpg"
Embroidered Shirt - PS24-38 - XS,"Rs. 6,150.00 Rs. 3,690.00","For an elegant look, adorn this embroidered shirt from the latest pret summer collection.
Product Detail
Embroidered Shirt
Shirt
Indian Neckline With Lace Detail On Edges, Embroidered Sleeves, Straight Shirt
Fabric: Jacquard
Color: Pink
Note:
Product color may vary slightly due to photographic lighting sources or monitor settings.",https://nishatlinen.com/products/ps24-38,"image_3_376_1.jpg, image_3_376_2.jpg, image_3_376_3.jpg"
3 Piece - Printed Embroidered Suit - 42401842,"Rs. 7,690.00 Rs. 4,998.50","Look gorgeous effortlessly by wearing printed embroidered three-piece from the latest unstitched summer collection.
Product Detail:
Ethnic Floral Mix Print Style Shirt with Dupatta and Trousers
SHIRT
Printed Lawn Shirt: 3 Meter
Embroidered Neckline + Border
Fabric: Lawn
Color: Carrot 
DUPATTA
Digital Printed Zari Lawn Dupatta: 2.5 Meter
Fabric: Zari Lawn
Color: Green
TROUSERS
Solid Cambric Trousers: 2.5 Meter
Fabric: Cambric
Color: Carrot
Note:
Product color may slightly vary due to photographic lighting sources or your device settings.",https://nishatlinen.com/products/42401842,"image_3_377_1.jpg, image_3_377_2.jpg, image_3_377_3.jpg"
2 Piece - Printed Suit - PE24-222 - XS / S,"Rs. 6,150.00 Rs. 3,690.00","Catch the versatile look by wearing this printed two-piece suit from the latest pret summer collection.
Product Detail
Printed Shirt With Trousers
Shirt
Band Neckline With Buttons Detail On Placket, Box Pleat Detail At Front
Fabric: Lawn
Color: Blue
Trousers
Loose Straight Trousers
Fabric: Cambric 
Color: Blue
Note:
Product color may vary slightly due to photographic lighting sources or monitor settings.",https://nishatlinen.com/products/pe24-222,"image_3_378_1.jpg, image_3_378_2.jpg, image_3_378_3.jpg"
3 Piece - Printed Embroidered Suit - 42401329,"Rs. 11,790.00 Rs. 7,663.50","Radiate confidence and charm with this printed embroidered three-piece from the latest unstitched summer collection.
Product Detail:
Abstract Floral With Chiffle Embroidered Style Shirt with Dupatta and Trousers
SHIRT
Printed Embroidered Swiss Lawn Front: 1.25 Meter
Printed Swiss Lawn Back & Sleeves: 1.75 Meter
Fabric: Swiss Lawn
Color: Pink & Black
DUPATTA
Dyed Embroidered Swiss Voile Dupatta: 2.5 Meter
Fabric: Swiss Voile
Color:- Black
TROUSERS
Printed Cambric Trousers: 2.5 Meter
Fabric: Cambric
Color: Pink & Black
Note:
Product color may slightly vary due to photographic lighting sources or your device settings.",https://nishatlinen.com/collections/women/products/42401329,"image_3_379_1.jpg, image_3_379_2.jpg, image_3_379_3.jpg"
3 Piece - Printed Loose Fabric - 42403291 - Dupatta / 2.5 / 2.5,Rs. 880.00 Rs. 572.00,"Style your elegant look with this printed three-piece from the latest freedom to buy summer collection.
Product Detail:
Modern Style Ethnic Patterns Shirt with Dupatta and Trousers 
SHIRT
Shirt: 3 Meter (RS 750/-Mtr)
Fabric: Lawn
Color: Lime Green
DUPATTA
Dupatta: 2.5 Meter (RS 780/-Mtr)
Fabric: Voile
Color: Lime Green
TROUSERS
Trousers: 2.5 Meter (RS 680/-Mtr)
Fabric: Cambric
Color: Lime Green
Note:
Product color may slightly vary due to photographic lighting sources or your device settings.",https://nishatlinen.com/collections/women/products/42403291,"image_3_380_1.jpg, image_3_380_2.jpg, image_3_380_3.jpg"
1 Piece - Digital Printed Loose Fabric - 42403282 - Shirt / 3 / 3,Rs. 455.00 - Rs. 527.00,"Add an elegant touch to your special occasions with this digital printed one-piece from the latest freedom to buy summer collection.
Product Detail:
Palampur Floral Jaal Printed Style Shirt
SHIRT
Shirt: 3 Meter (RS 850/-Mtr)
Fabric: Dobby Lawn
Color: Black
Note:
Product color may slightly vary due to photographic lighting sources or your device settings.",https://nishatlinen.com/products/42403282,"image_3_381_1.jpg, image_3_381_2.jpg, image_3_381_3.jpg"
Embroidered Shirt - PS24-130 - XS,"Rs. 4,390.00 Rs. 2,634.00","Elevate your look with this embroidered shirt from the latest pret summer collection. 
Product Detail
Embroidered Shirt
Shirt
Round Neckline, Lace Detail On Sleeves, Embroidered Neckline, Straight Shirt
Fabric: Cambric
Color: Brown
Note:
Product color may vary slightly due to photographic lighting sources or monitor settings.",https://nishatlinen.com/products/ps24-130,"image_3_382_1.jpg, image_3_382_2.jpg, image_3_382_3.jpg"
3 Piece - Printed Loose Fabric - 42403022 - Shirt / 3 / 3,Rs. 670.00 Rs. 436.00,"Elevate your style and embrace sophistication with this alluring printed three-piece from the latest freedom to buy summer collection.
Product Detail:
Block Printed Style Shirt with Dupatta and Trousers
SHIRT
Shirt: 3 Meter (RS 730/-Mtr)
Fabric: Lawn
Color: White
DUPATTA
Dupatta: 2.5 Meter (RS 750/-Mtr)
Fabric: Voile
Color: White
TROUSERS
Trousers: 2.5 Meter (RS 650/-Mtr)
Fabric: Cambric
Color: White
Note:
Product color may slightly vary due to photographic lighting sources or your device settings.",https://nishatlinen.com/collections/women/products/42403022,"image_3_383_1.jpg, image_3_383_2.jpg, image_3_383_3.jpg"
Embroidered Shirt - PS24-319 - XS,"Rs. 4,890.00 Rs. 2,934.00","Capture hearts and mesmerize souls with this embroidered shirt from the latest pret summer collection. 
Product Detail
Embroidered Shirt
Shirt
Buttons Detail On Neckline & Sleeves, Embroidered Front, Straight Shirt
Fabric: Cambric 
Color: Pink
Note:
Product color may vary slightly due to photographic lighting sources or monitor settings.",https://nishatlinen.com/collections/women/products/ps24-319,"image_3_384_1.jpg, image_3_384_2.jpg, image_3_384_3.jpg"
3 Piece - Yarn Dyed Embroidered Suit - 42401976,"Rs. 13,330.00 Rs. 8,664.50","Make your day memorable with this graceful yarn dyed embroidered three-piece from the latest unstitched summer collection.
Product Detail:
Banarsi Style Shirt with Dupatta and Trousers
SHIRT
Yarn Dyed Banarsi Shirt: 3 Meter
Embroidered Front + Border
Fabric: Banarsi
Color: Mink
DUPATTA
Banarsi Jacquard Dupatta: 2.5 Meter
Fabric: Banarsi
Color: Mink
TROUSERS
Yarn Dyed Banarsi Trousers: 2.5 Meter
Fabric: Banarsi
Color: Mink
Note:
Product color may slightly vary due to photographic lighting sources or your device settings.",https://nishatlinen.com/collections/women/products/42401976,"image_3_385_1.jpg, image_3_385_2.jpg, image_3_385_3.jpg"
2 Piece - Printed Embroidered Suit - 42401574,"Rs. 5,130.00 Rs. 3,334.50","Create majestic looks with this printed embroidered two-piece from the latest unstitched summer collection.
Product Detail:
Floral Prints Style Shirt with Dupatta
SHIRT
Printed Super Fine Lawn Shirt: 3 Meter
Embroidered Motifs
Fabric: Lawn
Color: Brown
DUPATTA
Digital Printed Muzlin Dupatta: 2.5 Meter
Fabric: Muzlin
Color: ﻿Brown
Note:
Product color may slightly vary due to photographic lighting sources or your device settings.",https://nishatlinen.com/collections/women/products/42401574,"image_3_386_1.jpg, image_3_386_2.jpg, image_3_386_3.jpg"
1 Piece - Digital Printed Loose Fabric - 42403203 - Shirt / 3 / 3,Rs. 830.00 Rs. 540.00,"Effortlessly capture hearts with our digital printed one-piece from the latest freedom to buy summer collection.
Product Detail:
Abstract Printed Style Shirt 
SHIRT
Shirt: 3 Meter (RS 830/-Mtr)
Fabric: Dobby Lawn
Color: Purple

Note:
Product color may slightly vary due to photographic lighting sources or your device settings.",https://nishatlinen.com/products/42403203,"image_3_387_1.jpg, image_3_387_2.jpg, image_3_387_3.jpg"
3 Piece - Digital & Paste Printed Embroidered Suit - 42401920,"Rs. 13,850.00 Rs. 9,002.50","Keep your look ever classy with this digital & paste printed embroidered three-piece from the latest unstitched summer collection.
Product Detail:
Floral Style Shirt with Dupatta and Trousers
SHIRT
Schiffli Embroidered Printed Cambric Front & Back: 2 Meter
Schiffli Embroidered Printed Cambric Sleeves: 0.6 Meter
Fabric: Cambric
Color: Light Pink
DUPATTA
Digital Printed Chicken Kari Dupatta: 2.5 Meter
Fabric: Chicken Kari
Color: Light Pink
TROUSERS
Pink Paste Printed Cambric Trousers: 2.5 Meter
Fabric: Cambric
Color: Light Pink
Note:
Product color may slightly vary due to photographic lighting sources or your device settings.",https://nishatlinen.com/collections/women/products/42401920,"image_3_388_1.jpg, image_3_388_2.jpg, image_3_388_3.jpg"
2 Piece - Jacquard Embroidered Suit - 42402158,"Rs. 6,990.00 Rs. 5,592.00","Adorn grace with this jacquard embroidered two-piece from the latest unstitched summer collection.
Product Detail:
Ethnic Pattern Style Shirt with Dupatta
SHIRT
Jacquard Shirt: 3 Meter
Embroidered Motifs + Border
Fabric: Jacquard
Color: Grey
DUPATTA
Jacquard Dupatta: 2.5 Meter
Fabric: Jacquard
Color: Grey
Note:
Product color may slightly vary due to photographic lighting sources or your device settings.",https://nishatlinen.com/products/42402158,"image_3_389_1.jpg, image_3_389_2.jpg, image_3_389_3.jpg"
2 Piece - Dyed Embroidered Suit - 42401729,"Rs. 5,640.00 Rs. 3,666.00","Get sober look by wearing this dyed embroidered two-piece from the latest unstitched summer collection.
Product Detail:
Shirt with Trousers
SHIRT
Solid Cambric Shirt: 3 Meter
Embroidered Front + Border
Fabric: Cambric
Color: Deep Mink 
TROUSERS
Solid Cambric Trousers: 2.5 Meter
Fabric: Cambric
Color: Deep Mink 
Note:
Product color may slightly vary due to photographic lighting sources or your device settings.",https://nishatlinen.com/products/42401729,"image_3_390_1.jpg, image_3_390_2.jpg, image_3_390_3.jpg"
3 Piece - Gold Printed Loose Fabric - 42403310 - Dupatta / 2.5 / 2.5,Rs. 880.00 Rs. 572.00,"Brighten up your day in gold printed three-piece from the latest freedom to buy summer collection.
Product Detail:
Chunri Style Shirt with Dupatta and Trousers 
SHIRT
Shirt: 3 Meter (RS 800/-Mtr)
Fabric: Lawn
Color: Magenta
DUPATTA
Dupatta: 2.5 Meter (RS 850/-Mtr)
Fabric: Voile
Color: Magenta
TROUSERS
Trousers: 2.5 Meter (RS 680/-Mtr)
Fabric: Cambric
Color: Magenta
Note:
Product color may slightly vary due to photographic lighting sources or your device settings.",https://nishatlinen.com/collections/women/products/42403310,"image_3_391_1.jpg, image_3_391_2.jpg, image_3_391_3.jpg"
1 Piece - Digital Printed Loose Fabric - 42403280 - Shirt / 3 / 3,Rs. 455.00 - Rs. 527.00,"Elevate your appearance with this stunning digital Printed one-piece from the latest freedom to buy summer collection.
Product Detail:
Floral Printed Style Shirt
SHIRT
Shirt: 3 Meter (RS 850/-Mtr)
Fabric: Dobby Lawn
Color: Off White
Note:
Product color may slightly vary due to photographic lighting sources or your device settings.",https://nishatlinen.com/collections/women/products/42403280,"image_3_392_1.jpg, image_3_392_2.jpg, image_3_392_3.jpg"
3 Piece - Printed Loose Fabric - 42403256 - Shirt / 3 / 3,Rs. 455.00 - Rs. 527.00,"Revitalize your casual look with this printed three-piece from the latest freedom to buy summer collection.
Product Detail:
Flowers & Textures Printed Style Shirt with Dupatta and Trousers
SHIRT
Shirt: 3 Meter (RS 750/-Mtr)
Fabric: Lawn
Color: Black
DUPATTA
Dupatta: 2.5 Meter (RS 780/-Mtr)
Fabric: Voile
Color: Black
TROUSERS
Trousers: 2.5 Meter (RS 680/-Mtr)
Fabric: Cambric
Color: ﻿Black
Note:
Product color may slightly vary due to photographic lighting sources or your device settings.",https://nishatlinen.com/collections/women/products/42403256,"image_3_393_1.jpg, image_3_393_2.jpg, image_3_393_3.jpg"
2 Piece - Printed Suit - PS24-345 - XS,"Rs. 4,510.00 Rs. 2,706.00","Collect unique stuff for your wardrobe with this printed two-piece suit from the latest pret summer collection.
Product Detail
Printed Shirt With Trousers
Shirt
Band Neckline With Placket, Straight Shirt
Fabric: Cambric
Color: Orange
Trousers
Fitted Trousers
Fabric: Cambric
Color: Orange
Note:
Product color may vary slightly due to photographic lighting sources or monitor settings.",https://nishatlinen.com/collections/women/products/ps24-345,"image_3_394_1.jpg, image_3_394_2.jpg, image_3_394_3.jpg"
3 Piece - Printed Loose Fabric - 42403014 - Shirt / 3 / 3,Rs. 670.00 Rs. 436.00,"Adopt an enthralling look by wearing printed three-piece from the latest freedom to buy summer collection.
Product Detail:
Ethnic Printed Style Shirt with Dupatta and Trousers
SHIRT
Shirt: 3 Meter (RS 730/-Mtr)
Fabric: Lawn
Color: Black
DUPATTA
Dupatta: 2.5 Meter (RS 750/-Mtr)
Fabric: Voile
Color: Black
TROUSERS
Trousers: 2.5 Meter (RS 650/-Mtr)
Fabric: Cambric
Color: Black
Note:
Product color may slightly vary due to photographic lighting sources or your device settings.",https://nishatlinen.com/collections/women/products/42403014,"image_3_395_1.jpg, image_3_395_2.jpg, image_3_395_3.jpg"
Embroidered Shirt - AS24-67 - XS,"Rs. 4,100.00 Rs. 2,460.00","Create an inspiring look by wearing this embroidered shirt from the latest pret summer collection.
Product Detail
Embroidered Shirt
Shirt
Round Neckline With V Slit, Embroidered Front
Fabric: Yarn Dyed
Color: Skin
Note:
Product color may vary slightly due to photographic lighting sources or monitor settings.",https://nishatlinen.com/collections/women/products/as24-67,"image_3_396_1.jpg, image_3_396_2.jpg, image_3_396_3.jpg"
2 Piece - Printed Embroidered Suit - 42401568,"Rs. 5,130.00 Rs. 3,334.50","Catch a versatile look by wearing this printed embroidered two-piece from the latest unstitched summer collection.
Product Detail:
Paisley Patterns With Color Strokes Prints Style Shirt with Dupatta
SHIRT
Printed Super Fine Lawn Shirt: 3 Meter
Embroidered Motifs + Border
Fabric: Lawn
Color: Off White
DUPATTA
Digital Printed Muzlin Dupatta: 2.5 Meter
Fabric: Muzlin
Color: ﻿Off White
Note:
Product color may slightly vary due to photographic lighting sources or your device settings.",https://nishatlinen.com/products/42401568,"image_3_397_1.jpg, image_3_397_2.jpg, image_3_397_3.jpg"
3 Piece - Printed Suit - 42401940,"Rs. 7,180.00 Rs. 4,667.00","Look glamorous by wearing this printed three-piece from the latest unstitched summer collection.
Product Detail:
Kashmiri Shawl Paisleys With Floral Printed Style Shirt with Dupatta and Trousers
SHIRT
Printed Zari Lawn Shirt: 3 Meter
Fabric: Zari Lawn
Color: Magenta
DUPATTA
Digital Printed Zari Lawn Dupatta: 2.5 Meter
Fabric: Zari Lawn
Color: Magenta
TROUSERS
Printed Cambric Trousers: 2.5 Meter
Fabric: Cambric
Color: Magenta
Note:
Product color may slightly vary due to photographic lighting sources or your device settings.",https://nishatlinen.com/collections/women/products/42401940,"image_3_398_1.jpg, image_3_398_2.jpg, image_3_398_3.jpg"
3 Piece - Digital Printed Embroidered Suit - 42401790,"Rs. 8,200.00 Rs. 5,330.00","Look mesmerizing with this digital printed embroidered three-piece from the latest unstitched summer collection.
Product Detail:
Floral Print Style Shirt with Dupatta and Trousers
SHIRT
Digital Printed Super Fine Lawn Shirt: 3 Meter
2 Embroidered Motifs
Fabric: Lawn
Color: Blue
DUPATTA
Digital Printed Silk Dupatta: 2.5 Meter
Fabric: Silk
Color: Blue
TROUSERS
Solid Cambric Trousers: 2.5 Meter
Fabric: Cambric
Color: Blue
Note:
Product color may slightly vary due to photographic lighting sources or your device settings.",https://nishatlinen.com/products/42401790,"image_3_399_1.jpg, image_3_399_2.jpg, image_3_399_3.jpg"
1 Piece - Printed Loose Fabric - 42403077 - Dupatta / 2.5 / 2.5,Rs. 670.00 Rs. 436.00,"For a graceful statement adorn our printed one-piece from the latest freedom to buy summer collection.
Product Detail:
Tie & Dye Textures In Prints Style Dupatta
DUPATTA
Dupatta: 2.5 Meter (RS 750/-Mtr)
Fabric: Voile
Color: Green
Note:
Product color may slightly vary due to photographic lighting sources or your device settings.",https://nishatlinen.com/collections/women/products/42403077,"image_3_400_1.jpg, image_3_400_2.jpg, image_3_400_3.jpg"
2-Piece - Embroidered Suit  - PS24-123 - XS,"Rs. 7,790.00 Rs. 4,674.00","Create a statement-making festive look with this embroidered two-piece suit from the latest pret summer collection.   
Product Detail
Embroidered Shirt With Dupatta
Shirt
Band Neckline With Overlapped Placket, Gotta Lace Detail On Sleeves, Embroidered Front 
Fabric: Cambric
Color: Beige
Dupatta
Embroidered Dupatta Borders
Fabric: Monar
Color: Beige
Note:
Product color may vary slightly due to photographic lighting sources or monitor settings.",https://nishatlinen.com/products/ps24-123,"image_3_401_1.jpg, image_3_401_2.jpg, image_3_401_3.jpg"
3 Piece - Printed Suit - 42402012,"Rs. 4,100.00 Rs. 2,665.00","Become the ultimate trendsetter with our printed three-piece from the latest unstitched summer collection.
Product Detail:
Banarsi Printed Style Shirt with Dupatta and Trousers
SHIRT
Printed Lawn Shirt: 3 Meter
Fabric: Lawn
Color: Green
DUPATTA
Printed Voile Dupatta: 2.5 Meter
Fabric: Voile
Color: Green
TROUSERS
Solid Cambric Trousers: 2.5 Meter
Fabric: Cambric
Color: Green
Note:
Product color may slightly vary due to photographic lighting sources or your device settings.",https://nishatlinen.com/products/42402012,"image_3_402_1.jpg, image_3_402_2.jpg, image_3_402_3.jpg"
Printed Shirt - PE24-220 - XS / S,"Rs. 4,100.00 Rs. 2,460.00","Reflect your unique personality by wearing this printed shirt from the latest pret summer collection.
Product Detail
Printed Shirt
Shirt
Collar Neckline With Slit, A-Line Shirt
Fabric: Lawn
Color: Aqua
Note:
Product color may vary slightly due to photographic lighting sources or monitor settings.",https://nishatlinen.com/collections/women/products/pe24-220,"image_3_403_1.jpg, image_3_403_2.jpg, image_3_403_3.jpg"
1 Piece - Printed Loose Fabric - 42403078 - Dupatta / 2.5 / 2.5,Rs. 670.00 Rs. 436.00,"For a graceful statement adorn our printed one-piece from the latest freedom to buy summer collection.
Product Detail:
Tie & Dye Textures In Prints Style Dupatta
DUPATTA
Dupatta: 2.5 Meter (RS 750/-Mtr)
Fabric: Voile
Color: Yellow
Note:
Product color may slightly vary due to photographic lighting sources or your device settings.",https://nishatlinen.com/products/42403078,"image_3_404_1.jpg, image_3_404_2.jpg, image_3_404_3.jpg"
2 Piece - Jacquard Embroidered Suit - 42401750,"Rs. 7,180.00 Rs. 4,667.00","Be prepared to look dreamy with jacquard embroidered two-piece from the latest unstitched summer collection.
Product Detail:
Shirt with Trousers
SHIRT
Jacquard Shirt: 3 Meter
2 Embroidered Motifs + Border
Fabric: Jacquard
Color: Red
TROUSERS
Solid Cambric Trousers: 2.5 Meter
Fabric: Cambric
Color: Red
Note:
Product color may slightly vary due to photographic lighting sources or your device settings.",https://nishatlinen.com/products/42401750,"image_3_405_1.jpg, image_3_405_2.jpg, image_3_405_3.jpg"
2 Piece - Dyed Embroidered Suit - 42401733,"Rs. 5,640.00 Rs. 3,666.00","Improve your style by buying this dyed embroidered two-piece from the latest unstitched summer collection.
Product Detail:
Shirt with Trousers
SHIRT
Solid Cambric Shirt: 3 Meter
Embroidered Front
Fabric: Cambric
Color: Deep Pink
TROUSERS
Solid Cambric Trousers: 2.5 Meter
Fabric: Cambric
Color: Deep Pink
Note:
Product color may slightly vary due to photographic lighting sources or your device settings.",https://nishatlinen.com/products/42401733,"image_3_406_1.jpg, image_3_406_2.jpg, image_3_406_3.jpg"
3 Piece - Printed Loose Fabric - 42403021 - Shirt / 3 / 3,Rs. 670.00 Rs. 436.00,"Elevate your style and embrace sophistication with this alluring printed three-piece from the latest freedom to buy summer collection.
Product Detail:
Ethnic Printed Style Shirt with Dupatta and Trousers
SHIRT
Shirt: 3 Meter (RS 730/-Mtr)
Fabric: Lawn
Color: Pearl
DUPATTA
Dupatta: 2.5 Meter (RS 750/-Mtr)
Fabric: Voile
Color: Pearl
TROUSERS
Trousers: 2.5 Meter (RS 650/-Mtr)
Fabric: Cambric
Color: ﻿Pearl
Note:
Product color may slightly vary due to photographic lighting sources or your device settings.",https://nishatlinen.com/collections/women/products/42403021,"image_3_407_1.jpg, image_3_407_2.jpg, image_3_407_3.jpg"
3 Piece - Embroidered Suit - 42401082,"Rs. 9,230.00 Rs. 5,999.50","Make you look flawless on your special days by wearing an embroidered three-piece from the latest unstitched summer collection.
Product Detail:
Ethnic Floral With Paisleys Style Shirt with Dupatta and Trousers
SHIRT
Embroidered Cambric Front: 1.15 Meter
Dyed Cambric Back & Sleeves: 1.85 Meter
Embroidered Border
Fabric: Cambric
Color: Pink
DUPATTA
Digital Printed Soft Net Dupatta: 2.5 Meter
Fabric: Net
Color: Pink
TROUSERS
Dyed Cambric Trousers: 2.5 Meter
Fabric: Cambric
Color: ﻿Pink
Note:
Product color may slightly vary due to photographic lighting sources or your device settings.",https://nishatlinen.com/products/42401082,"image_3_408_1.jpg, image_3_408_2.jpg, image_3_408_3.jpg"
3 Piece - Digital Printed Embroidered Suit - 42401445,"Rs. 8,720.00 Rs. 5,668.00","Embrace your individuality by wearing this digital printed embroidered three-piece from the latest unstitched summer collection.
Product Detail:
Floral Dupatta With Ombre Effect Shirt with Trousers
SHIRT
Digital Printed Super Fine Grid Lawn Shirt: 3 Meter
Embroidered Motifs + Border
Fabric: Lawn
Color: Light Green
DUPATTA
Digital Printed Grid Lawn Dupatta: 2.5 Meter
Fabric: Lawn
Color: Light Green
TROUSERS
Dyed Cambric Trousers: 2.5 Meter
Fabric: Cambric
Color: White
Note:
Product color may slightly vary due to photographic lighting sources or your device settings.",https://nishatlinen.com/collections/women/products/42401445,"image_3_409_1.jpg, image_3_409_2.jpg, image_3_409_3.jpg"
3 Piece - Digital Printed Embroidered Suit - 42401452,"Rs. 8,720.00 Rs. 5,668.00","Be the epitome of grace in this digital printed embroidered three-piece from the latest unstitched summer collection.
Product Detail:
Floral Dupatta With Ombre Effect Shirt with Trousers
SHIRT
Digital Printed Super Fine Grid Lawn Shirt: 3 Meter
Embroidered Motifs 
Fabric: Lawn
Color: Tea Pink
DUPATTA
Digital Printed Grid Lawn Dupatta: 2.5 Meter
Fabric: Lawn
Color: Tea Pink
TROUSERS
Dyed Cambric Trousers: 2.5 Meter
Fabric: Cambric
Color: Tea Pink
Note:
Product color may slightly vary due to photographic lighting sources or your device settings.",https://nishatlinen.com/collections/women/products/42401452,"image_3_410_1.jpg, image_3_410_2.jpg, image_3_410_3.jpg"
Printed Shirt - AS24-26 - XS,"Rs. 3,290.00 Rs. 1,974.00","Look and feel your best by wearing this printed shirt from the latest pret summer collection.
Product Detail
Printed Shirt
Shirt
Band Neckline With V Slit, Round Hem, High & Low Short Shirt
Fabric: Silk
Color: Multi
Note:
Product color may vary slightly due to photographic lighting sources or monitor settings.",https://nishatlinen.com/collections/women/products/as24-26,"image_3_411_1.jpg, image_3_411_2.jpg, image_3_411_3.jpg"
1 Piece - Digital Printed Loose Fabric - 42403389 - Shirt / 3 / 3,Rs. 830.00 Rs. 540.00,"Uncover the elegance of our digital printed one-piece from the latest freedom to buy summer collection.
Product Detail:
Chevrons Printed Style Shirt 
SHIRT
Shirt: 3 Meter (RS 830/-Mtr)
Fabric: Dobby Lawn
Color: Black & Off White

Note:
Product color may slightly vary due to photographic lighting sources or your device settings.",https://nishatlinen.com/products/42403389,"image_3_412_1.jpg, image_3_412_2.jpg, image_3_412_3.jpg"
3 Piece - Embroidered Suit - 42401689,"Rs. 8,720.00 Rs. 5,668.00","Be special in this unique embroidered three-piece from the latest unstitched summer collection.
Product Detail:
Modern Style Shirt with Dupatta and Trousers
SHIRT
Dyed Cambric Shirt: 3 Meter
Embroidered Front + Border
Fabric: Cambric
Color: Black
DUPATTA
Digital Printed Crinkle Chiffon Dupatta: 2.5 Meter
Fabric: Crinkle Chiffon
Color: Black
TROUSERS
Dyed Cambric Trousers: 2.5 Meter
Fabric: Cambric
Color: ﻿Black
Note:
Product color may slightly vary due to photographic lighting sources or your device settings.",https://nishatlinen.com/products/42401689,"image_3_413_1.jpg, image_3_413_2.jpg, image_3_413_3.jpg"
3 Piece - Printed Suit - PS24-171 - XS,"Rs. 8,720.00 Rs. 5,232.00","Wrap yourself in this trendy printed three-piece suit from the latest pret summer collection.
Product Detail
Printed Shirt With Dupatta & Trousers
Shirt
Round Neckline with Placket, Embroidered Sleeves, Printed Front & Back
Fabric: Lawn
Color: Lilac
Dupatta
Printed Dupatta
Fabric: Net
Color: Lilac
Trousers
Loose Straight Trousers
Fabric: Cambric
Color: Lilac
Note:
Product color may vary slightly due to photographic lighting sources or monitor settings.",https://nishatlinen.com/products/ps24-171,"image_3_414_1.jpg, image_3_414_2.jpg, image_3_414_3.jpg"
1 Piece - Dyed Loose Fabric - 42402019-1 - Shirt / 3 / 3,Rs. 830.00 Rs. 540.00,"Look gorgeous effortlessly by wearing this dyed one-piece from the latest freedom to buy summer collection.
Product Detail:
Shirt 
SHIRT
Shirt: 3 Meter (RS 650/-Mtr)
Fabric: Cambric
Color: Teal

Note:
Product color may slightly vary due to photographic lighting sources or your device settings.",https://nishatlinen.com/products/42402019-1,image_3_415_1.jpg
3 Piece - Jacquard Embroidered Suit - 42401924,"Rs. 8,690.00 Rs. 5,648.50","Make your day memorable with this graceful jacquard embroidered three-piece from the latest unstitched summer collection.
Product Detail:
Baroque Style Shirt with Dupatta and Trousers
SHIRT
Jacquard Shirt: 3 Meter
Embroidered Border + Patch
Fabric: Jacquard
Color: Blue
DUPATTA
Digital Printed Zari Lawn Dupatta: 2.5 Meter
Fabric: Zari Lawn
Color: Blue
TROUSERS
Solid Cambric Trousers: 2.5 Meter
Fabric: Cambric
Color: Blue
Note:
Product color may slightly vary due to photographic lighting sources or your device settings.",https://nishatlinen.com/products/42401924,"image_3_416_1.jpg, image_3_416_2.jpg, image_3_416_3.jpg"
2 Piece - Printed Embroidered Suit - PS24-298 - XS / S,"Rs. 5,130.00 Rs. 3,078.00","Embrace glamour & shine like a star with this printed embroidered two-piece suit from the latest pret summer collection.
Product Detail
Printed Embroidered Tunic With Trousers
Tunic
Band Neckline With Placket, Embroidered Sleeves Edges
Fabric: Cambric
Color: Mint
Trousers
Printed Straight Trousers
Fabric: Cambric
Color: Mint
Note:
Product color may vary slightly due to photographic lighting sources or monitor settings.",https://nishatlinen.com/collections/women/products/ps24-298,"image_3_417_1.jpg, image_3_417_2.jpg, image_3_417_3.jpg"
Printed Tunic - AS24-57 - XS,"Rs. 4,100.00 Rs. 2,460.00","Ease your confusion about styling by wearing this printed tunic from the latest pret summer collection.  
Product Detail
Printed Tunic
Tunic
Round Neckline With Buttons & Pleat Detail On Placket, Gathers Detail On Sleeves Edges, Length Variation, Short Tunic
Fabric: Silk Grip
Color: Blue
Note:
Product color may vary slightly due to photographic lighting sources or monitor settings.",https://nishatlinen.com/collections/women/products/as24-57,"image_3_418_1.jpg, image_3_418_2.jpg, image_3_418_3.jpg"
3 Piece - Digital Printed Embroidered Suit - 42401968,"Rs. 9,740.00 Rs. 6,331.00","Look impressive ensembles with this digital printed embroidered three-piece from the latest unstitched summer collection.
Product Detail:
Floral With Laces Style Shirt with Dupatta and Trousers
SHIRT
Digital Printed Chicken Kari Shirt: 3 Meter
Fabric: Chicken Kari
Color: Orchid
DUPATTA
Digital Printed Voile Dupatta: 2.5 Meter
Fabric: Voile
Color: Orchid
TROUSERS
Solid Cambric Trousers: 2.5 Meter
Fabric: Cambric
Color: Orchid
Note:
Product color may slightly vary due to photographic lighting sources or your device settings.",https://nishatlinen.com/collections/women/products/42401968,"image_3_419_1.jpg, image_3_419_2.jpg, image_3_419_3.jpg"
Basic Trousers - PE24-379 - XS,"Rs. 1,940.00 Rs. 1,164.00","Look your best with this elegant basic trousers from the latest pret summer collection. 
Product Detail
Basic Trousers
Trousers
Loose Straight Trousers With Pintucks Detail On Hem
Fabric: Cambric
Color: White
Note:
Product color may vary slightly due to photographic lighting sources or monitor settings.",https://nishatlinen.com/collections/women/products/pe24-379,"image_3_420_1.jpg, image_3_420_2.jpg, image_3_420_3.jpg"
3 Piece - Printed Embroidered Suit - 42402068,"Rs. 8,690.00 Rs. 5,648.50","Give your wardrobe a makeover by choosing this printed embroidered three-piece from the latest unstitched summer collection.
Product Detail:
Embellished Style Shirt with Dupatta and Trousers
SHIRT
Printed Super Fine Lawn Shirt: 3 Meter
2 Embroidered Borders
Fabric: Lawn
Color: Pink
DUPATTA
Digital Printed Fancy Jacquard Dupatta: 2.5 Meter
Fabric: Jacquard
Color: Sea Green & Pink
TROUSERS
Solid Cambric Trousers: 2.5 Meter
Fabric: Cambric
Color: Pink
Note:
Product color may slightly vary due to photographic lighting sources or your device settings.",https://nishatlinen.com/products/42402068,"image_3_421_1.jpg, image_3_421_2.jpg, image_3_421_3.jpg"
3 Piece - Yarn Dyed Embroidered Suit - 42401980,"Rs. 13,330.00 Rs. 8,664.50","Catch elegance beauty with yarn dyed embroidered three-piece from the latest unstitched summer collection.
Product Detail:
Banarsi Style Shirt with Dupatta and Trousers
SHIRT
Yarn Dyed Banarsi Shirt: 3 Meter
Embroidered Front + Motifs + Border
Fabric: Banarsi
Color: Brown
DUPATTA
Banarsi Jacquard Dupatta: 2.5 Meter
Fabric: Jacquard
Color: Multi
TROUSERS
Yarn Dyed Banarsi Trousers: 2.5 Meter
Fabric: Banarsi
Color: Brown
Note:
Product color may slightly vary due to photographic lighting sources or your device settings.",https://nishatlinen.com/products/42401980,"image_3_422_1.jpg, image_3_422_2.jpg, image_3_422_3.jpg"
3 Piece - Digital Printed Suit - 42401556,"Rs. 8,200.00 Rs. 5,330.00","Make your look flawless on your special days with this digital printed three-piece from the latest unstitched summer collection.
Product Detail:
Ethnic Jaal Style Shirt with Dupatta and Trousers
SHIRT
Digital Printed Brochia Jacquard Shirt: 3 Meter
Fabric: Jacquard
Color: Light Beige
DUPATTA
Digital Printed Brochia Jacquard Dupatta: 2.5 Meter
Fabric: Jacquard
Color: Light Beige
TROUSERS
Dyed Cambric Trousers: 2.5 Meter
Fabric: Cambric
Color: ﻿Light Beige
Note:
Product color may slightly vary due to photographic lighting sources or your device settings.",https://nishatlinen.com/collections/women/products/42401556,"image_3_423_1.jpg, image_3_423_2.jpg, image_3_423_3.jpg"
3 Piece - Printed Loose Fabric - 42403038 - Shirt / 3 / 3,Rs. 670.00 Rs. 436.00,"Revamp your wardrobe with this printed three-piece from the latest freedom to buy summer collection.
Product Detail:
Block Printed Style Shirt with Dupatta and Trousers
SHIRT
Shirt: 3 Meter (RS 730/-Mtr)
Fabric: Lawn
Color: ﻿Blue
DUPATTA
Dupatta: 2.5 Meter (RS 750/-Mtr)
Fabric: Voile
Color: Blue
TROUSERS
Trousers: 2.5 Meter (RS 690/-Mtr)
Fabric: Cambric
Color: Blue
Note:
Product color may slightly vary due to photographic lighting sources or your device settings.",https://nishatlinen.com/collections/women/products/42403038,"image_3_424_1.jpg, image_3_424_2.jpg, image_3_424_3.jpg"
Slip - PW24-96 - XS,"Rs. 1,250.00 Rs. 1,000.00","Add comfort and a soft and smooth feel to your daily wear with this slip from the latest winter collection.   
Product Detail
Basic Slip
Slip
V Neckline Slip
Fabric: Voile
Color: Black
Note:
Product color may slightly vary due to photographic lighting sources or your monitor settings.",https://nishatlinen.com/products/pw24-96,image_3_425_1.jpg
3 Piece - Printed Loose Fabric - 42403257 - Shirt / 3 / 3,Rs. 455.00 - Rs. 527.00,"Effortlessly radiate charm and sophistication in this printed three-piece from the latest freedom to buy summer collection.
Product Detail:
Abstract Printed Style Shirt with Dupatta and Trousers
SHIRT
Shirt: 3 Meter (RS 750/-Mtr)
Fabric: Lawn
Color: Black
DUPATTA
Dupatta: 2.5 Meter (RS 780/-Mtr)
Fabric: Voile
Color: Black
TROUSERS
Trousers: 2.5 Meter (RS 680/-Mtr)
Fabric: Cambric
Color: ﻿Black
Note:
Product color may slightly vary due to photographic lighting sources or your device settings.",https://nishatlinen.com/collections/women/products/42403257,"image_3_426_1.jpg, image_3_426_2.jpg, image_3_426_3.jpg"
2-Piece - Printed Embroidered Suit  - PS24-288 - XS,"Rs. 5,190.00 Rs. 3,114.00","Make your day magnificent by wearing this printed embroidered two-piece suit from the latest pret summer collection. 
Product Detail
Printed Embroidered Shirt With Trousers
Shirt
Band Neckline With Overlapped Placket, Embroidered Sleeves Edges, Printed Shirt 
Fabric: Cambric
Color: Ivory
Trousers
Printed Loose Trousers
Fabric: Cambric
Color: Ivory
Note:
Product color may vary slightly due to photographic lighting sources or monitor settings.",https://nishatlinen.com/products/ps24-288,"image_3_427_1.jpg, image_3_427_2.jpg, image_3_427_3.jpg"
1 Piece - Printed Loose Fabric - 42403084 - Dupatta / 2.5 / 2.5,Rs. 670.00 Rs. 436.00,"Indulge in the grandeur of fashion, making a graceful statement with our printed one-piece from the latest freedom to buy summer collection.
Product Detail:
Gradient Printed Style Dupatta
DUPATTA
Dupatta: 2.5 Meter (RS 750/-Mtr)
Fabric: Voile
Color: Pink & Orange
Note:
Product color may slightly vary due to photographic lighting sources or your device settings.",https://nishatlinen.com/collections/women/products/42403084,"image_3_428_1.jpg, image_3_428_2.jpg, image_3_428_3.jpg"
3 Piece - Gold & Silver Printed Embroidered Suit - 42401906,"Rs. 8,720.00 Rs. 5,668.00","Be the epitome of grace in this gold & silver printed embroidered three-piece from the latest unstitched summer collection.
Product Detail:
Ethnic Prints Style Shirt with Dupatta and Trousers
SHIRT
Gold & Silver Printed Super Fine Lawn Shirt: 3 Meter
Embroidered Neckline + Motifs
Fabric: Lawn
Color: Green
DUPATTA
Gold & Silver Printed Voile Dupatta: 2.5 Meter
Fabric: Voile
Color: Green
TROUSERS
Dyed Cambric Trousers: 2.5 Meter
Fabric: Cambric
Color: Green
Note:
Product color may slightly vary due to photographic lighting sources or your device settings.",https://nishatlinen.com/products/42401906,"image_3_429_1.jpg, image_3_429_2.jpg, image_3_429_3.jpg"
3 Piece - Embroidered Suit - 42401077,"Rs. 9,230.00 Rs. 5,999.50","Get the ultimate queen look by wearing this embroidered three-piece from the latest unstitched summer collection.
Product Detail:
Floral With Laces Prints Style Shirt with Dupatta and Trousers
SHIRT
Embroidered Cambric Front:1.15 Meter
Dyed Cambric Back & Sleeves:1.85 Meter
Embroidered Motifs
Fabric: Cambric
Color: Skin
DUPATTA
Digital Printed Soft Net Dupatta: 2.5 Meter
Fabric: Net
Color: Skin
TROUSERS
Dyed Cambric Trousers: 2.5 Meter
Fabric: Cambric
Color: ﻿Skin
Note:
Product color may slightly vary due to photographic lighting sources or your device settings.",https://nishatlinen.com/products/42401077,"image_3_430_1.jpg, image_3_430_2.jpg, image_3_430_3.jpg"
3 Piece - Digital Printed Jacquard Embroidered Suit - 42401177,"Rs. 9,230.00 Rs. 5,999.50","Make a soft appearance in our digital printed jacquard embroidered three-piece from the latest unstitched summer collection.
Product Detail:
Floral Vines Style Shirt with Dupatta and Trousers
SHIRT
Digital Printed Brochia Jacquard Shirt: 3 Meter
Embroidered Motifs + Border
Fabric: Brochia Jacquard
Color: Light Beige
DUPATTA
Digital Printed Brochia Jacquard Dupatta: 2.5 Meter
Fabric: Brochia Jacquard
Color: Light Beige
TROUSERS
Dyed Cambric Trousers: 2.5 Meter
Fabric: Cambric
Color: ﻿Light Beige
Note:
Product color may slightly vary due to photographic lighting sources or your device settings.",https://nishatlinen.com/collections/women/products/42401177,"image_3_431_1.jpg, image_3_431_2.jpg, image_3_431_3.jpg"
1 Piece - Gold Printed Loose Fabric - 42403233 - Dupatta / 2.5 / 2.5,Rs. 830.00 Rs. 540.00,"For a fashionable statement adorn this gold printed one-piece from the latest freedom to buy summer collection.
Product Detail:
Tropical Motifs Printed Style Dupatta
DUPATTA
Dupatta: 2.5 Meter (RS 800/-Mtr)
Fabric: Voile
Color: Magenta

Note:
Product color may slightly vary due to photographic lighting sources or your device settings.",https://nishatlinen.com/collections/women/products/42403233,"image_3_432_1.jpg, image_3_432_2.jpg, image_3_432_3.jpg"
3 Piece - Printed Embroidered Suit - PE24-381 - XS,"Rs. 9,740.00 Rs. 5,844.00","Get a sparkling look by wearing this printed embroidered three-piece suit from the latest pret summer collection.
Product Detail
Printed Embroidered Shirt With Dupatta & Trousers
Shirt
Round Neckline With Piping, A-Line Shirt
Fabric: Lawn
Color: Maroon
Dupatta
Fabric: Voile
Color: Maroon
Trousers
Straight Embroidered Trousers
Fabric: Cambric
Color: Maroon
Note:
Product color may vary slightly due to photographic lighting sources or monitor settings.",https://nishatlinen.com/products/pe24-381,"image_3_433_1.jpg, image_3_433_2.jpg, image_3_433_3.jpg"
3 Piece - Printed Embroidered Suit - 42401566,"Rs. 8,720.00 Rs. 5,668.00","Become the epitome of exquisite grace and sophistication with this digital printed embroidered three-piece from the latest unstitched summer collection.
Product Detail:
Embellished Patterns In Borders Style Shirt with Dupatta and Trousers
SHIRT
Digital Printed Zari Lawn Shirt: 3 Meter
2 Embroidered Borders
Fabric: Lawn
Color: Lilac
DUPATTA
Digital Printed Zari Lawn Dupatta: 2.5 Meter
Fabric: Lawn
Color: Lilac
TROUSERS
Dyed Cambric Trousers: 2.5 Meter
Fabric: Cambric
Color: Lilac
Note:
Product color may slightly vary due to photographic lighting sources or your device settings.",https://nishatlinen.com/collections/women/products/42401566,"image_3_434_1.jpg, image_3_434_2.jpg, image_3_434_3.jpg"
3 Piece - Digital Printed Embroidered Suit - 42401971,"Rs. 9,740.00 Rs. 6,331.00","Enhance your charm at day and night outings by wearing this digital printed embroidered three-piece from the latest unstitched summer collection.
Product Detail:
Floral With Laces Style Shirt with Dupatta and Trousers
SHIRT
Digital Printed Chicken Kari Shirt: 3 Meter
Fabric: Chicken Kari
Color: Grey
DUPATTA
Digital Printed Voile Dupatta: 2.5 Meter
Fabric: Voile
Color: Grey
TROUSERS
Solid Cambric Trousers: 2.5 Meter
Fabric: Cambric
Color: Grey
Note:
Product color may slightly vary due to photographic lighting sources or your device settings.",https://nishatlinen.com/products/42401971,"image_3_435_1.jpg, image_3_435_2.jpg, image_3_435_3.jpg"
3 Piece - Printed Suit - 42401880,"Rs. 5,640.00 Rs. 3,666.00","Look gorgeous effortlessly by wearing printed three-piece from the latest unstitched summer collection.
Product Detail:
Mughal Printed Style Shirt with Dupatta and Trousers
SHIRT
Printed Super Fine Lawn Shirt: 3 Meter
Fabric: Lawn
Color: Burnt Orange
DUPATTA
Digital Printed Muzlin Dupatta: 2.5 Meter
Fabric: Muzlin
Color: Burnt Orange
TROUSERS
Dyed Cambric Trousers: 2.5 Meter
Fabric: Cambric
Color: Burnt Orange
Note:
Product color may slightly vary due to photographic lighting sources or your device settings.",https://nishatlinen.com/products/42401880,"image_3_436_1.jpg, image_3_436_2.jpg, image_3_436_3.jpg"
3 Piece - Digital Printed Suit - 42401553,"Rs. 8,200.00 Rs. 5,330.00","Get the ultimate queen look by wearing this digital printed three-piece from the latest unstitched summer collection. 
Product Detail:
Floral Style Shirt with Dupatta and Trousers
SHIRT
Digital Printed Brochia Jacquard Shirt: 3 Meter
Fabric: Jacquard
Color: Lilac
DUPATTA
Digital Printed Brochia Jacquard Dupatta: 2.5 Meter
Fabric: Jacquard
Color: Lilac
TROUSERS
Dyed Cambric Trousers: 2.5 Meter
Fabric: Cambric
Color: Lilac
Note:
Product color may slightly vary due to photographic lighting sources or your device settings.",https://nishatlinen.com/products/42401553,"image_3_437_1.jpg, image_3_437_2.jpg, image_3_437_3.jpg"
2 Piece - Printed Suit With Laces - 42401609,"Rs. 5,130.00 Rs. 3,334.50","Strut in style with this printed two-piece from the latest unstitched summer collection.
Product Detail:
Watercolor Floral Printed Style Shirt with Dupatta
SHIRT
Printed Super Fine Lawn Shirt: 3 Meter
1 Lace: 1.25 Meter
1 Lace: 2.5 Meter
Fabric: Lawn
Color: Yellow
DUPATTA
Digital Printed Banarsi Slub Dupatta: 2.5 Meter
Fabric: Banarsi Slub
Color: ﻿Yellow
Note:
Product color may slightly vary due to photographic lighting sources or your device settings.",https://nishatlinen.com/products/42401609,"image_3_438_1.jpg, image_3_438_2.jpg, image_3_438_3.jpg"
Printed Shirt - PE24-212 - S,"Rs. 4,100.00 Rs. 2,460.00","Achieve a sophisticated and refined appearance with this printed shirt from the latest pret summer collection.
Product Detail
Printed Shirt
Shirt
Round Neckline With Slit & Adda Work Detail On Piping
Fabric: Lawn
Color: Pink
Note:
Product color may vary slightly due to photographic lighting sources or monitor settings.",https://nishatlinen.com/products/pe24-212,"image_3_439_1.jpg, image_3_439_2.jpg, image_3_439_3.jpg"
3 Piece - Printed Suit - 42401885,"Rs. 5,640.00 Rs. 3,666.00","Get a sober look by wearing this printed three-piece from the latest unstitched summer collection.
Product Detail:
Arches With Lotus Flowers Prints Style Shirt with Dupatta and Trousers
SHIRT
Printed Super Fine Lawn Shirt: 3 Meter
Fabric: Lawn
Color: Off White
DUPATTA
Digital Printed Muzlin Dupatta: 2.5 Meter
Fabric: Muzlin
Color: Off White
TROUSERS
Dyed Cambric Trousers: 2.5 Meter
Fabric: Cambric
Color: Off White
Note:
Product color may slightly vary due to photographic lighting sources or your device settings.",https://nishatlinen.com/collections/women/products/42401885,"image_3_440_1.jpg, image_3_440_2.jpg, image_3_440_3.jpg"
3 Piece - Digital Printed Suit - 42401498,"Rs. 8,200.00 Rs. 5,330.00","Look gorgeous effortlessly by wearing this digital printed three-piece from the latest unstitched summer collection.
Product Detail:
Embroidered Style Patterns Shirt with Dupatta and Trousers
SHIRT
Digital Printed Brochia Jacquard Shirt: 3 Meter
Fabric: Jacquard
Color: Skin
DUPATTA
Digital Printed Brochia Jacquard Dupatta: 2.5 Meter
Fabric: Jacquard
Color: Skin
TROUSERS
Dyed Cambric Trousers: 2.5 Meter
Fabric: Cambric
Color: ﻿Skin
Note:
Product color may slightly vary due to photographic lighting sources or your device settings.",https://nishatlinen.com/products/42401498,"image_3_441_1.jpg, image_3_441_2.jpg, image_3_441_3.jpg"
1 Piece - Glitter Paste Printed Loose Fabric - 42403333 - Shirt / 3 / 3,Rs. 880.00 Rs. 572.00,"Radiate confidence with this glitter paste printed one-piece from the latest freedom to buy summer collection.
Product Detail:
Rose Printed Style Shirt 
SHIRT
Shirt: 3 Meter (RS 800/-Mtr) 
Fabric: Lawn
Color: Light Brown
Note:
Product color may slightly vary due to photographic lighting sources or your device settings.",https://nishatlinen.com/products/42403333,"image_3_442_1.jpg, image_3_442_2.jpg, image_3_442_3.jpg"
3 Piece - Printed Loose Fabric - 42403265 - Shirt / 3 / 3,Rs. 455.00 - Rs. 527.00,"Add elegance with this printed three-piece from the latest freedom to buy summer collection.
Product Detail:
Embroidered Stitch Patterns In Printed Form Shirt with Dupatta and Trousers
SHIRT
Shirt: 3 Meter (RS 750/-Mtr)
Fabric: Lawn
Color: Navy
DUPATTA
Dupatta: 2.5 Meter (RS 780/-Mtr)
Fabric: Voile
Color: Navy
TROUSERS
Trousers: 2.5 Meter (RS 720/-Mtr)
Fabric: Cambric
Color: ﻿Navy
Note:
Product color may slightly vary due to photographic lighting sources or your device settings.",https://nishatlinen.com/collections/women/products/42403265,"image_3_443_1.jpg, image_3_443_2.jpg, image_3_443_3.jpg"
2 Piece - Embroidered Suit - PS24-71 - XS,"Rs. 7,690.00 Rs. 4,614.00","Unleash your inner artist with this exquisite embroidered two-piece suit from the latest pret summer collection.
Product Detail
Embroidered Shirt With Dupatta
Shirt
Band Neckline With Button Details on Placket, Embroidered Front Both Panels, Button Down Shirt
Fabric: Cambric
Color: Hot Pink
Dupatta
Adda Work Detail
Fabric: Jacquard
Color: Hot Pink
Note:
Product color may vary slightly due to photographic lighting sources or monitor settings.",https://nishatlinen.com/products/ps24-71,"image_3_444_1.jpg, image_3_444_2.jpg, image_3_444_3.jpg"
3 Piece - Printed Loose Fabric - 42403269 - Shirt / 3 / 3,Rs. 455.00 - Rs. 527.00,"Experience the hug-like softness of printed three-piece from the latest freedom to buy summer collection.
Product Detail:
Block Prints Paisleys Style Shirt with Dupatta and Trousers
SHIRT
Shirt: 3 Meter (RS 750/-Mtr)
Fabric: Lawn
Color: Beige
DUPATTA
Dupatta: 2.5 Meter (RS 780/-Mtr)
Fabric: Voile
Color: Beige
TROUSERS
Trousers: 2.5 Meter (RS 680/-Mtr)
Fabric: Cambric
Color: Beige
Note:
Product color may slightly vary due to photographic lighting sources or your device settings.",https://nishatlinen.com/collections/women/products/42403269,"image_3_445_1.jpg, image_3_445_2.jpg, image_3_445_3.jpg"
2 Piece - Basic Suit - PE24-34 - XS,"Rs. 6,660.00 Rs. 3,996.00","Look and feel your best by wearing this basic two-piece suit from the latest pret summer collection.
Product Detail
Basic Shirt With Trousers
Shirt
Round Neckline With Piping & Slit, Pintucks Detail At Fornt, Adda Detail At Sleeves
Fabric: Texture
Color: Peach
Trousers
Loose Straight Trousers
Fabric: Cambric
Color: Orange
Note:
Product color may vary slightly due to photographic lighting sources or monitor settings.",https://nishatlinen.com/collections/women/products/pe24-34,"image_3_446_1.jpg, image_3_446_2.jpg, image_3_446_3.jpg"
2 piece - Digital Printed Embroidered Suit - 42401746,"Rs. 5,130.00 Rs. 3,334.50","Get special attention is given by wearing this digital printed embroidered two-piece from the latest unstitched summer collection.
Product Detail:
Paisleys With Ombre Effect Style Shirt with Trousers
SHIRT
Digital Printed Cambric Shirt: 3 Meter
Embroidered Neckline
Fabric: Cambric
Color: Dull Magenta
TROUSERS
Solid Cambric Trousers: 2.5 Meter
Fabric: Cambric
Color: Dull Magenta
Note:
Product color may slightly vary due to photographic lighting sources or your device settings.",https://nishatlinen.com/collections/women/products/42401746,"image_3_447_1.jpg, image_3_447_2.jpg, image_3_447_3.jpg"
2 Piece - Dyed Embroidered Suit - 42401259,"Rs. 5,640.00 Rs. 3,666.00","Give yourself smart casual vibes in our classic dyed embroidered two-piece from the latest unstitched summer collection.
Product Detail:
Shirt with Trousers
SHIRT
Dyed Cambric Shirt: 3 Meter
Embroidered Front + Border
Fabric: Cambric
Color: Deep Brinjal
TROUSERS
Dyed Cambric Trousers: 2.5 Meter
Fabric: Cambric
Color: Deep Brinjal
Note:
Product color may slightly vary due to photographic lighting sources or your device settings.",https://nishatlinen.com/products/42401259,"image_3_448_1.jpg, image_3_448_2.jpg, image_3_448_3.jpg"
Embroidered Tunic - PS24-317 - XS,"Rs. 4,000.00 Rs. 2,400.00","Make your look vibrant with this embroidered tunic from the latest pret summer collection.
Product Detail
Embroidered Tunic
Tunic
Band Neckline, Gathered Sleeves, Gathered Waist With Dorri & Tassels Detail, Embroidered Tunic
Fabric: Cambric
Color: Green
Note:
Product color may vary slightly due to photographic lighting sources or monitor settings.",https://nishatlinen.com/products/ps24-317,"image_3_449_1.jpg, image_3_449_2.jpg, image_3_449_3.jpg"
3 Piece - Printed Embroidered Suit - 42401704,"Rs. 7,690.00 Rs. 4,998.50","Catch elegance beauty with printed embroidered three-piece from the latest unstitched summer collection.
Product Detail:
Chunri Style Shirt with Dupatta and Trousers
SHIRT
Printed Super Fine Lawn Shirt: 3 Meter
Embroidered Neckline + Border
Fabric: Lawn
Color: Orange
DUPATTA
Printed Voile Dupatta: 2.5 Meter
Fabric: Voile
Color: Orange
TROUSERS
Printed Cambric Trousers: 2.5 Meter
Fabric: Cambric
Color: ﻿Orange
Note:
Product color may slightly vary due to photographic lighting sources or your device settings.",https://nishatlinen.com/collections/women/products/42401704,"image_3_450_1.jpg, image_3_450_2.jpg, image_3_450_3.jpg"
3 Piece - Printed Loose Fabric - 42403368 - Dupatta / 2.5 / 2.5,Rs. 455.00 - Rs. 533.00,"Uplift your look with printed three-piece from the latest freedom to buy summer collection.
Product Detail
Wallpaper Style Florals & Textured Shirt with Dupatta and Trousers 
SHIRT
Shirt: 3 Meter (RS 780/-Mtr) 
Fabric: Lawn
Color: Sea Green
DUPATTA
Dupatta: 2.5 Meter (RS 800/-Mtr) 
Fabric: Voile
Color: Beige
TROUSERS
Trousers: 2.5 Meter (RS 700/-Mtr) 
Fabric: Cambric
Color: Beige
Note:
Product color may slightly vary due to photographic lighting sources or your device settings.",https://nishatlinen.com/collections/women/products/42403368,"image_3_451_1.jpg, image_3_451_2.jpg, image_3_451_3.jpg"
3 Piece - Printed Embroidered Suit - 42401365,"Rs. 8,200.00 Rs. 5,330.00","Dive into a world of captivating aesthetics with this printed embroidered three-piece from the latest unstitched summer collection.
Product Detail:
Tree Patterns Printed Style Shirt with Dupatta and Trousers
SHIRT
Printed Cambric Shirt: 3 Meter
Embroidered Neckline + Motifs + Border
Fabric: Cambric
Color: Beige
DUPATTA
Block Printed Khadi Silk Dupatta: 2.5 Meter
Fabric: Khadi Silk
Color: Brown
TROUSERS
Dyed Cambric Trousers: 3 Meter
Fabric: Cambric
Color: Beige
Note:
Product color may slightly vary due to photographic lighting sources or your device settings.",https://nishatlinen.com/collections/women/products/42401365,"image_3_452_1.jpg, image_3_452_2.jpg, image_3_452_3.jpg"
Embroidered Shirt - PE24-58 - XS,"Rs. 4,510.00 Rs. 2,706.00","Capture hearts and mesmerize souls with this embroidered shirt from the latest pret summer collection.
Product Detail
Embroidered Shirt
Shirt
Round Neckline With Pearl Detail on Slit, Embroidered Sleeves
Fabric: Cambric
Color: Navy
Note:
Product color may vary slightly due to photographic lighting sources or monitor settings.",https://nishatlinen.com/products/pe24-58,"image_3_453_1.jpg, image_3_453_2.jpg, image_3_453_3.jpg"
3 Piece - Embroidered Suit - 42401439,"Rs. 9,740.00 Rs. 6,331.00","Become the ultimate trendsetter with this embroidered three-piece from the latest unstitched summer collection.
Product Detail:
Abstract Ink Patterns With Laces Prints Style Shirt with Dupatta and Trousers
SHIRT
Dyed Cambric Shirt: 3 Meter
Embroidered Front + Motifs + Border
Fabric: Cambric
Color: Ivory
DUPATTA
Digital Printed Pure Chiffon Dupatta: 2.5 Meter
Fabric: Chiffon
Color: Multi
TROUSERS
Dyed Cambric Trousers: 2.5 Meter
Fabric: Cambric
Color: Ivory
Note:
Product color may slightly vary due to photographic lighting sources or your device settings.",https://nishatlinen.com/products/42401439,"image_3_454_1.jpg, image_3_454_2.jpg, image_3_454_3.jpg"
2 Piece - Digital Printed Suit - 42401113,"Rs. 4,820.00 Rs. 3,133.00","Make special occasions even more magical with digital printed two-piece from the latest unstitched summer collection.
Product Detail:
Embellished & Ethnic Painted Patterns In Printed Form Shirt with Dupatta
SHIRT
Digital Printed Super Fine Lawn Shirt: 3 Meter
Fabric: Lawn
Color: Orange
DUPATTA
Digital Printed Zari Monar Dupatta: 2.5 Meter
Fabric: ﻿Zari Monar
Color: Orange & Pink
Note:
Product color may slightly vary due to photographic lighting sources or your device settings.",https://nishatlinen.com/products/42401113,"image_3_455_1.jpg, image_3_455_2.jpg, image_3_455_3.jpg"
2 Piece - Printed Embroidered Suit - 42401766,"Rs. 5,130.00 Rs. 3,334.50","Lighten up your mood in this printed embroidered two-piece from the latest unstitched summer collection.
Product Detail:
Stencil Patterns With Textures Style Shirt with Dupatta
SHIRT
Printed Super Fine Lawn Shirt: 3 Meter
Embroidered Motifs + Border
Fabric: Lawn
Color: Light Brown
DUPATTA
Printed Crinkle Chiffon Dupatta: 2.5 Meter
Fabric: Crinkle Chiffon
Color: Multi
Note:
Product color may slightly vary due to photographic lighting sources or your device settings.",https://nishatlinen.com/collections/women/products/42401766,"image_3_456_1.jpg, image_3_456_2.jpg, image_3_456_3.jpg"
2 Piece - Printed Suit - PS24-265 - XS / S,"Rs. 4,510.00 Rs. 2,706.00","Make visually pleasing and appealing look with this printed two-piece suit from the latest pret summer collection.
Product Detail
Printed Tunic With Trousers
Tunic
Band Neckline With Placket, Short Tunic
Fabric: Cambric
Color: Yellow
Trousers
Loose Trousers
Fabric: Cambric
Color: Yellow
Note:
Product color may vary slightly due to photographic lighting sources or monitor settings.",https://nishatlinen.com/products/ps24-265,"image_3_457_1.jpg, image_3_457_2.jpg, image_3_457_3.jpg"
1 Piece - Digital Printed Loose Fabric - 42403064 - Shirt / 3 / 3,Rs. 750.00 Rs. 488.00,"Transform your beauty into timeless perfection with this digital printed one-piece from the latest freedom to buy summer collection.
Product Detail:
Floral Printed Style Shirt 
SHIRT
Shirt: 3 Meter (RS 1090/-Mtr)
Fabric: Lurix Stripe
Color: Off White

Note:
Product color may slightly vary due to photographic lighting sources or your device settings.",https://nishatlinen.com/collections/women/products/42403064,"image_3_458_1.jpg, image_3_458_2.jpg, image_3_458_3.jpg"
3 Piece - Printed Embroidered Suit - 42401564,"Rs. 8,720.00 Rs. 5,668.00","Give yourself versatile styling mileage with this digital printed embroidered three-piece from the latest unstitched summer collection. 
Product Detail:
Embellished Style Motifs Style Shirt with Dupatta and Trousers
SHIRT
Digital Printed Zari Lawn Shirt: 3 Meter
Embroidered Neckline + Border
Fabric: Lawn
Color: Yellow
DUPATTA
Digital Printed Zari Lawn Dupatta: 2.5 Meter
Fabric: Lawn
Color: Yellow
TROUSERS
Dyed Cambric Trousers: 2.5 Meter
Fabric: Cambric
Color: Yellow
Note:
Product color may slightly vary due to photographic lighting sources or your device settings.",https://nishatlinen.com/products/42401564,"image_3_459_1.jpg, image_3_459_2.jpg, image_3_459_3.jpg"
2 Piece - Printed Suit With Laces - 42401607,"Rs. 5,130.00 Rs. 3,334.50","For a fashionable statement adorn this printed two-piece from the latest unstitched summer collection.
Product Detail:
Ethnic Patterns With Tie & Dye Textures In Printed Style Shirt with Dupatta
SHIRT
Printed Super Fine Lawn Shirt: 3 Meter
1 Lace: 1.25 Meter
1 Lace: 2.5 Meter
Fabric: Lawn
Color: Turquoise
DUPATTA
Digital Printed Banarsi Slub Dupatta: 2.5 Meter
Fabric: Banarsi Slub
Color: ﻿Turquoise
Note:
Product color may slightly vary due to photographic lighting sources or your device settings.",https://nishatlinen.com/products/42401607,"image_3_460_1.jpg, image_3_460_2.jpg, image_3_460_3.jpg"
3 Piece - Embroidered Suit - 42401656,"Rs. 9,740.00 Rs. 6,331.00","Delicate your look with this embroidered three-piece from the latest unstitched summer collection.
Product Detail:
Floral Abstract Style Shirt with Dupatta and Trousers
SHIRT
Dyed Cambric Shirt: 3 Meter
Embroidered Front + Border
Fabric: Cambric
Color: Brown
DUPATTA
Digital Printed Organza Chiffon Dupatta: 2.5 Meter
Fabric: Organza Chiffon
Color: Deep Brown
TROUSERS
Dyed Cambric Trousers: 2.5 Meter
Fabric: Cambric
Color: Brown
Note:
Product color may slightly vary due to photographic lighting sources or your device settings.",https://nishatlinen.com/collections/women/products/42401656,"image_3_461_1.jpg, image_3_461_2.jpg, image_3_461_3.jpg"
2 Piece - Embroidered Loose Fabric - 42402008 - Shirt Front + Sleeves / 2 / 2,"Rs. 436.00 - Rs. 1,261.00","Strut in style with this embroidered two-piece from the latest freedom to buy summer collection.
Product Detail:
Shirt & Trousers 
Measurements: 
Shirt Front + Sleeves: 2 Meter (RS 1890/-Mtr)
Trousers + Back: 3.75 Meter (RS 650/-Mtr)
Fabric: Cambric
Color: Back
Note:
Product color may slightly vary due to photographic lighting sources or your device settings.",https://nishatlinen.com/products/42402008,"image_3_462_1.jpg, image_3_462_2.jpg, image_3_462_3.jpg"
3 Piece - Printed Embellished Suit - 42401351,"Rs. 10,260.00 Rs. 6,669.00","Step into a realm of sheer beauty and confidence with this printed embellished three-piece from the latest unstitched summer collection.
Product Detail:
Mukaish Work Style Shirt with Dupatta and Trousers
SHIRT
Dyed Cambric Shirt: 3 Meter
Embroidered Front + Border
Fabric: Cambric
Color: Chocolate Brown
DUPATTA
Printed Mukaish Chiffon Dupatta: 2.4 Meter
Fabric: Mukaish Chiffon
Color: Chocolate Brown
TROUSERS
Dyed Cambric Trousers: 2.5 Meter
Fabric: Cambric
Color: Chocolate Brown
Note:
Product color may slightly vary due to photographic lighting sources or your device settings.",https://nishatlinen.com/collections/women/products/42401351,"image_3_463_1.jpg, image_3_463_2.jpg, image_3_463_3.jpg"
1 Piece - Gold & Silver Printed Loose Fabric - 42403336 - Shirt / 3 / 3,Rs. 880.00 Rs. 572.00,"Look regal with this gold & silver printed one-piece from the latest freedom to buy summer collection.
Product Detail:
Block Prints Style Shirt 
SHIRT
Shirt: 3 Meter (RS 800/-Mtr) 
Fabric: Lawn
Color: Pink
Note:
Product color may slightly vary due to photographic lighting sources or your device settings.",https://nishatlinen.com/collections/women/products/42403336,"image_3_464_1.jpg, image_3_464_2.jpg, image_3_464_3.jpg"
Embroidered Trousers - PE24-262 - XS,"Rs. 2,560.00 Rs. 1,536.00","Upgrade your wardrobe with this embroidered trousers from the latest pret summer collection.
Product Detail
Embroidered Trousers
Trousers
Loose Straight Trousers With Pleated Embroidered Hem
Fabric: Cambric
Color: White
Note:
Product color may vary slightly due to photographic lighting sources or monitor settings.",https://nishatlinen.com/collections/women/products/pe24-262,"image_3_465_1.jpg, image_3_465_2.jpg, image_3_465_3.jpg"
Printed Dress - FS24-11 - XS,"Rs. 6,150.00 Rs. 3,690.00","For everyday events, style this printed dress from the latest pret summer collection.
Product Detail
Printed Dress
Dress
Round Neckline With Tie-Up Dorri & Tassels Detail, Flared Dress
Fabric: Cambric
Color: Lime
Note:
Product color may vary slightly due to photographic lighting sources or monitor settings.",https://nishatlinen.com/collections/women/products/fs24-11,"image_3_466_1.jpg, image_3_466_2.jpg, image_3_466_3.jpg"
2 Piece - Basic Suit - PE24-156 - XS,"Rs. 6,660.00 Rs. 3,996.00","Find the perfect look for you with this basic two-piece suit from the latest pret summer collection. 
Product Detail
Basic Shirt With Dupatta
Shirt
Top Stitches & Lace Detail On Sleeves, A-Line Panel Shirt
Fabric: Cambric
Color: Black
Dupatta
Fabric: Jacquard
Color: Black
Note:
Product color may vary slightly due to photographic lighting sources or monitor settings.",https://nishatlinen.com/products/pe24-156,"image_3_467_1.jpg, image_3_467_2.jpg, image_3_467_3.jpg"
Printed Shirt - AS24-85 - XS,"Rs. 7,190.00 Rs. 4,314.00","Make your appearance distinctive by wearing this printed shirt from the latest pret summer collection.
Product Detail
Printed Shirt
Shirt
Round Neckline With Slit & Pearls Detail, Gathered Sleeves, Straight Long Shirt
Fabric: Lawn
Color: Black
Note:
Product color may vary slightly due to photographic lighting sources or monitor settings.",https://nishatlinen.com/collections/women/products/as24-85,"image_3_468_1.jpg, image_3_468_2.jpg, image_3_468_3.jpg"
Embroidered Shirt - PE24-80 - XS,"Rs. 4,300.00 Rs. 2,580.00","Step into a realm of sheer beauty and confidence by wearing this embroidered shirt from the latest pret summer collection.
Product Detail
Embroidered Shirt
Shirt
Band Neckline With Piping & Slit, Embroidered Front & Sleeves
Fabric: Cambric
Color: Red
Note:
Product color may vary slightly due to photographic lighting sources or monitor settings.",https://nishatlinen.com/products/pe24-80,"image_3_469_1.jpg, image_3_469_2.jpg, image_3_469_3.jpg"
1 Piece - Dyed Loose Fabric - 42402020-1 - Shirt / 3 / 3,Rs. 830.00 Rs. 540.00,"Unleash your creativity and craft your unique style with dyed one-piece from the latest freedom to buy summer collection.
Product Detail:
Shirt 
SHIRT
Shirt: 3 Meter (RS 650/-Mtr)
Fabric: Cambric
Color: Light Orange

Note:
Product color may slightly vary due to photographic lighting sources or your device settings.",https://nishatlinen.com/products/42402020-1,image_3_470_1.jpg
2 Piece - Digital Printed Suit - 42401115,"Rs. 4,820.00 Rs. 3,133.00","Step into a world with our digital printed two-piece from the latest unstitched summer collection.
Product Detail:
Laces With Tie & Dye Base Printed Style Shirt with Dupatta
SHIRT
Digital Printed Super Fine Lawn Shirt: 3 Meter
Fabric: Lawn
Color: Pink & Peach
DUPATTA
Digital Printed Zari Monar Dupatta: 2.5 Meter
Fabric: ﻿Zari Monar
Color: ﻿Pink & Peach
Note:
Product color may slightly vary due to photographic lighting sources or your device settings.",https://nishatlinen.com/collections/women/products/42401115,"image_3_471_1.jpg, image_3_471_2.jpg, image_3_471_3.jpg"
3 Piece - Digital Printed Jacquard Embroidered Suit - 42402092,"Rs. 9,990.00 Rs. 6,493.50","Adorn grace with this digital printed jacquard embroidered three-piece from the latest unstitched summer collection.
Product Detail:
Mughal & Embellished Mix Style Shirt with Dupatta and Trousers
SHIRT
Digital Printed Fancy Jacquard Shirt: 2.1 Meter
Embroidered Neckline + Border
Fabric: Jacquard
Color: Multi
DUPATTA
Yarn Dyed Dupatta: 2.5 Meter
Fabric: Yarn Dyed
Color: Off White
TROUSERS
Solid Cambric Trousers: 1.7 Meter
Fabric: Cambric
Color: Off White
Note:
Product color may slightly vary due to photographic lighting sources or your device settings.",https://nishatlinen.com/products/42402092,"image_3_472_1.jpg, image_3_472_2.jpg, image_3_472_3.jpg"
Embroidered Trousers - PE24-266 - XS,"Rs. 2,560.00 Rs. 1,536.00","Upgrade your wardrobe with this embroidered trousers from the latest pret summer collection. 
Product Detail
Embroidered Trousers
Trousers
Embroidered Loose Straight Trousers With Lace Detail On Hem
Fabric: Cambric
Color: White
Note:
Product color may vary slightly due to photographic lighting sources or monitor settings.",https://nishatlinen.com/collections/women/products/pe24-266,"image_3_473_1.jpg, image_3_473_2.jpg, image_3_473_3.jpg"
3 Piece - Digital Printed Suit - 42401554,"Rs. 8,200.00 Rs. 5,330.00","Drape yourself in class and make epitome of elegance with this digital printed three-piece from the latest unstitched summer collection.
Product Detail:
Watercolor Chintz With Paisleys Style Shirt with Dupatta and Trousers
SHIRT
Digital Printed Brochia Jacquard Shirt: 3 Meter
Fabric: Jacquard
Color: White
DUPATTA
Digital Printed Brochia Jacquard Dupatta: 2.5 Meter
Fabric: Jacquard
Color: White
TROUSERS
Dyed Cambric Trousers: 2.5 Meter
Fabric: Cambric
Color: ﻿White
Note:
Product color may slightly vary due to photographic lighting sources or your device settings.",https://nishatlinen.com/collections/women/products/42401554,"image_3_474_1.jpg, image_3_474_2.jpg, image_3_474_3.jpg"
3 Piece - Jacquard Embroidered Suit - 42401924,"Rs. 8,690.00 Rs. 5,648.50","Make your day memorable with this graceful jacquard embroidered three-piece from the latest unstitched summer collection.
Product Detail:
Baroque Style Shirt with Dupatta and Trousers
SHIRT
Jacquard Shirt: 3 Meter
Embroidered Border + Patch
Fabric: Jacquard
Color: Blue
DUPATTA
Digital Printed Zari Lawn Dupatta: 2.5 Meter
Fabric: Zari Lawn
Color: Blue
TROUSERS
Solid Cambric Trousers: 2.5 Meter
Fabric: Cambric
Color: Blue
Note:
Product color may slightly vary due to photographic lighting sources or your device settings.",https://nishatlinen.com/collections/women/products/42401924,"image_3_475_1.jpg, image_3_475_2.jpg, image_3_475_3.jpg"
Embroidered Shirt - PE24-73 - XS,"Rs. 4,300.00 Rs. 2,580.00","Step into a world of ethereal beauty with this embroidered shirt from the latest pret summer collection.
Product Detail
Embroidered Shirt
Shirt
Round Neckline With Tie-Up Dorri & Tassels Detail, Lace Detail At Sleeves Edges, Embroidered Front & Sleeves
Fabric: Cambric
Color: Lilac
Note:
Product color may vary slightly due to photographic lighting sources or monitor settings.",https://nishatlinen.com/collections/women/products/pe24-73,"image_3_476_1.jpg, image_3_476_2.jpg, image_3_476_3.jpg"
3 Piece - Digital Printed Embroidered Suit - 42401445,"Rs. 8,720.00 Rs. 5,668.00","Embrace your individuality by wearing this digital printed embroidered three-piece from the latest unstitched summer collection.
Product Detail:
Floral Dupatta With Ombre Effect Shirt with Trousers
SHIRT
Digital Printed Super Fine Grid Lawn Shirt: 3 Meter
Embroidered Motifs + Border
Fabric: Lawn
Color: Light Green
DUPATTA
Digital Printed Grid Lawn Dupatta: 2.5 Meter
Fabric: Lawn
Color: Light Green
TROUSERS
Dyed Cambric Trousers: 2.5 Meter
Fabric: Cambric
Color: White
Note:
Product color may slightly vary due to photographic lighting sources or your device settings.",https://nishatlinen.com/products/42401445,"image_3_477_1.jpg, image_3_477_2.jpg, image_3_477_3.jpg"
3 Piece - Printed Loose Fabric - 42403003 - Dupatta / 2.5 / 2.5,Rs. 670.00 Rs. 436.00,"Ignite your style with our trend by embracing the printed three-piece from the latest freedom to buy summer collection.
Product Detail:
Paisleys Printed Style Shirt with Dupatta and Trousers
SHIRT
Shirt: 3 Meter (RS 730/-Mtr)
Fabric: Lawn
Color: Off White
DUPATTA
Dupatta: 2.5 Meter (RS 750/-Mtr)
Fabric: Voile
Color: Off White
TROUSERS
Trousers: 2.5 Meter (RS 650/-Mtr)
Fabric: Cambric
Color: ﻿Off White
Note:
Product color may slightly vary due to photographic lighting sources or your device settings.",https://nishatlinen.com/products/42403003,"image_3_478_1.jpg, image_3_478_2.jpg, image_3_478_3.jpg"
3 Piece - Printed Loose Fabric - 42403157 - Shirt / 3 / 3,Rs. 830.00 Rs. 540.00,"Indulge in a world of sheer enchantment with this printed three-piece from the latest freedom to buy summer collection.
Product Detail:
Block Print Style Ethnic Motifs Printed Style Shirt with Dupatta and Trousers
SHIRT
Shirt: 3 Meter (RS 730/-Mtr)
Fabric: Lawn
Color: Burgandy
DUPATTA
Dupatta: 2.5 Meter (RS 750/-Mtr)
Fabric: Voile
Color: Burgandy
TROUSERS
Trousers: 2.5 Meter (RS 650/-Mtr)
Fabric: Cambric
Color: Burgandy
Note:
Product color may slightly vary due to photographic lighting sources or your device settings.",https://nishatlinen.com/products/42403157,"image_3_479_1.jpg, image_3_479_2.jpg, image_3_479_3.jpg"
3 Piece - Printed Loose Fabric - 42403369 - Shirt / 3 / 3,Rs. 455.00 - Rs. 533.00,"Look gorgeous effortlessly by wearing this printed three-piece from the latest freedom to buy summer collection.
Product Detail
Abstract Floral With Lines Printed Style Shirt with Dupatta and Trousers 
SHIRT
Shirt: 3 Meter (RS 780/-Mtr) 
Fabric: Lawn
Color: Beige
Note: Fabric is used in shoot for trouser is shirt fabric 
DUPATTA
Dupatta: 2.5 Meter (RS 800/-Mtr) 
Fabric: Voile
Color: Beige
Note: Fabric is used in shoot for jacket is dupatta fabric
TROUSERS
Trousers: 2.5 Meter (RS 700/-Mtr) 
Fabric: Cambric
Color: Beige
Note: Fabric is used in shoot for inner shirt is trousers fabric
Note:
Product color may slightly vary due to photographic lighting sources or your device settings.",https://nishatlinen.com/collections/women/products/42403369,"image_3_480_1.jpg, image_3_480_2.jpg, image_3_480_3.jpg"
Printed Shirt - PE24-365 - XS,"Rs. 4,100.00 Rs. 2,460.00","Ease your confusion about styling by wearing this printed shirt from the latest pret summer collection.
Product Detail
Printed Shirt
Shirt
Round Neckline With Slit & Pearls Detail On Piping
Fabric: Lawn
Color: Yellow
Note:
Product color may vary slightly due to photographic lighting sources or monitor settings.",https://nishatlinen.com/collections/women/products/pe24-365,"image_3_481_1.jpg, image_3_481_2.jpg, image_3_481_3.jpg"
3 Piece - Printed Loose Fabric - 42403294 - Dupatta / 2.5 / 2.5,Rs. 880.00 Rs. 572.00,"Be special in this unique printed three-piece from the latest freedom to buy summer collection.
Product Detail:
Floral Print Style Shirt with Dupatta and Trousers 
SHIRT
Shirt: 3 Meter (RS 750/-Mtr)
Fabric: Lawn
Color: Rust
DUPATTA
Dupatta: 2.5 Meter (RS 780/-Mtr)
Fabric: Voile
Color: Rust
TROUSERS
Trousers: 2.5 Meter (RS 680/-Mtr)
Fabric: Cambric
Color: Rust
Note:
Product color may slightly vary due to photographic lighting sources or your device settings.",https://nishatlinen.com/collections/women/products/42403294,"image_3_482_1.jpg, image_3_482_2.jpg, image_3_482_3.jpg"
3 Piece - Embroidered Suit - 42401689,"Rs. 8,720.00 Rs. 5,668.00","Be special in this unique embroidered three-piece from the latest unstitched summer collection.
Product Detail:
Modern Style Shirt with Dupatta and Trousers
SHIRT
Dyed Cambric Shirt: 3 Meter
Embroidered Front + Border
Fabric: Cambric
Color: Black
DUPATTA
Digital Printed Crinkle Chiffon Dupatta: 2.5 Meter
Fabric: Crinkle Chiffon
Color: Black
TROUSERS
Dyed Cambric Trousers: 2.5 Meter
Fabric: Cambric
Color: ﻿Black
Note:
Product color may slightly vary due to photographic lighting sources or your device settings.",https://nishatlinen.com/collections/women/products/42401689,"image_3_483_1.jpg, image_3_483_2.jpg, image_3_483_3.jpg"
3 Piece - Digital Printed Suit - 42401552,"Rs. 8,200.00 Rs. 5,330.00","Get special attention by wearing this digital printed three-piece from the latest unstitched summer collection. 
Product Detail:
Floral Style Shirt with Dupatta and Trousers
SHIRT
Digital Printed Brochia Jacquard Shirt: 3 Meter
Fabric: Jacquard
Color: Yellow
DUPATTA
Digital Printed Brochia Jacquard Dupatta: 2.5 Meter
Fabric: Jacquard
Color: Yellow
TROUSERS
Dyed Cambric Trousers: 2.5 Meter
Fabric: Cambric
Color: ﻿Yellow
Note:
Product color may slightly vary due to photographic lighting sources or your device settings.",https://nishatlinen.com/collections/women/products/42401552,"image_3_484_1.jpg, image_3_484_2.jpg, image_3_484_3.jpg"
Embroidered Tunic - PS24-329 - S,"Rs. 4,190.00 Rs. 2,514.00","Elevate your look with this embroidered tunic from the latest pret summer collection. 
Product Detail
Embroidered Tunic 
Tunic
Band Neckline With Placket, Detailed Pleated Sleeves, Embroidered Side Hem & Upper Side, Embroidered Tunic
Fabric: Cambric
Color: Purple
Note:
Product color may vary slightly due to photographic lighting sources or monitor settings.",https://nishatlinen.com/products/ps24-329,"image_3_485_1.jpg, image_3_485_2.jpg, image_3_485_3.jpg"
1 Piece - Digital Printed Loose Fabric - 42403183 - Shirt / 3 / 3,Rs. 750.00 Rs. 488.00,"Experience the exquisite grace of this digital printed one-piece from the latest freedom to buy summer collection.
Product Detail:
Paisleys Printed Style Shirt 
SHIRT
Shirt: 3 Meter (RS 750/-Mtr)
Fabric: Lawn
Color: Teal

Note:
Product color may slightly vary due to photographic lighting sources or your device settings.",https://nishatlinen.com/products/42403183,"image_3_486_1.jpg, image_3_486_2.jpg, image_3_486_3.jpg"
3 Piece - Digital Printed Loose Fabric - 42403148 - Shirt / 3 / 3,Rs. 830.00 Rs. 540.00,"Exude elegance in this digital printed three-piece from the latest freedom to buy summer collection.
Product Detail:
Floral printed Style Shirt with Dupatta and Trousers
SHIRT
Shirt: 3 Meter (RS 750/-Mtr)
Fabric: Lawn
Color: Black
DUPATTA
Dupatta: 2.5 Meter (RS 780/-Mtr)
Fabric: Voile
Color: Black
TROUSERS
Trousers: 2.5 Meter (RS 650/-Mtr)
Fabric: Cambric
Color: Black
Note:
Product color may slightly vary due to photographic lighting sources or your device settings.",https://nishatlinen.com/collections/women/products/42403148,"image_3_487_1.jpg, image_3_487_2.jpg, image_3_487_3.jpg"
2 Piece - Printed Embroidered Suit - 42401950,"Rs. 5,640.00 Rs. 3,666.00","Preserve your beautiful memories by wearing this printed embroidered two-piece from the latest unstitched summer collection.
Product Detail:
Mughal Prints Style Shirt with Dupatta
SHIRT
Printed Super Fine Lawn Shirt: 3 Meter
Embroidered Front + Border
Fabric: Lawn
Color: Off White
DUPATTA
Digital Printed Silk Dupatta: 2.5 Meter
Fabric: Silk
Color: Off White
Note:
Product color may slightly vary due to photographic lighting sources or your device settings.",https://nishatlinen.com/collections/women/products/42401950,"image_3_488_1.jpg, image_3_488_2.jpg, image_3_488_3.jpg"
Printed Embroidered Dress - FE24-46 - XS,"Rs. 7,070.00 Rs. 4,242.00","Look and feel your best by wearing this printed embroidered dress from the latest pret summer collection.
Product Detail
Printed Embroidered Dress
Dress
Band Neckline With Piping, Sleeves With Frill, Gathers, Embroidered Neckline
Fabric: Cambric
Color: Off White
Note:
Product color may vary slightly due to photographic lighting sources or monitor settings.",https://nishatlinen.com/collections/women/products/fe24-46,"image_3_489_1.jpg, image_3_489_2.jpg, image_3_489_3.jpg"
Embroidered Trousers - PS24-272 - XS,"Rs. 2,050.00 Rs. 1,230.00","Look mesmerizing by wearing this embroidered trousers from the latest pret summer collection.
Product Detail
Embroidered Trousers
Trousers
Loose Straight Trousers With Embroidered Hem
Fabric: Cambric
Color: Off White
Note:
Product color may vary slightly due to photographic lighting sources or monitor settings.",https://nishatlinen.com/products/ps24-272,"image_3_490_1.jpg, image_3_490_2.jpg, image_3_490_3.jpg"
Basic Shirt - PS24-115 - XS,"Rs. 3,380.00 Rs. 2,028.00","Elevate your look with this basic shirt from the latest pret summer collection.
Product Detail
Basic Shirt
Shirt
Band Neckline With Slit, Cuffed Sleeves, Side Panels Detail
Fabric: Cambric
Color: Pink
Note:
Product color may vary slightly due to photographic lighting sources or monitor settings.",https://nishatlinen.com/collections/women/products/ps24-115,"image_3_491_1.jpg, image_3_491_2.jpg, image_3_491_3.jpg"
3 Piece - Digital Printed Loose Fabric - 42403380 - Shirt / 3 / 3,Rs. 455.00 - Rs. 533.00,"Strut in style with this digital printed three-piece from the latest freedom to buy summer collection.
Product Detail
Floral & Laces Mix Printed Style Shirt with Dupatta and Trousers 
SHIRT
Shirt: 3 Meter (RS 800/-Mtr) 
Fabric: Lawn
Color: Multi
DUPATTA
Dupatta: 2.5 Meter (RS 820/-Mtr) 
Fabric: Voile
Color: Multi
TROUSERS
Trousers: 2.5 Meter (RS 700/-Mtr) 
Fabric: Cambric
Color: Grey
Note:
Product color may slightly vary due to photographic lighting sources or your device settings.",https://nishatlinen.com/products/42403380,"image_3_492_1.jpg, image_3_492_2.jpg, image_3_492_3.jpg"
Printed Tunic - PS24-340 - XS,"Rs. 3,070.00 Rs. 1,842.00","Look stylish with our daily wear printed tunic from the latest pret summer collection.
Product Detail
Printed Tunic
Tunic
Rollover Collar Neckline, Box Pleats Detail On Front, Puffy Sleeves
Fabric: Cambric
Color: Green
Note:
Product color may vary slightly due to photographic lighting sources or monitor settings.",https://nishatlinen.com/collections/women/products/ps24-340,"image_3_493_1.jpg, image_3_493_2.jpg, image_3_493_3.jpg"
Printed Shirt - PE24-216 - XS,"Rs. 4,100.00 Rs. 2,460.00","Look absolutely stunning by wearing this printed shirt from the latest pret summer collection.
Product Detail
Printed Shirt
Shirt
Collar Neckline With Placket, Button Down Shirt
Fabric: Beige
Color: Lawn
Note:
Product color may vary slightly due to photographic lighting sources or monitor settings.",https://nishatlinen.com/products/pe24-216,"image_3_494_1.jpg, image_3_494_2.jpg, image_3_494_3.jpg"
Embroidered Shirt - PS24-320 - XS / S,"Rs. 5,190.00 Rs. 3,114.00","Elevate your look with this embroidered shirt from the latest pret summer collection. 
Product Detail
Embroidered Shirt
Shirt
Band Neckline With Piping, Embroidered Neckline, Sleeves Edges & Side Panels, Loose Panel Shirt
Fabric: Cambric
Color: Light Pink
Note:
Product color may vary slightly due to photographic lighting sources or monitor settings.",https://nishatlinen.com/collections/women/products/ps24-320,"image_3_495_1.jpg, image_3_495_2.jpg, image_3_495_3.jpg"
2 Piece - Printed Suit - PS24-313 - XS,"Rs. 5,130.00 Rs. 3,078.00","Embrace glamour & shine like a star with this printed two-piece suit from the latest pret summer collection. 
Product Detail
Printed Shirt With Trousers
Shirt
Band Neckline With Pearl & Loop Detail, A-Line Flared Shirt
Fabric: Cambric
Color: Beige
Trousers
Printed Fitted Trousers
Fabric: Cambric
Color: Beige
Note:
Product color may vary slightly due to photographic lighting sources or monitor settings.",https://nishatlinen.com/products/ps24-313,"image_3_496_1.jpg, image_3_496_2.jpg, image_3_496_3.jpg"
Printed Shirt - PE24-293 - XS,"Rs. 3,590.00 Rs. 2,154.00","Look and feel your best by wearing this printed shirt from the latest pret summer collection.
Product Detail
Printed Shirt
Shirt
Band Neckline With Placket, Buttons Detail On Placket & Epaulet Sleeves, High & Low Shirt
Fabric: Lawn
Color: Lime
Note:
Product color may vary slightly due to photographic lighting sources or monitor settings.",https://nishatlinen.com/products/pe24-293,"image_3_497_1.jpg, image_3_497_2.jpg, image_3_497_3.jpg"
1 Piece - Digital Printed Loose Fabric - 42403068 - Shirt / 3 / 3,Rs. 830.00 Rs. 540.00,"An effortless daily summer look with this digital printed one-piece from the latest freedom to buy summer collection.
Product Detail:
Rustic Floral Patterns Printed Style Shirt
SHIRT
Shirt: 3 Meter (RS 1090/-Mtr)
Fabric: Lurix Stripe
Color: Black

Note:
Product color may slightly vary due to photographic lighting sources or your device settings.",https://nishatlinen.com/collections/women/products/42403068,"image_3_498_1.jpg, image_3_498_2.jpg, image_3_498_3.jpg"
Embroidered Shirt - PS24-26 - XS,"Rs. 4,610.00 Rs. 2,766.00","Fit the summer vibe perfectly with this contemporary embroidered shirt from the latest pret summer collection.
Product Detail
Embroidered Shirt
Shirt
V Neckline, Embroidered Yoke & Gathers With Adda Work Detail
Fabric: Jacquard
Color: Lime
Note:
Product color may vary slightly due to photographic lighting sources or monitor settings.",https://nishatlinen.com/products/ps24-26,"image_3_499_1.jpg, image_3_499_2.jpg, image_3_499_3.jpg"
2-Piece - Embroidered Suit  - PS24-295 - XS,"Rs. 5,690.00 Rs. 3,414.00","Make your day magnificent by wearing this printed two-piece suit from the latest pret summer collection.
Product Detail
Printed Shirt With Trousers
Shirt
Band Neckline With Placket, Printed Shirt 
Fabric: Cambric
Color: Pink
Trousers
Fabric: Cambric
Color: Pink
Note:
Product color may vary slightly due to photographic lighting sources or monitor settings.",https://nishatlinen.com/products/ps24-295,"image_3_500_1.jpg, image_3_500_2.jpg, image_3_500_3.jpg"
3 Piece - Printed Embroidered Suit - 42402030,"Rs. 9,490.00 Rs. 6,168.50","Look gorgeous effortlessly by wearing this printed embroidered three-piece from the latest unstitched summer collection.
Product Detail:
Floral Style Shirt with Dupatta and Trousers
SHIRT
Printed Super Fine Lawn Shirt: 3 Meter
Embroidered Neckline + Border
Fabric: Lawn
Color: Off White
DUPATTA
Printed Banarsi Brochia Dupatta: 2.5 Meter
Fabric: Banarsi Brochia
Color: Yellow
TROUSERS
Solid Cambric Trousers: 2.5 Meter
Fabric: Cambric
Color: Off White
Note:
Product color may slightly vary due to photographic lighting sources or your device settings.",https://nishatlinen.com/products/42402030,"image_3_501_1.jpg, image_3_501_2.jpg, image_3_501_3.jpg"
3 Piece - Printed Suit - 42401813,"Rs. 6,660.00 Rs. 4,329.00","Express yourself with confidence printed three-piece from the latest unstitched summer collection.
Product Detail:
Floral & Laces Printed Style Shirt with Dupatta and Trousers
SHIRT
Printed Super Fine Lawn Shirt: 3 Meter
Fabric: Lawn
Color: Beige
DUPATTA
Digital Printed Crinkle Chiffon Dupatta: 2.5 Meter
Fabric: Crinkle Chiffon
Color: Beige
TROUSERS
Printed Cambric Trousers: 2.5 Meter
Fabric: Cambric
Color: Beige
Note:
Product color may slightly vary due to photographic lighting sources or your device settings.",https://nishatlinen.com/collections/women/products/42401813,"image_3_502_1.jpg, image_3_502_2.jpg, image_3_502_3.jpg"
1 Piece - Digital Printed Loose Fabric - 42403067 - Shirt / 3 / 3,Rs. 670.00 Rs. 436.00,"Elevate your beachside fashion with the allure of our digital printed one-piece from the latest freedom to buy summer collection.
Product Detail:
Watercolor Abstract Patterns In Printed Form Shirt
SHIRT
Shirt: 3 Meter (RS 1090/-Mtr)
Fabric: Fancy Strip
Color: Off White
Note:
Product color may slightly vary due to photographic lighting sources or your device settings.",https://nishatlinen.com/collections/women/products/42403067,"image_3_503_1.jpg, image_3_503_2.jpg, image_3_503_3.jpg"
Printed Dress - AS24-83 - XS,"Rs. 5,020.00 Rs. 3,012.00","Create a modish appearance by wearing this printed dress from the latest pret summer collection.
Product Detail
Printed Dress
Dress
Collar Neckline With Placket & Buttons Detail, Gathered Sleeves, Long Dress
Fabric: Viscose Lawn
Color: Yellow
Note:
Product color may vary slightly due to photographic lighting sources or monitor settings.",https://nishatlinen.com/products/as24-83,"image_3_504_1.jpg, image_3_504_2.jpg, image_3_504_3.jpg"
3 Piece - Printed Loose Fabric - 42403307 - Dupatta / 2.5 / 2.5,Rs. 880.00 Rs. 572.00,"Brighten up your day in printed three-piece from the latest freedom to buy summer collection.
Product Detail:
Floral Jaal Printed Style Shirt with Dupatta and Trousers 
SHIRT
Shirt: 3 Meter (RS 750/-Mtr)
Fabric: Lawn
Color: Light Green
DUPATTA
Dupatta: 2.5 Meter (RS 780/-Mtr)
Fabric: Voile
Color: Light Green
TROUSERS
Trousers: 2.5 Meter (RS 680/-Mtr)
Fabric: Cambric
Color: Light Green
Note:
Product color may slightly vary due to photographic lighting sources or your device settings.",https://nishatlinen.com/products/42403307,"image_3_505_1.jpg, image_3_505_2.jpg, image_3_505_3.jpg"
1 Piece - Dyed Loose Fabric - 42402001-2 - Trouser / 2.5 / 2.5,Rs. 670.00 Rs. 436.00,"Strut in style with this dyed one-piece from the latest freedom to buy summer collection.
Product Detail:
Trousers
TROUSERS
Trousers: 2.5 Meter (RS 650/-Mtr)
Fabric: Cambric
Color: Navy Blue
Note:
Product color may slightly vary due to photographic lighting sources or your device settings.",https://nishatlinen.com/collections/women/products/42402001-2,"image_3_506_1.jpg, image_3_506_2.jpg, image_3_506_3.jpg"
Printed Shirt - PE24-230 - XS,"Rs. 3,590.00 Rs. 2,154.00","Look and feel your best by wearing this printed shirt from the latest pret summer collection. 
Product Detail
Printed Shirt
Shirt
Round Neckline With Piping & Slit, Lace Detail On Sleeves
Fabric: Lawn
Color: Pink
Note:
Product color may vary slightly due to photographic lighting sources or monitor settings.",https://nishatlinen.com/collections/women/products/pe24-230,"image_3_507_1.jpg, image_3_507_2.jpg, image_3_507_3.jpg"
Embroidered Tunic - PS24-95 - XS / S,"Rs. 4,100.00 Rs. 2,460.00","Celebrate the art of femininity with this embroidered tunic from the latest pret summer collection.
Product Detail
Embroidered Tunic
Tunic
Round Neckline With V Slit, Embroidered Neckline & Sleeves Edges
Fabric: Cambric
Color: Mauve
Note:
Product color may vary slightly due to photographic lighting sources or monitor settings.",https://nishatlinen.com/collections/women/products/ps24-95,"image_3_508_1.jpg, image_3_508_2.jpg, image_3_508_3.jpg"
3 Piece - Printed Suit - 42401812,"Rs. 6,660.00 Rs. 4,329.00","Express yourself with confidence printed three-piece from the latest unstitched summer collection.
Product Detail:
Wild Leaf Patterns With Floral Print In Line Form Shirt with Dupatta and Trousers
SHIRT
Printed Super Fine Lawn Shirt: 3 Meter
Fabric: Lawn
Color: Red
DUPATTA
Digital Printed Crinkle Chiffon Dupatta: 2.5 Meter
Fabric: Crinkle Chiffon
Color: Red
TROUSERS
Printed Cambric Trousers: 2.5 Meter
Fabric: Cambric
Color: Red
Note:
Product color may slightly vary due to photographic lighting sources or your device settings.",https://nishatlinen.com/products/42401812,"image_3_509_1.jpg, image_3_509_2.jpg, image_3_509_3.jpg"
3 Piece - Printed Loose Fabric - 42403137 - Dupatta / 2.5 / 2.5,Rs. 830.00 Rs. 540.00,"Make yourself more beautiful in unique style with this printed three-piece from the latest freedom to buy summer collection.
Product Detail:
Traditional Motifs In Chain Stitch Style With Geometric Shirt Printed Style with Dupatta and Trousers
SHIRT
Shirt: 3 Meter (RS 730/-Mtr)
Fabric: Lawn
Color: Deep Blue
DUPATTA
Dupatta: 2.5 Meter (RS 750/-Mtr)
Fabric: Voile
Color: Deep Blue
TROUSERS
Trousers: 2.5 Meter (RS 650/-Mtr)
Fabric: Cambric
Color: Deep Blue
Note:
Product color may slightly vary due to photographic lighting sources or your device settings.",https://nishatlinen.com/products/42403137,"image_3_510_1.jpg, image_3_510_2.jpg, image_3_510_3.jpg"
2-Piece - Basic Suit  - PS24-92 - XS,"Rs. 6,190.00 Rs. 3,714.00","Look and feel your best by wearing this basic two-piece suit from the latest pret summer collection.
Product Detail
Basic Shirt With Trousers
Shirt
Hight V Neckline With Embellishment On Piping, Pearls Detail On Stylized Sleeves Edges
Fabric: Cambric
Color: Light Green
Trousers
Loose Straight Trousers
Fabric: Cambric
Color: Light Green
Note:
Product color may vary slightly due to photographic lighting sources or monitor settings.",https://nishatlinen.com/collections/women/products/ps24-92,"image_3_511_1.jpg, image_3_511_2.jpg, image_3_511_3.jpg"
1 Piece - Digital Printed Loose Fabric - 42403394 - Shirt / 3 / 3,Rs. 830.00 Rs. 540.00,"Effortlessly radiate charm in this digital printed one-piece from the latest freedom to buy summer collection.
Product Detail:
Mughal Booti Motifs Printed Style Shirt 
SHIRT
Shirt: 3 Meter (RS 800/-Mtr)
Fabric: Dobby Lawn
Color: Light Orange

Note:
Product color may slightly vary due to photographic lighting sources or your device settings.",https://nishatlinen.com/collections/women/products/42403394,"image_3_512_1.jpg, image_3_512_2.jpg, image_3_512_3.jpg"
2 Piece - Printed Suit - PE24-421 - XS,"Rs. 4,570.00 Rs. 2,742.00","Radiate positivity and vibrancy in this printed two-piece suit from the latest pret summer collection.
Product Detail
Printed Shirt With Trousers
Shirt
Band Neckline With Slit, Back Forward With Side Panels, High & Low Shirt
Fabric: Cambric
Color: Orange
Trousers
Printed Straight Trousers
Fabric: Cambric
Color: Orange
Note:
Product color may vary slightly due to photographic lighting sources or monitor settings.",https://nishatlinen.com/collections/women/products/pe24-421,"image_3_513_1.jpg, image_3_513_2.jpg, image_3_513_3.jpg"
3 Piece - Gold Paste Printed Embroidered Suit - 42401902,"Rs. 8,720.00 Rs. 5,668.00","Make a delicate statement with our gold paste printed embroidered three-piece from the latest unstitched summer collection.
Product Detail:
Mughal Prints Style Shirt with Dupatta and Trousers
SHIRT
Gold Paste Printed Super Fine Lawn Shirt: 3 Meter
Embroidered Neckline + Border
Fabric: Lawn
Color: Pink
DUPATTA
Gold Paste Printed Lawn Dupatta: 2.5 Meter
Fabric: Lawn
Color: Pink
TROUSERS
Dyed Cambric Trousers: 2.5 Meter
Fabric: Cambric
Color: ﻿Pink
Note:
Product color may slightly vary due to photographic lighting sources or your device settings.",https://nishatlinen.com/collections/women/products/42401902,"image_3_514_1.jpg, image_3_514_2.jpg, image_3_514_3.jpg"
3 Piece - Printed Suit - 42401887,"Rs. 5,640.00 Rs. 3,666.00","Be yourself fabulous by wearing a printed three-piece from the latest unstitched summer collection.
Product Detail:
Funky In Collage Prints Style Shirt with Dupatta and Trousers
SHIRT
Printed Super Fine Lawn Shirt: 3 Meter
Fabric: Lawn
Color: Pink & Green
DUPATTA
Digital Printed Muzlin Dupatta: 2.5 Meter
Fabric: Muzlin
Color: Pink & Green
TROUSERS
Dyed Cambric Trousers: 2.5 Meter
Fabric: Cambric
Color: Green
Note:
Product color may slightly vary due to photographic lighting sources or your device settings.",https://nishatlinen.com/collections/women/products/42401887,"image_3_515_1.jpg, image_3_515_2.jpg, image_3_515_3.jpg"
2 piece - Digital Printed Embroidered Suit - 42401740,"Rs. 5,130.00 Rs. 3,334.50","Adorn yourself by wearing this digital printed embroidered two-piece from the latest unstitched summer collection.
Product Detail:
Floral Prints Style Shirt with Trousers
SHIRT
Digital Printed Cambric Shirt: 3 Meter
2 Embroidered Motifs
Fabric: Cambric
Color: Yellow
TROUSERS
Solid Cambric Trousers: 2.5 Meter
Fabric: Cambric
Color: Yellow
Note:
Product color may slightly vary due to photographic lighting sources or your device settings.",https://nishatlinen.com/products/42401740,"image_3_516_1.jpg, image_3_516_2.jpg, image_3_516_3.jpg"
3 Piece - Embroidered Suit - 42401443,"Rs. 8,200.00 Rs. 5,330.00","Express yourself in confidence with this digital printed embroidered three-piece from the latest unstitched summer collection. 
Product Detail:
Abstract Trees With Chunri Borders Style Shirt with Dupatta and Trousers
SHIRT
Dyed Super Fine Grid Lawn Shirt: 3 Meter
Embroidered Motifs + Border
Fabric: Grid Lawn
Color: Red & Off White
DUPATTA
Digital Printed Grid Lawn Dupatta: 2.5 Meter
Fabric: Grid Lawn
Color: Red & Off White
TROUSERS
Dyed Cambric Trousers: 2.5 Meter
Fabric: Cambric
Color: Off White
Note:
Product color may slightly vary due to photographic lighting sources or your device settings.",https://nishatlinen.com/products/42401443,"image_3_517_1.jpg, image_3_517_2.jpg, image_3_517_3.jpg"
3 Piece - Printed Embroidered Suit - 42401365,"Rs. 8,200.00 Rs. 5,330.00","Dive into a world of captivating aesthetics with this printed embroidered three-piece from the latest unstitched summer collection.
Product Detail:
Tree Patterns Printed Style Shirt with Dupatta and Trousers
SHIRT
Printed Cambric Shirt: 3 Meter
Embroidered Neckline + Motifs + Border
Fabric: Cambric
Color: Beige
DUPATTA
Block Printed Khadi Silk Dupatta: 2.5 Meter
Fabric: Khadi Silk
Color: Brown
TROUSERS
Dyed Cambric Trousers: 3 Meter
Fabric: Cambric
Color: Beige
Note:
Product color may slightly vary due to photographic lighting sources or your device settings.",https://nishatlinen.com/products/42401365,"image_3_518_1.jpg, image_3_518_2.jpg, image_3_518_3.jpg"
Embroidered Shirt - PS24-47 - XS,"Rs. 4,300.00 Rs. 2,580.00","Embrace glamour & shine like a star with this embroidered shirt from the latest pret summer collection.
Product Detail
Embroidered Shirt
Shirt
Round Band Neckline With Slit & Piping, Embroidered Neckline & Sleeves
Fabric: Cambric
Color: Mint
Note:
Product color may vary slightly due to photographic lighting sources or monitor settings.",https://nishatlinen.com/products/ps24-47,"image_3_519_1.jpg, image_3_519_2.jpg, image_3_519_3.jpg"
3 Piece - Printed Suit - 42401660,"Rs. 5,640.00 Rs. 3,666.00","Look gorgeous effortlessly by wearing printed three-piece from the latest unstitched summer collection.
Product Detail:
Animal Printed Style Shirt with Dupatta and Trousers
SHIRT
Printed Super Fine Lawn Shirt: 3 Meter
Fabric: Lawn
Color: Black
DUPATTA
Digital Printed Muzlin Dupatta: 2.5 Meter
Fabric: Muzlin
Color: Black & Orange
TROUSERS
Dyed Cambric Trousers: 2.5 Meter
Fabric: Cambric
Color: ﻿Black
Note:
Product color may slightly vary due to photographic lighting sources or your device settings.",https://nishatlinen.com/products/42401660,"image_3_520_1.jpg, image_3_520_2.jpg, image_3_520_3.jpg"
Embroidered Trousers - PE24-369 - XS,"Rs. 2,560.00 Rs. 1,536.00","Look and feel your best by wearing this embroidered trousers from the latest pret summer collection.
Product Detail
Embroidered Trousers
Trousers
Straight Trousers With Embroidered Hem
Fabric: Cambric
Color: White
Note:
Product color may vary slightly due to photographic lighting sources or monitor settings.",https://nishatlinen.com/products/pe24-369,"image_3_521_1.jpg, image_3_521_2.jpg, image_3_521_3.jpg"
2 Piece - Printed Suit - PS24-267 - XS / S,"Rs. 4,510.00 Rs. 2,706.00","Glance yourself in this attractively printed two-piece suit from the latest pret summer collection. 
Product Detail
Printed Shirt With Trousers
Shirt
Band Neckline With Placket, Printed Shirt
Fabric: Cambric
Color: Pink
Trousers
Printed Straight Trousers
Fabric: Cambric
Color: Pink
Note:
Product color may vary slightly due to photographic lighting sources or monitor settings.",https://nishatlinen.com/collections/women/products/ps24-267,"image_3_522_1.jpg, image_3_522_2.jpg, image_3_522_3.jpg"
Embroidered Trousers - PS24-157 - XS,"Rs. 2,770.00 Rs. 1,662.00","Enhance your attire with this embroidered trousers from the latest pret summer collection.
Product Detail
Embroidered Trousers
Trousers
Loose Straight Trousers With Embroidered Hem
Fabric: Cambric
Color: Off White
Note:
Product color may vary slightly due to photographic lighting sources or monitor settings.",https://nishatlinen.com/collections/women/products/ps24-157,"image_3_523_1.jpg, image_3_523_2.jpg, image_3_523_3.jpg"
Embroidered Shirt - PE24-151 - XS,"Rs. 5,330.00 Rs. 3,198.00","Ease your confusion for styling by wearing this embroidered shirt from the latest pret summer collection.
Product Detail
Embroidered Shirt
Shirt
Round Neckline With V Slit, Embroidered Neckline, Sleeves Edges & Hem, A-Line Shirt
Fabric: Leno Kara
Color: Yellow
Note:
Product color may vary slightly due to photographic lighting sources or monitor settings.",https://nishatlinen.com/products/pe24-151,"image_3_524_1.jpg, image_3_524_2.jpg, image_3_524_3.jpg"
1 Piece - Digital Printed Loose Fabric - 42403393 - Shirt / 3 / 3,Rs. 830.00 Rs. 540.00,"Effortlessly radiate charm in this digital printed one-piece from the latest freedom to buy summer collection.
Product Detail:
Bold Abstract Florals Printed Style Shirt 
SHIRT
Shirt: 3 Meter (RS 800/-Mtr)
Fabric: Dobby Lawn
Color: Black

Note:
Product color may slightly vary due to photographic lighting sources or your device settings.",https://nishatlinen.com/products/42403393,"image_3_525_1.jpg, image_3_525_2.jpg, image_3_525_3.jpg"
3 Piece - Printed Embroidered Suit - 42401380,"Rs. 8,200.00 Rs. 5,330.00","Unlock the gateway to sophistication with this printed embroidered three-piece from the latest unstitched summer collection.
Product Detail:
Abstract Florals With Laces Style Shirt with Dupatta and Trousers
SHIRT
Printed Super Fine Lawn Shirt: 3 Meter
Embroidered Motifs + 2 Borders
Fabric: Lawn
Color: Dull Orange
DUPATTA
Digital Printed Glitter Net Dupatta: 2.5 Meter
Fabric: Glitter Net
Color: Dull Orange
TROUSERS
Dyed Cambric Trousers: 2.5 Meter
Fabric: Cambric
Color: Dull Orange
Note:
Product color may slightly vary due to photographic lighting sources or your device settings.",https://nishatlinen.com/products/42401380,"image_3_526_1.jpg, image_3_526_2.jpg, image_3_526_3.jpg"
1 Piece - Digital Printed Loose Fabric - 42403065 - Shirt / 3 / 3,Rs. 830.00 Rs. 540.00,"Transform your beauty into timeless perfection with this digital printed one-piece from the latest freedom to buy summer collection.
Product Detail:
Floral Printed Style Shirt 
SHIRT
Shirt: 3 Meter (RS 1090/-Mtr)
Fabric: Lurix Stripe
Color: Black

Note:
Product color may slightly vary due to photographic lighting sources or your device settings.",https://nishatlinen.com/collections/women/products/42403065,"image_3_527_1.jpg, image_3_527_2.jpg, image_3_527_3.jpg"
3 Piece - Printed Loose Fabric - 42403031 - Shirt / 3 / 3,Rs. 670.00 Rs. 436.00,"Look radiant with this printed three-piece from the latest freedom to buy summer collection.
Product Detail:
Mughal Printed Style Shirt with Dupatta and Trousers
SHIRT
Shirt: 3 Meter (RS 730/-Mtr)
Fabric: Lawn
Color: Pashmina
DUPATTA
Dupatta: 2.5 Meter (RS 750/-Mtr)
Fabric: Voile
Color: Pashmina
TROUSERS
Trousers: 2.5 Meter (RS 650/-Mtr)
Fabric: Cambric
Color: Pashmina
Note:
Product color may slightly vary due to photographic lighting sources or your device settings",https://nishatlinen.com/products/42403031,"image_3_528_1.jpg, image_3_528_2.jpg, image_3_528_3.jpg"
3 Piece - Printed Suit - 42401814,"Rs. 6,660.00 Rs. 4,329.00","Get a versatile look with this printed three-piece from the latest unstitched summer collection.
Product Detail:
Floral Mix In Ethnic Printed Style Shirt with Dupatta and Trousers
SHIRT
Printed Super Fine Lawn Shirt: 3 Meter
Fabric: Lawn
Color: Pink
DUPATTA
Digital Printed Crinkle Chiffon Dupatta: 2.5 Meter
Fabric: Crinkle Chiffon
Color: Pink & Green
TROUSERS
Printed Cambric Trousers: 2.5 Meter
Fabric: Cambric
Color: Pink
Note:
Product color may slightly vary due to photographic lighting sources or your device settings.",https://nishatlinen.com/products/42401814,"image_3_529_1.jpg, image_3_529_2.jpg, image_3_529_3.jpg"
3 Piece - Printed Loose Fabric - 42403272 - Shirt / 3 / 3,Rs. 455.00 - Rs. 527.00,"Upgrade your wardrobe with printed three-piece from the latest freedom to buy summer collection.
Product Detail:
Block Prints Style Printed Shirt with Dupatta and Trousers
SHIRT
Shirt: 3 Meter (RS 750/-Mtr)
Fabric: Lawn
Color: Biscuit
DUPATTA
Dupatta: 2.5 Meter (RS 780/-Mtr)
Fabric: Voile
Color: Biscuit
TROUSERS
Trousers: 2.5 Meter (RS 680/-Mtr)
Fabric: Cambric
Color: Biscuit
Note:
Product color may slightly vary due to photographic lighting sources or your device settings.",https://nishatlinen.com/collections/women/products/42403272,"image_3_530_1.jpg, image_3_530_2.jpg, image_3_530_3.jpg"
1 Piece - Digital Printed Loose Fabric - 42403182 - Shirt / 3 / 3,Rs. 830.00 Rs. 540.00,"Achieve a tasteful appearance with this digital printed one-piece from the latest freedom to buy summer collection.
Product Detail:
Collage Of Animal Printed Style Shirt 
SHIRT
Shirt: 3 Meter (RS 750/-Mtr)
Fabric: Lawn
Color: Multi

Note:
Product color may slightly vary due to photographic lighting sources or your device settings.",https://nishatlinen.com/collections/women/products/42403182,"image_3_531_1.jpg, image_3_531_2.jpg, image_3_531_3.jpg"
Printed Shirt - PS24-137 - XS,"Rs. 4,100.00 Rs. 2,460.00","Make a lasting impression with this printed shirt from the latest pret summer collection.
Product Detail
Printed Shirt
Shirt
Round Neckline With Slit & Adda Details at Piping, Lace Details at Sleeves
Fabric: Lawn
Color: Light Blue
Note:
Product color may vary slightly due to photographic lighting sources or monitor settings.",https://nishatlinen.com/products/ps24-137,"image_3_532_1.jpg, image_3_532_2.jpg, image_3_532_3.jpg"
3 Piece - Gold Printed Embroidered Suit - 42401859,"Rs. 7,690.00 Rs. 4,998.50","Become the ultimate trendsetter with our stylish gold printed embroidered three-piece from the latest unstitched summer collection.
Product Detail:
Dori Work Motifs Style Shirt with Dupatta and Trousers
SHIRT
Gold Paste Printed Super Fine Lawn Shirt: 3 Meter
Embroidered Border
Fabric: Lawn
Color: Maroon
DUPATTA
Gold Paste Printed Voile Dupatta: 2.5 Meter
Fabric: Voile
Color: Maroon
TROUSERS
Solid Cambric Trousers: 2.5 Meter
Fabric: Cambric
Color: Maroon
Note:
Product color may slightly vary due to photographic lighting sources or your device settings.",https://nishatlinen.com/products/42401859,"image_3_533_1.jpg, image_3_533_2.jpg, image_3_533_3.jpg"
Embroidered Shirt - PE24-58 - XS,"Rs. 4,510.00 Rs. 2,706.00","Capture hearts and mesmerize souls with this embroidered shirt from the latest pret summer collection.
Product Detail
Embroidered Shirt
Shirt
Round Neckline With Pearl Detail on Slit, Embroidered Sleeves
Fabric: Cambric
Color: Navy
Note:
Product color may vary slightly due to photographic lighting sources or monitor settings.",https://nishatlinen.com/collections/women/products/pe24-58,"image_3_534_1.jpg, image_3_534_2.jpg, image_3_534_3.jpg"
2 Piece - Printed Embroidered Suit - 42401570,"Rs. 5,130.00 Rs. 3,334.50","Be special in this unique printed embroidered two-piece from the latest unstitched summer collection.
Product Detail:
Bold Floral Silhouettes Prints Style Shirt with Dupatta
SHIRT
Printed Super Fine Lawn Shirt: 3 Meter
Embroidered Motifs + Border
Fabric: Lawn
Color: Pink & Orange
DUPATTA
Digital Printed Muzlin Dupatta: 2.5 Meter
Fabric: Muzlin
Color: ﻿Pink & Orange
Note:
Product color may slightly vary due to photographic lighting sources or your device settings.",https://nishatlinen.com/products/42401570,"image_3_535_1.jpg, image_3_535_2.jpg, image_3_535_3.jpg"
1 Piece - Digital Printed Loose Fabric - 42403397 - Shirt / 3 / 3,Rs. 830.00 Rs. 540.00,"Effortlessly capture hearts with the delicate digital printed one-piece from the latest freedom to buy summer collection.
Product Detail:
Abstract Printed Style Shirt 
SHIRT
Shirt: 3 Meter (RS 830/-Mtr)
Fabric: Cotton 
Color: Pink

Note:
Product color may slightly vary due to photographic lighting sources or your device settings.",https://nishatlinen.com/collections/women/products/42403397,"image_3_536_1.jpg, image_3_536_2.jpg, image_3_536_3.jpg"
2 Piece - Printed Suit - 42401779,"Rs. 4,610.00 Rs. 2,996.50","Make your day magnificent by wearing this printed two-piece from the latest unstitched summer collection.
Product Detail:
Tie & Dye With Flowers Printed Style Shirt with Dupatta
SHIRT
Printed Super Fine Lawn Shirt: 3 Meter
Fabric: Lawn
Color: Green
DUPATTA
Digital Printed Crinkle Chiffon Dupatta: 2.5 Meter
Fabric: Crinkle Chiffon
Color: Green
Note:
Product color may slightly vary due to photographic lighting sources or your device settings.",https://nishatlinen.com/products/42401779,"image_3_537_1.jpg, image_3_537_2.jpg, image_3_537_3.jpg"
Embroidered Dress - FS24-35 - XS,"Rs. 8,730.00 Rs. 5,238.00","For a touch of elegance in your wardrobe, go for this embroidered dress from the latest summer collection.
Product Detail
Embroidered Dress
Dress
Round Neckline With Placket, Buttons & Tassels Detail, Embroidered Neckline & Sleeves Edges
Fabric: Texture
Color: Green
Note:
Product color may vary slightly due to photographic lighting sources or monitor settings.",https://nishatlinen.com/products/fs24-35,"image_3_538_1.jpg, image_3_538_2.jpg, image_3_538_3.jpg"
3 Piece - Yarn Dyed Embroidered Suit - 42401980,"Rs. 13,330.00 Rs. 8,664.50","Catch elegance beauty with yarn dyed embroidered three-piece from the latest unstitched summer collection.
Product Detail:
Banarsi Style Shirt with Dupatta and Trousers
SHIRT
Yarn Dyed Banarsi Shirt: 3 Meter
Embroidered Front + Motifs + Border
Fabric: Banarsi
Color: Brown
DUPATTA
Banarsi Jacquard Dupatta: 2.5 Meter
Fabric: Jacquard
Color: Multi
TROUSERS
Yarn Dyed Banarsi Trousers: 2.5 Meter
Fabric: Banarsi
Color: Brown
Note:
Product color may slightly vary due to photographic lighting sources or your device settings.",https://nishatlinen.com/collections/women/products/42401980,"image_3_539_1.jpg, image_3_539_2.jpg, image_3_539_3.jpg"
Printed Shirt - PE24-273 - XS,"Rs. 3,790.00 Rs. 2,274.00","Look appealing and graceful in this printed shirt from the latest pret summer collection.
Product Detail
Printed Shirt
Shirt
Round Neckline With Buttons Detail On Piping
Fabric: Lawn
Color: Ivory
Note:
Product color may vary slightly due to photographic lighting sources or monitor settings.",https://nishatlinen.com/products/pe24-273,"image_3_540_1.jpg, image_3_540_2.jpg, image_3_540_3.jpg"
3 Piece - Printed Suit - 42401941,"Rs. 7,180.00 Rs. 4,667.00","Make your day memorable with this graceful printed three-piece from the latest unstitched summer collection.
Product Detail:
Paisleys & Color Blockings Prints Style Shirt paired with Dupatta & Trousers
SHIRT
Printed Zari Lawn Shirt: 3 Meter
Fabric: Zari Lawn
Color: Black
DUPATTA
Digital Printed Zari Lawn Dupatta: 2.5 Meter
Fabric: Zari Lawn
Color: Black
TROUSERS
Printed Cambric Trousers: 2.5 Meter
Fabric: Cambric
Color: Black
Note:
Product color may slightly vary due to photographic lighting sources or your device settings.",https://nishatlinen.com/collections/women/products/42401941,"image_3_541_1.jpg, image_3_541_2.jpg, image_3_541_3.jpg"
2 Piece - Embroidered Suit - PE24-143 - XS / S,"Rs. 5,640.00 Rs. 3,384.00","Put on this vibrant and pastel-colored embroidered two-piece suit from the latest pret summer collection. 
Product Detail
Embroidered Shirt With Trousers
Shirt
Collar Neckline With Placket & Buttons Detail, Boxy Shirt
Fabric: Cambric
Color: Yellow
Trousers
Fitted Trousers With Embroidered Hem
Fabric: Cambric
Color: Yellow
Note:
Product color may vary slightly due to photographic lighting sources or monitor settings.",https://nishatlinen.com/collections/women/products/pe24-143,"image_3_542_1.jpg, image_3_542_2.jpg, image_3_542_3.jpg"
2 Piece - Printed Embroidered Suit - PS24-303 - XS,"Rs. 5,130.00 Rs. 3,078.00","Embrace glamour & shine like a star with this printed embroidered two-piece suit from the latest pret summer collection.
Product Detail
Printed Embroidered Shirt With Trousers
Shirt
High V Neckline, Embroidered Sleeves Edges, Straight Shirt
Fabric: Cambric
Color: Sea Green
Trousers
Printed Straight Fitted Trousers
Fabric: Cambric
Color: Sea Green
Note:
Product color may vary slightly due to photographic lighting sources or monitor settings.",https://nishatlinen.com/products/ps24-303,"image_3_543_1.jpg, image_3_543_2.jpg, image_3_543_3.jpg"
3 Piece - Embroidered Suit - 42402001,"Rs. 9,740.00 Rs. 6,331.00","Effortlessly captivate with your magnetic charm in this attractive embroidered three-piece from the latest unstitched summer collection.
Product Detail:
Floral Style Shirt with Dupatta and Trousers
SHIRT
Solid Lawn Shirt: 3 Meter
Embroidered Front + Sleeves
Fabric: Lawn
Color: Orchid Pink
DUPATTA
Embroidered Swiss Voile Dupatta: 2.5 Meter
Fabric: Swiss Voile
Color: Orchid Pink
TROUSERS
Solid Cambric Trousers: 2.5 Meter
Fabric: Cambric
Color: Orchid Pink
Note:
Product color may slightly vary due to photographic lighting sources or your device settings.",https://nishatlinen.com/collections/women/products/42402001-1,"image_3_544_1.jpg, image_3_544_2.jpg, image_3_544_3.jpg"
1 Piece - Digital Printed Loose Fabric - 42403181 - Shirt / 3 / 3,Rs. 830.00 Rs. 540.00,"Experience the exquisite grace of this digital printed one-piece from the latest freedom to buy summer collection.
Product Detail:
Abstract Printed Style Shirt 
SHIRT
Shirt: 3 Meter (RS 750/-Mtr)
Fabric: Lawn
Color: Light Pink

Note:
Product color may slightly vary due to photographic lighting sources or your device settings.",https://nishatlinen.com/products/42403181,"image_3_545_1.jpg, image_3_545_2.jpg, image_3_545_3.jpg"
2 Piece - Printed Suit - 42401777,"Rs. 4,610.00 Rs. 2,996.50","Make your day marvelous by wearing this printed two-piece from the latest unstitched summer collection.
Product Detail:
Abstract Brush Strokes Printed Style Shirt with Dupatta
SHIRT
Printed Super Fine Lawn Shirt: 3 Meter
Fabric: Lawn
Color: Multi
DUPATTA
Digital Printed Crinkle Chiffon Dupatta: 2.5 Meter
Fabric: Crinkle Chiffon
Color: Multi
Note:
Product color may slightly vary due to photographic lighting sources or your device settings.",https://nishatlinen.com/collections/women/products/42401777,"image_3_546_1.jpg, image_3_546_2.jpg, image_3_546_3.jpg"
Printed Shirt - PS24-351 - XS,"Rs. 4,190.00 Rs. 2,514.00","Elevate your daily style with this printed shirt from the latest pret summer collection.
Product Detail
Printed Shirt 
Shirt
Band Neckline With Placket & Buttons Detail, Lace Detail On Sleeves Openings, Round Hem
Fabric: Lawn
Color: Brick
Note:
Product color may vary slightly due to photographic lighting sources or monitor settings.",https://nishatlinen.com/collections/women/products/ps24-351,"image_3_547_1.jpg, image_3_547_2.jpg, image_3_547_3.jpg"
Slip - PS24-279 - XS,"Rs. 1,230.00 Rs. 984.00","Add comfort and a soft and smooth feel to your daily wear with this slip from the latest winter collection.  
Product Detail
Basic Slip
Slip
V Neckline
Fabric: Voile
Color: Black
Note:
Product color may slightly vary due to photographic lighting sources or your monitor settings.",https://nishatlinen.com/products/ps24-279,image_3_548_1.jpg
3 Piece - Jacquard Embroidered Suit - 42402085,"Rs. 9,990.00 Rs. 6,493.50","Make your catchy with this wonderful jacquard embroidered three-piece from the latest unstitched summer collection.
Product Detail:
Floral Printed Style Shirt with Dupatta and Trousers
SHIRT
Fancy Jacquard Shirt: 2.1 Meter
Embroidered Front + Motifs + Border
Fabric: Jacquard 
Color: Yellow
DUPATTA
Yarn Dyed Dupatta: 2.5 Meter
Fabric: Yarn Dyed
Color: Off White
TROUSERS
Solid Cambric Trousers: 1.7 Meter
Fabric: Cambric
Color: Yellow
Note:
Product color may slightly vary due to photographic lighting sources or your device settings.",https://nishatlinen.com/products/42402085,"image_3_549_1.jpg, image_3_549_2.jpg, image_3_549_3.jpg"
3 Piece - Printed Suit - 42401457,"Rs. 5,130.00 Rs. 3,334.50","Look glamorous by wearing this printed three-piece from the latest unstitched summer collection.
Product Detail:
Chunri & Geometric Patterns In Modern Style Shirt with Dupatta and Trousers
SHIRT
Printed Super Fine Lawn Shirt: 3 Meter
Fabric: Lawn
Color: Yellow
DUPATTA
Digital Printed Crinkle Chiffon Dupatta: 2.5 Meter
Fabric: Crinkle Chiffon
Color: Yellow
TROUSERS
Dyed Cambric Trousers: 2.5 Meter
Fabric: Cambric
Color: Yellow
Note:
Product color may slightly vary due to photographic lighting sources or your device settings.",https://nishatlinen.com/products/42401457,"image_3_550_1.jpg, image_3_550_2.jpg, image_3_550_3.jpg"
3 Piece - Digital Printed Suit - 42401499,"Rs. 8,200.00 Rs. 5,330.00","Get opulent lifestyle with unique combination of digital printed three-piece from the latest unstitched summer collection.
Product Detail:
Floral Bunhes With Laces Printed Style Shirt with Dupatta and Trousers
SHIRT
Digital Printed Brochia Jacquard Shirt: 3 Meter
Fabric: Jacquard
Color: Red
DUPATTA
Digital Printed Brochia Jacquard Dupatta: 2.5 Meter
Fabric: Jacquard
Color: Red
TROUSERS
Dyed Cambric Trousers: 2.5 Meter
Fabric: Cambric
Color: ﻿Red
Note:
Product color may slightly vary due to photographic lighting sources or your device settings.",https://nishatlinen.com/collections/women/products/42401499,"image_3_551_1.jpg, image_3_551_2.jpg, image_3_551_3.jpg"
Embroidered Dress - FE24-24 - XS,"Rs. 6,670.00 Rs. 4,002.00","Look and feel your best by wearing this embroidered dress from the latest pret summer collection. 
Product Detail
Embroidered Dress
Dress
Band Neckline With Tassels Detail At Long Placket, Embroidered Sleeves, Button Down Dress
Fabric: Linen
Color: Red
Note:
Product color may vary slightly due to photographic lighting sources or monitor settings.",https://nishatlinen.com/collections/women/products/fe24-24,"image_3_552_1.jpg, image_3_552_2.jpg, image_3_552_3.jpg"
1 Piece - Digital Printed Loose Fabric - 42403216 - Shirt / 3 / 3,Rs. 750.00 Rs. 488.00,"Give occasion dressing a new age in this digital printed one-piece from the latest freedom to buy summer collection.
Product Detail:
Block Printed Style Shirt 
SHIRT
Shirt: 3 Meter (RS 800/-Mtr)
Fabric: Dobby Lawn
Color: Off White

Note:
Product color may slightly vary due to photographic lighting sources or your device settings.",https://nishatlinen.com/collections/women/products/42403216,"image_3_553_1.jpg, image_3_553_2.jpg, image_3_553_3.jpg"
1 Piece - Digital Printed Loose Fabric - 42403212 - Shirt / 3 / 3,Rs. 830.00 Rs. 540.00,"Elevate your modest wear wardrobe with this digital printed one-piece from the latest freedom to buy summer collection.
Product Detail:
Flower Bunches Printed Style Shirt 
SHIRT
Shirt: 3 Meter (RS 830/-Mtr)
Fabric: Dobby Check
Color: Brown

Note:
Product color may slightly vary due to photographic lighting sources or your device settings.",https://nishatlinen.com/collections/women/products/42403212,"image_3_554_1.jpg, image_3_554_2.jpg, image_3_554_3.jpg"
1 Piece - Dyed Loose Fabric - 42402015-1 - Shirt / 3 / 3,Rs. 670.00 Rs. 436.00,"Create majestic looks with this dyed one-piece from the latest freedom to buy summer collection.
Product Detail:
Shirt
SHIRT
Shirt: 3 Meter (RS 650/-Mtr)
Fabric: Cambric
Color: Dark Pink
Note:
Product color may slightly vary due to photographic lighting sources or your device settings.",https://nishatlinen.com/collections/women/products/42402015-1,"image_3_555_1.jpg, image_3_555_2.jpg, image_3_555_3.jpg"
Basic Shalwar - PS24-349 - XS,"Rs. 3,090.00 Rs. 1,854.00","Look and feel your best by wearing this basic shalwar from the latest pret summer collection. 
Product Detail
Basic Shalwar
Shalwar
Pintucks & Lace Detail on Hem
Fabric: Cambric
Color: White
Note:
Product color may vary slightly due to photographic lighting sources or monitor settings.",https://nishatlinen.com/products/ps24-349,"image_3_556_1.jpg, image_3_556_2.jpg, image_3_556_3.jpg"
2 Piece - Printed Suit With Laces - 42401602,"Rs. 5,130.00 Rs. 3,334.50","Exude grace in this printed two-piece from the latest unstitched summer collection.
Product Detail:
Laces With Embroidered Floral Printed Style Shirt with Dupatta
SHIRT
Printed Super Fine Lawn Shirt: 3 Meter
1 Lace: 1.25 Meter
1 Lace: 2.5 Meter
Fabric: Lawn
Color: Peach
DUPATTA
Digital Printed Banarsi Slub Dupatta: 2.5 Meter
Fabric: Banarsi Slub
Color: ﻿Peach
Note:
Product color may slightly vary due to photographic lighting sources or your device settings.",https://nishatlinen.com/collections/women/products/42401602,"image_3_557_1.jpg, image_3_557_2.jpg, image_3_557_3.jpg"
1 Piece - Paste Printed Loose Fabric - 42403094 - Trouser / 2.5 / 2.5,Rs. 670.00 Rs. 436.00,"Look gorgeous effortlessly by wearing this paste printed one-piece from the latest freedom to buy summer collection.
Product Detail:
Geometric Patterns In Stitch Style Trousers
TROUSERS
Trousers: 2.5 Meter (RS 690/-Mtr)
Fabric: Cambric
Color: Black
Note:
Product color may slightly vary due to photographic lighting sources or your device settings.",https://nishatlinen.com/products/42403094,"image_3_558_1.jpg, image_3_558_2.jpg, image_3_558_3.jpg"
3 Piece - Printed Loose Fabric - 42403129 - Dupatta / 2.5 / 2.5,Rs. 830.00 Rs. 540.00,"Make a regal impression with this printed three-piece from the latest freedom to buy summer collection.
Product Detail:
Florals With Textures Printed Style Shirt with Dupatta and Trousers
SHIRT
Shirt: 3 Meter (RS 730/-Mtr)
Fabric: Lawn
Color: Yellow
Note: Fabric used in shoot for trousers is shirt fabric
DUPATTA
Dupatta: 2.5 Meter (RS 750/-Mtr)
Fabric: Voile
Color: White
Note: Fabric used in shoot for gown is dupatta fabric
TROUSERS
Trousers: 2.5 Meter (RS 650/-Mtr)
Fabric: Cambric
Color: White
Note: Fabric used in shoot for shirt is trousers fabric
Note:
Product color may slightly vary due to photographic lighting sources or your device settings.",https://nishatlinen.com/collections/women/products/42403129,"image_3_559_1.jpg, image_3_559_2.jpg, image_3_559_3.jpg"
2 Piece - Embroidered Suit - PE24-155 - XS,"Rs. 7,690.00 Rs. 4,614.00","Find the perfect look for you with this embroidered two-piece suit from the latest pret summer collection.
Product Detail
Embroidered Shirt With Dupatta
Shirt
Round Neckline With Tie-Up Dorri & Tassels Detail, Mottie Detail On Sleeves Edges, Straight Paneled Shirt
Fabric: Cambric
Color: Coral
Dupatta
Fabric: Silk
Color: Coral
Note:
Product color may vary slightly due to photographic lighting sources or monitor settings.",https://nishatlinen.com/products/pe24-155,"image_3_560_1.jpg, image_3_560_2.jpg, image_3_560_3.jpg"
1 Piece - Digital Printed Loose Fabric - 42403056 - Shirt / 3 / 3,Rs. 670.00 Rs. 436.00,"Create a mesmerizing look by wearing this digital printed one-piece from the latest freedom to buy summer collection.
Product Detail:
Block Printed Style Shirt
SHIRT
Shirt: 3 Meter (RS 1090/-Mtr)
Fabric: Fancy Strip
Color: Burgundy
Note:
Product color may slightly vary due to photographic lighting sources or your device settings.",https://nishatlinen.com/collections/women/products/42403056,"image_3_561_1.jpg, image_3_561_2.jpg, image_3_561_3.jpg"
Printed Shirt - AS24-01 - XS,"Rs. 5,340.00 Rs. 3,204.00","For a stylish look at any event, consider this printed shirt from the latest aura summer collection.
Product Detail
Printed Shirt
Shirt
Band Neckline With Piping & Slit, Adda Detail On Piping
Fabric: Lawn
Color: Aqua
Note:
Product color may vary slightly due to photographic lighting sources or monitor settings.",https://nishatlinen.com/collections/women/products/as24-01,"image_3_562_1.jpg, image_3_562_2.jpg, image_3_562_3.jpg"
2 Piece - Printed Embroidered Suit - 42401624,"Rs. 5,130.00 Rs. 3,334.50","Make your day marvelous by wearing this printed embroidered two-piece from the latest unstitched summer collection.
Product Detail:
Floral Mix Prints Style Shirt with Dupatta
SHIRT
Printed Super Fine Lawn Shirt: 3 Meter
Embroidered Border
Fabric: Lawn
Color: Off White
DUPATTA
Digital Printed Crinkle Chiffon Dupatta: 2.5 Meter
Fabric: Crinkle Chiffon
Color: ﻿Off White & Coral
Note:
Product color may slightly vary due to photographic lighting sources or your device settings.",https://nishatlinen.com/products/42401624,"image_3_563_1.jpg, image_3_563_2.jpg, image_3_563_3.jpg"
1 Piece - Digital Printed Loose Fabric - 42403353 - Shirt / 3 / 3,Rs. 880.00 Rs. 572.00,"Make a regal statement in this digital printed one-piece from the latest freedom to buy summer collection.
Product Detail:
Watercolor Floral Bunches Printed Style Shirt 
SHIRT
Shirt: 3 Meter (RS 850/-Mtr)
Fabric: Dobby Lawn
Color: Multi
Note:
Product color may slightly vary due to photographic lighting sources or your device settings.",https://nishatlinen.com/collections/women/products/42403353,"image_3_564_1.jpg, image_3_564_2.jpg, image_3_564_3.jpg"
3 Piece - Printed Embroidered Suit - 42401645,"Rs. 9,740.00 Rs. 6,331.00","Build your core wardrobe with this printed embroidered three-piece from the latest unstitched summer collection.
Product Detail:
Cross Stitch Prints Style Shirt with Dupatta and Trousers
SHIRT
Solid Cambric Shirt: 3 Meter
Embroidered Front + Border
Fabric: Cambric
Color: Maroon
DUPATTA
Digital Printed Brochia Dupatta: 2.5 Meter
Fabric: Brochia
Color: Maroon
TROUSERS
Printed Cambric Trousers: 2.5 Meter
Fabric: Cambric
Color: Maroon
Note:
Product color may slightly vary due to photographic lighting sources or your device settings.",https://nishatlinen.com/collections/women/products/42401645,"image_3_565_1.jpg, image_3_565_2.jpg, image_3_565_3.jpg"
2 Piece - Digital Printed Embroidered Suit - 42402074,"Rs. 5,990.00 Rs. 3,893.50","Brighten up your wardrobe with this digital printed embroidered two-piece from the latest unstitched summer collection.
Product Detail:
Floral Mix Style Shirt with Trousers
SHIRT
Solid Cambric Shirt: 3 Meter
Embroidered Front + Sleeves
Fabric: Cambric
Color: Multi
TROUSERS
Digital Printed Cambric Trousers: 2.5 Meter
Fabric: Cambric
Color: Multi
Note:
Product color may slightly vary due to photographic lighting sources or your device settings.",https://nishatlinen.com/collections/women/products/42402074,"image_3_566_1.jpg, image_3_566_2.jpg, image_3_566_3.jpg"
3 Piece - Digital Printed Loose Fabric - 42403130 - Shirt / 3 / 3,Rs. 830.00 Rs. 540.00,"Look famous wih this digital printed three-piece from the latest freedom to buy summer collection.
Product Detail:
Leafy Silhouettes & Chevron Printed Style Shirt with Dupatta and Trousers
SHIRT
Shirt: 3 Meter (RS 750/-Mtr)
Fabric: Lawn
Color: Blue & Green
DUPATTA
Dupatta: 2.5 Meter (RS 780/-Mtr)
Fabric: Voile
Color: Blue & Green
TROUSERS
Trousers: 2.5 Meter (RS 650/-Mtr)
Fabric: Cambric
Color: Green
Note:
Product color may slightly vary due to photographic lighting sources or your device settings.",https://nishatlinen.com/collections/women/products/42403130,"image_3_567_1.jpg, image_3_567_2.jpg, image_3_567_3.jpg"
1 Piece - Silver Printed Loose Fabric - 42403334 - Shirt / 3 / 3,Rs. 880.00 Rs. 572.00,"Refresh your wardrobe with this stunning silver printed one-piece from the latest freedom to buy summer collection.
Product Detail:
Chunri Printed Style Shirt 
SHIRT
Shirt: 3 Meter (RS 800/-Mtr)
Fabric: Lawn
Color: Green
Note:
Product color may slightly vary due to photographic lighting sources or your device settings.",https://nishatlinen.com/products/42403334,"image_3_568_1.jpg, image_3_568_2.jpg, image_3_568_3.jpg"
3 Piece - Printed Suit - 42401882,"Rs. 5,640.00 Rs. 3,666.00","Get special attention is given by wearing this printed three-piece from the latest unstitched summer collection.
Product Detail:
Modern Abstract Printed Style Shirt with Dupatta and Trousers
SHIRT
Printed Super Fine Lawn Shirt: 3 Meter
Fabric: Lawn
Color: Purple
DUPATTA
Digital Printed Muzlin Dupatta: 2.5 Meter
Fabric: Muzlin
Color: Multi
TROUSERS
Solid Cambric Trousers: 2.5 Meter
Fabric: Cambric
Color: Purple
Note:
Product color may slightly vary due to photographic lighting sources or your device settings.",https://nishatlinen.com/collections/women/products/42401882,"image_3_569_1.jpg, image_3_569_2.jpg, image_3_569_3.jpg"
Embroidered Dress - FE24-73 - XS,"Rs. 15,390.00 Rs. 9,234.00","Capture hearts and mesmerize souls with this embroidered dress from the latest pret summer collection. 
Product Detail
Embroidered Dress
Dress
Round Neckline With Piping Detail, Embroidered Neckline, Sleeves & Hem, A-Line Dress
Fabric: Fancy Polyester
Color: Mustard
Note:
Product color may vary slightly due to photographic lighting sources or monitor settings.",https://nishatlinen.com/products/fe24-73,"image_3_570_1.jpg, image_3_570_2.jpg, image_3_570_3.jpg"
3 Piece - Printed Loose Fabric - 42403108 - Dupatta / 2.5 / 2.5,Rs. 830.00 Rs. 540.00,"Express a more joyful version of yourself with this printed three-piece from the latest freedom to buy summer collection.
Product Detail:
Modern Floral Printed Style Shirt with Dupatta and Trousers
SHIRT
Shirt: 3 Meter (RS 730/-Mtr)
Fabric: Lawn
Color: Black
DUPATTA
Dupatta: 2.5 Meter (RS 750/-Mtr)
Fabric: Voile
Color: Black & Off White
Note: Fabric used in shoot for gown is dupatta fabric
TROUSERS
Trousers: 2.5 Meter (RS 650/-Mtr)
Fabric: Cambric
Color: Black
Note:
Product color may slightly vary due to photographic lighting sources or your device settings.",https://nishatlinen.com/products/42403108,"image_3_571_1.jpg, image_3_571_2.jpg, image_3_571_3.jpg"
3 Piece - Gold Printed Embroidered Suit - 42401864,"Rs. 7,690.00 Rs. 4,998.50","Look perfect with this gold printed embroidered three-piece from the latest unstitched summer collection.
Product Detail:
Abstract Floral Motifs In Dot Forms Style Shirt with Dupatta and Trousers
SHIRT
Gold Paste Printed Super Fine Lawn Shirt: 3 Meter
Embroidered Neckline + Border
Fabric: Lawn
Color: Green
DUPATTA
Gold Paste Printed Voile Dupatta: 2.5 Meter
Fabric: Voile
Color: Green
TROUSERS
Solid Cambric Trousers: 2.5 Meter
Fabric: Cambric
Color: Green
Note:
Product color may slightly vary due to photographic lighting sources or your device settings.",https://nishatlinen.com/collections/women/products/42401864,"image_3_572_1.jpg, image_3_572_2.jpg, image_3_572_3.jpg"
3 Piece - Embroidered Suit - 42402060,"Rs. 8,690.00 Rs. 5,648.50","Be exclusive in this unique embroidered three-piece from the latest unstitched summer collection.
Product Detail:
Embellished Motifs Style Shirt with Dupatta and Trousers
SHIRT
Solid Slub Cambric Shirt: 3 Meter
Embroidered Front + Sleeves + Border
Fabric: Cambric
Color: Tea Pink
DUPATTA
Digital Printed Slub Dupatta: 2.5 Meter
Fabric: Slub
Color: Tea Pink
TROUSERS
Solid Cambric Trousers: 2.5 Meter
Fabric: Cambric
Color: Tea Pink
Note:
Product color may slightly vary due to photographic lighting sources or your device settings.",https://nishatlinen.com/products/42402060,"image_3_573_1.jpg, image_3_573_2.jpg, image_3_573_3.jpg"
3 Piece - Printed Suit - 42401465,"Rs. 5,130.00 Rs. 3,334.50","Make your day magnificent by wearing this printed three-piece from the latest unstitched summer collection.
Product Detail:
Bold Modern Floral With Lace Shirt Style with Dupatta and Trousers
SHIRT
Printed Super Fine Lawn Shirt: 3 Meter
Fabric: Lawn
Color: Black
DUPATTA
Digital Printed Crinkle Chiffon Dupatta: 2.5 Meter
Fabric: Crinkle Chiffon
Color: Black
TROUSERS
Dyed Cambric Trousers: 2.5 Meter
Fabric: Cambric
Color: Black
Note:
Product color may slightly vary due to photographic lighting sources or your device settings.",https://nishatlinen.com/collections/women/products/42401465,"image_3_574_1.jpg, image_3_574_2.jpg, image_3_574_3.jpg"
3 Piece - Printed Loose Fabric - 42403131 - Shirt / 3 / 3,Rs. 750.00 Rs. 488.00,"Be the epitome of grace in this printed three-piece from the latest freedom to buy summer collection.
Product Detail:
Block Print Booti With Textured Dupatta and Printed Style Shirt & Trousers
SHIRT
Shirt: 3 Meter (RS 730/-Mtr)
Fabric: Lawn
Color: Brown
DUPATTA
Dupatta: 2.5 Meter (RS 750/-Mtr)
Fabric: Voile
Color: Brown
Note: Fabric used in shoot for gown is dupatta fabric
TROUSERS
Trousers: 2.5 Meter (RS 650/-Mtr)
Fabric: Cambric
Color: Brown
Note:
Product color may slightly vary due to photographic lighting sources or your device settings.",https://nishatlinen.com/products/42403131,"image_3_575_1.jpg, image_3_575_2.jpg, image_3_575_3.jpg"
3 Piece - Embroidered Suit - PS24-119 - XS,"Rs. 9,790.00 Rs. 5,874.00","Radiate positivity and vibrancy in this embroidered three-piece suit from the latest pret summer collection.
Product Detail
Embroidered Shirt With Dupatta & Trousers
Shirt
Round Neckline With Overlap Placket, Embroidered Front & Sleeves, Embroidered Shirt
Fabric: Cambric
Color: Turquoise
Dupatta
Embroidered Dupatta
Fabric: Chiffon
Color: Turquoise
Trousers
Fabric: Cambric
Color: Turquoise
Note:
Product color may vary slightly due to photographic lighting sources or monitor settings.",https://nishatlinen.com/collections/women/products/ps24-119,"image_3_576_1.jpg, image_3_576_2.jpg, image_3_576_3.jpg"
3 Piece - Printed Loose Fabric - 42403016 - Shirt / 3 / 3,Rs. 670.00 Rs. 436.00,"Elevate your fashion sense by incorporating our printed three -piece from the latest freedom to buy summer collection.
Product Detail:
Decorative Printed Style Shirt with Dupatta and Trousers
SHIRT
Shirt: 3 Meter (RS 730/-Mtr)
Fabric: Lawn
Color: Black
DUPATTA
Dupatta: 2.5 Meter (RS 750/-Mtr)
Fabric: Voile
Color: Black
TROUSERS
Trousers: 2.5 Meter (RS 650/-Mtr)
Fabric: Cambric
Color: Black
Note:
Product color may slightly vary due to photographic lighting sources or your device settings.",https://nishatlinen.com/collections/women/products/42403016,"image_3_577_1.jpg, image_3_577_2.jpg, image_3_577_3.jpg"
3 Piece - Printed Suit - 42402099,"Rs. 4,990.00 Rs. 3,992.00","Bright up your day with this printed three-piece from the latest unstitched summer collection.
Product Detail:
Abstract Floral Patterns In Printed Form Shirt with Dupatta and Trousers
SHIRT
Printed Lawn Shirt: 3 Meter
Fabric: Lawn
Color: Green
DUPATTA
Printed Doriya Dupatta: 2.5 Meter
Fabric: Doriya
Color: Off White
TROUSERS
Solid Cambric Trousers: 2.5 Meter
Fabric: Cambric
Color: Green
Note:
Product color may slightly vary due to photographic lighting sources or your device settings.",https://nishatlinen.com/collections/women/products/42402099,"image_3_578_1.jpg, image_3_578_2.jpg, image_3_578_3.jpg"
2 Piece - Printed Embroidered Suit - 42401304,"Rs. 5,130.00 Rs. 3,334.50","Express your personality with confidence by wearing this printed embroidered two-piece from the latest unstitched summer collection. 
Product Detail:
Floral Jaal Prints Style Shirt with Dupatta 
SHIRT
Printed Super Fine Lawn Shirt: 3 Meter
2 Embroidered Borders
Fabric: Lawn
Color: Indigo
DUPATTA
Digital Printed Crinkle Chiffon Dupatta: 2.5 Meter
Fabric: Crinkle Chiffon
Color: Off White
Note:
Product color may slightly vary due to photographic lighting sources or your device settings.",https://nishatlinen.com/collections/women/products/42401304,"image_3_579_1.jpg, image_3_579_2.jpg, image_3_579_3.jpg"
2 Piece - Printed Suit - 42402145,"Rs. 3,290.00 Rs. 2,632.00","Brighten up your wardrobe with this printed two-piece from the latest unstitched summer collection.
Product Detail:
Block Printed Style Shirt with Trousers
SHIRT
Digital Printed Cambric Shirt: 3 Meter
Fabric: Cambric
Color: Mint Blue
TROUSERS
Digital Printed Cambric Trousers: 2.5 Meter
Fabric: Cambric
Color: Mint Blue
Note:
Product color may slightly vary due to photographic lighting sources or your device settings.",https://nishatlinen.com/collections/women/products/42402145,"image_3_580_1.jpg, image_3_580_2.jpg, image_3_580_3.jpg"
Printed Shirt - PE24-288 - XS,"Rs. 3,790.00 Rs. 2,274.00","Make truly glamorous statement in this printed shirt from the latest pret summer collection.
Product Detail
Printed Shirt
Shirt
Band Neckline With Slit & Piping
Fabric: Lawn
Color: Green
Note:
Product color may vary slightly due to photographic lighting sources or monitor settings.",https://nishatlinen.com/products/pe24-288,"image_3_581_1.jpg, image_3_581_2.jpg, image_3_581_3.jpg"
1 Piece - Silver Glitter Printed Loose Fabric - 42403235 - Dupatta / 2.5 / 2.5,Rs. 830.00 Rs. 540.00,"Brighten up your wardrobe with this silver glitter printed one-piece from the latest freedom to buy summer collection.
Product Detail:
Embellished Motifs Printed Style Dupatta
DUPATTA
Dupatta: 2.5 Meter (RS 800/-Mtr)
Fabric: Voile
Color: Deep Magenta

Note:
Product color may slightly vary due to photographic lighting sources or your device settings.",https://nishatlinen.com/products/42403235,"image_3_582_1.jpg, image_3_582_2.jpg, image_3_582_3.jpg"
3 Piece - Printed Embroidered Suit - 42401198,"Rs. 7,690.00 Rs. 4,998.50","Establish your distinctive style with the printed embroidered three-piece from the latest unstitched summer collection.
Product Detail:
Modern Prints Style Shirt with Dupatta and Trousers
SHIRT
Printed Super Fine Lawn Shirt: 3 Meter
Embroidered Motifs + 2 Borders
Fabric: Lawn
Color: Magenta
DUPATTA
Digital Printed Crinkle Chiffon Dupatta: 2.5 Meter
Fabric: Crinkle Chiffon
Color: Magenta
TROUSERS
Printed Cambric Trousers: 2.5 Meter
Fabric: ﻿Cambric
Color: ﻿Magenta
Note:
Product color may slightly vary due to photographic lighting sources or your device settings.",https://nishatlinen.com/products/42401198,"image_3_583_1.jpg, image_3_583_2.jpg, image_3_583_3.jpg"
Embroidered Dress - FE24-73 - XS,"Rs. 15,390.00 Rs. 9,234.00","Capture hearts and mesmerize souls with this embroidered dress from the latest pret summer collection. 
Product Detail
Embroidered Dress
Dress
Round Neckline With Piping Detail, Embroidered Neckline, Sleeves & Hem, A-Line Dress
Fabric: Fancy Polyester
Color: Mustard
Note:
Product color may vary slightly due to photographic lighting sources or monitor settings.",https://nishatlinen.com/collections/women/products/fe24-73,"image_3_584_1.jpg, image_3_584_2.jpg, image_3_584_3.jpg"
1 Piece - Gold Printed Loose Fabric - 42403337 - Shirt / 3 / 3,Rs. 880.00 Rs. 572.00,"Look regal with this gold printed one-piece from the latest freedom to buy summer collection.
Product Detail:
Palm Trees Prints Style Shirt 
SHIRT
Shirt: 3 Meter (RS 800/-Mtr)
Fabric: Lawn
Color: Black
Note:
Product color may slightly vary due to photographic lighting sources or your device settings.",https://nishatlinen.com/collections/women/products/42403337,"image_3_585_1.jpg, image_3_585_2.jpg, image_3_585_3.jpg"
3 Piece - Printed Suit - 42402102,"Rs. 4,990.00 Rs. 3,992.00","Look your best with this elegant printed three-piece from the latest unstitched summer collection.
Product Detail:
Banarsi Printed Style Shirt with Dupatta and Trousers
SHIRT
Printed Lawn Shirt: 3 Meter
Fabric: Lawn
Color: Red
DUPATTA
Printed Doriya Dupatta: 2.5 Meter
Fabric: Doriya
Color: Red
TROUSERS
Solid Cambric Trousers: 2.5 Meter
Fabric: Cambric
Color: Red
Note:
Product color may slightly vary due to photographic lighting sources or your device settings.",https://nishatlinen.com/collections/women/products/42402102,"image_3_586_1.jpg, image_3_586_2.jpg, image_3_586_3.jpg"
1 Piece - Digital Printed Loose Fabric - 42403344 - Shirt / 3 / 3,Rs. 880.00 Rs. 572.00,"Upgrade your evening outdoor look with our digital printed one-piece from the latest freedom to buy summer collection.
Product Detail:
Embellished Motifs In Printed Form With Color Blockings Prints  
SHIRT
Shirt: 3 Meter (RS 850/-Mtr)
Fabric: Dobby Lawn
Color: Green
Note:
Product color may slightly vary due to photographic lighting sources or your device settings.",https://nishatlinen.com/products/42403344,"image_3_587_1.jpg, image_3_587_2.jpg, image_3_587_3.jpg"
3 Piece - Digital Printed Suit - 42401497,"Rs. 8,200.00 Rs. 5,330.00","Brighten up your look by wearing this digital printed three-piece from the latest unstitched summer collection.
Product Detail:
Floral Vines With Laces Style Shirt with Dupatta and Trousers
SHIRT
Digital Printed Brochia Jacquard Shirt: 3 Meter
Fabric: Jacquard
Color: Green
DUPATTA
Digital Printed Brochia Jacquard Dupatta: 2.5 Meter
Fabric: Jacquard
Color: Green
TROUSERS
Dyed Cambric Trousers: 2.5 Meter
Fabric: Cambric
Color: ﻿Green
Note:
Product color may slightly vary due to photographic lighting sources or your device settings.",https://nishatlinen.com/products/42401497,"image_3_588_1.jpg, image_3_588_2.jpg, image_3_588_3.jpg"
3 Piece - Printed Suit - 42401486,"Rs. 6,150.00 Rs. 3,997.50","Make your day pleasingly memorable with this printed three-piece from the latest unstitched summer collection.
Product Detail:
Block Print Paisleys With Laces Style Shirt with Dupatta and Trousers
SHIRT
Printed Super Fine Lawn Shirt: 3 Meter
1 Lace: 1.25 Meter
1 Lace: 2.5 Meter
Fabric: Lawn
Color: Light Pink & White
DUPATTA
Digital Printed Crinkle Chiffon Dupatta: 2.5 Meter
Fabric: Crinkle Chiffon
Color: Light Pink & White
TROUSERS
Printed Cambric Trousers: 2.5 Meter
Fabric: Cambric
Color: Light Pink & White
Note:
Product color may slightly vary due to photographic lighting sources or your device settings.",https://nishatlinen.com/collections/women/products/42401486,"image_3_589_1.jpg, image_3_589_2.jpg, image_3_589_3.jpg"
3 Piece - Printed Loose Fabric - 42403015 - Shirt / 3 / 3,Rs. 670.00 Rs. 436.00,"Elevate your fashion sense by incorporating our printed three one-piece from the latest freedom to buy summer collection.
Product Detail:
Modern Printed Style Shirt with Dupatta and Trousers
PRINTED SHIRT
Shirt: 3 Meter (RS 730/-Mtr)
Fabric: Lawn
Color: ﻿Purple
Note: Fabric used in shoot for trousers is shirt fabric

PRINTED DUPATTA
Dupatta: 2.5 Meter (RS 750/-Mtr)
Fabric: Voile
Color: Multi
Note: Fabric used in shoot for jacket is dupatta fabric
DYED TROUSERS
Trousers: 2.5 Meter (RS 650/-Mtr)
Fabric: Cambric
Color: Purple
Note: Fabric used in shoot for shirt is trousers fabric
Note:
Product color may slightly vary due to photographic lighting sources or your device settings.",https://nishatlinen.com/products/42403015,image_3_590_1.jpg
1 Piece - Printed Loose Fabric - 42403192 - Shirt / 3 / 3,Rs. 830.00 Rs. 540.00,"Look ravishing in this printed one-piece from the latest freedom to buy summer collection.
Product Detail:
Floral Bunches Printed Style Shirt
SHIRT
Shirt: 3 Meter (RS 730/-Mtr)
Fabric: Lawn
Color: Cream

Note:
Product color may slightly vary due to photographic lighting sources or your device settings.",https://nishatlinen.com/collections/women/products/42403192,"image_3_591_1.jpg, image_3_591_2.jpg, image_3_591_3.jpg"
3 Piece - Printed Embroidered Suit - 42401130,"Rs. 7,690.00 Rs. 4,998.50","Revamp your approach with this printed embroidered three-piece from the latest unstitched summer collection.
Product Detail:
Ethnic Prints Style Shirt with Dupatta and Trousers
SHIRT
Printed Super Fine Lawn Shirt: 3 Meter
Embroidered Front + Motifs
Fabric: Lawn
Color: Ivory
DUPATTA
Printed Voile Dupatta: 2.5 Meter
Fabric: Voile
Color: Ivory
TROUSERS
Dyed Cambric Trousers: 2.5 Meter
Fabric: Cambric
Color: ﻿Ivory
Note:
Product color may slightly vary due to photographic lighting sources or your device settings.",https://nishatlinen.com/collections/women/products/42401130,"image_3_592_1.jpg, image_3_592_2.jpg, image_3_592_3.jpg"
1 Piece - Printed Loose Fabric - 42403076 - Dupatta / 2.5 / 2.5,Rs. 670.00 Rs. 436.00,"Look chicest with this printed one-piece from the latest freedom to buy summer collection.
Product Detail:
Brush Stroke Textures In Prints Style Dupatta
DUPATTA
Dupatta: 2.5 Meter (RS 750/-Mtr)
Fabric: Voile
Color: White
Note:
Product color may slightly vary due to photographic lighting sources or your device settings.",https://nishatlinen.com/collections/women/products/42403076,"image_3_593_1.jpg, image_3_593_2.jpg, image_3_593_3.jpg"
3 Piece - Printed Suit - 42401682,"Rs. 4,100.00 Rs. 2,665.00","Glorify yourself with this amazing printed three-piece from the latest unstitched summer collection.
Product Detail:
Modern Printed Style Shirt with Dupatta and Trousers
SHIRT
Printed Lawn Shirt: 3 Meter
Fabric: Lawn
Color: Multi
DUPATTA
Printed Voile Dupatta: 2.5 Meter
Fabric: Voile
Color: Multi
TROUSERS
Solid Cambric Trousers: 2.5 Meter
Fabric: Cambric
Color: Off White
Note:
Product color may slightly vary due to photographic lighting sources or your device settings.",https://nishatlinen.com/products/42401682,"image_3_594_1.jpg, image_3_594_2.jpg, image_3_594_3.jpg"
Printed Shirt - PE24-218 - XS,"Rs. 3,380.00 Rs. 2,028.00","Get the most iconic look by wearing this printed shirt from the latest pret summer collection. 
Product Detail
Printed Shirt
Shirt
Band Neckline With Placket, Buttons On Front & Side Placket
Fabric: Lawn
Color: Red & Black
Note:
Product color may vary slightly due to photographic lighting sources or monitor settings.",https://nishatlinen.com/collections/women/products/pe24-218,"image_3_595_1.jpg, image_3_595_2.jpg, image_3_595_3.jpg"
2 Piece - Printed Suit - 42402187,"Rs. 2,990.00 Rs. 1,943.50","Elevate your style with this printed two-piece from the latest unstitched summer collection.
Product Detail:
Abstract Floral Printed Style Shirt with Trousers
SHIRT
Printed Cambric Shirt: 3 Meter
Fabric: Cambric
Color: Yellow
TROUSERS
Printed Cambric Trousers: 2.5 Meter
Fabric: Cambric
Color: Yellow
Note:
Product color may slightly vary due to photographic lighting sources or your device settings.",https://nishatlinen.com/collections/women/products/42402187,"image_3_596_1.jpg, image_3_596_2.jpg, image_3_596_3.jpg"
1 Piece - Printed Loose Fabric - 42403081 - Dupatta / 2.5 / 2.5,Rs. 670.00 Rs. 436.00,"Uplift your persona with the allure of our printed one-piece from the latest freedom to buy summer collection.
Product Detail:
Gradient Printed Style Dupatta
DUPATTA
Dupatta: 2.5 Meter (RS 750/-Mtr)
Fabric: Voile
Color: Yellow & Pink
Note:
Product color may slightly vary due to photographic lighting sources or your device settings.",https://nishatlinen.com/products/42403081,"image_3_597_1.jpg, image_3_597_2.jpg, image_3_597_3.jpg"
2 Piece - Printed Suit - PS24-333 - XS,"Rs. 6,190.00 Rs. 3,714.00","Add a fashion-forward vibe to your everyday look with this printed two-piece suit from the latest pret summer collection. 
Product Detail
Printed Shirt With Dupatta
Shirt
Round Neckline With Slit, Lace Detail On Sleeves Edges, Straight Shirt
Fabric: Lawn
Color: Multi
Dupatta
Printed Dupatta
Fabric: Voile
Color: Pink
Note:
Product color may vary slightly due to photographic lighting sources or monitor settings.",https://nishatlinen.com/products/ps24-333,"image_3_598_1.jpg, image_3_598_2.jpg, image_3_598_3.jpg"
2 Piece - Printed Suit - 42402185,"Rs. 2,990.00 Rs. 1,943.50","Look classy with this printed two-piece from the latest unstitched summer collection.
Product Detail:
Floral Printed Style Shirt with Trousers
SHIRT
Printed Cambric Shirt: 3 Meter
Fabric: Cambric
Color: Beige
TROUSERS
Printed Cambric Trousers: 2.5 Meter
Fabric: Cambric
Color: Beige
Note:
Product color may slightly vary due to photographic lighting sources or your device settings.",https://nishatlinen.com/collections/women/products/42402185,"image_3_599_1.jpg, image_3_599_2.jpg, image_3_599_3.jpg"
3 Piece - Digital Printed Loose Fabric - 42403316 - Dupatta / 2.5 / 2.5,Rs. 880.00 Rs. 572.00,"Look mesmerizing with this colorful three-piece from the latest freedom to buy summer collection.
Product Detail:
Ikkat Textures In Prints Style Shirt with Dupatta and Trousers 
SHIRT
Shirt: 3 Meter (RS 780/-Mtr)
Fabric: Lawn
Color: Multi
DUPATTA
Dupatta: 2.5 Meter (RS 800/-Mtr)
Fabric: Voile
Color: Multi 
TROUSERS
Trousers: 2.5 Meter (RS 680/-Mtr)
Fabric: Cambric
Color: Light Beige
Note:
Product color may slightly vary due to photographic lighting sources or your device settings.",https://nishatlinen.com/collections/women/products/42403316,"image_3_600_1.jpg, image_3_600_2.jpg, image_3_600_3.jpg"
1 Piece - Digital Printed Loose Fabric - 42403100 - Shirt / 3 / 3,Rs. 750.00 Rs. 488.00,"Achieve a tasteful appearance with this digital printed one-piece from the latest freedom to buy summer collection.
Product Detail:
Periwinkle Floral Bunches Printed Style Shirt 
SHIRT
Shirt: 3 Meter (RS 1090/-Mtr)
Fabric: Lurix Stripe
Color: Yellow

Note:
Product color may slightly vary due to photographic lighting sources or your device settings.",https://nishatlinen.com/products/42403100,"image_3_601_1.jpg, image_3_601_2.jpg, image_3_601_3.jpg"
3 Piece - Printed Embroidered Suit - 42401701,"Rs. 7,690.00 Rs. 4,998.50","Make a grand entry in your event with a printed embroidered three-piece from the latest unstitched summer collection.
Product Detail:
Ethnic Prints Style Shirt with Dupatta and Trousers
SHIRT
Printed Super Fine Lawn Shirt: 3 Meter
Embroidered Neckline + 2 Borders
Fabric: Lawn
Color: Mustard
DUPATTA
Printed Voile Dupatta: 2.5 Meter
Fabric: Voile
Color: Mustard
TROUSERS
Printed Cambric Trousers: 2.5 Meter
Fabric: Cambric
Color: ﻿Mustard
Note:
Product color may slightly vary due to photographic lighting sources or your device settings.",https://nishatlinen.com/products/42401701,"image_3_602_1.jpg, image_3_602_2.jpg, image_3_602_3.jpg"
2 Piece - Printed Embroidered Suit - 42401299,"Rs. 5,130.00 Rs. 3,334.50","Revamp your wardrobe with this printed embroidered two-piece from the latest unstitched summer collection.
Product Detail:
Animal Print With Damask Patterns Prints Style Shirt with Dupatta
SHIRT
Printed Super Fine Lawn Shirt: 3 Meter
2 Embroidered Motifs
Fabric: Lawn
Color: Blue
DUPATTA
Digital Printed Crinkle Chiffon Dupatta: 2.5 Meter
Fabric: Crinkle Chiffon
Color: Blue
Note:
Product color may slightly vary due to photographic lighting sources or your device settings.",https://nishatlinen.com/collections/women/products/42401299,"image_3_603_1.jpg, image_3_603_2.jpg, image_3_603_3.jpg"
3 Piece - Jacquard Embroidered Suit - 42402087,"Rs. 9,990.00 Rs. 6,493.50","Preserve your beautiful memories by wearing this jacquard embridered three-piece from the latest unstitched summer collection.
Product Detail:
Abstract Floral Printed Style Shirt with Dupatta and Trousers
SHIRT
Jacquard Shirt: 2.1 Meter
Embroidered Front + Neckline + Border
Fabric: Jacquard
Color: Mauve
DUPATTA
Yarn Dyed Leno Kara Dupatta: 2.5 Meter
Fabric: Yarn Dyed
Color: Pink
TROUSERS
Solid Cambric Trousers: 2.5 Meter
Fabric: Cambric
Color: Mauve
Note:
Product color may slightly vary due to photographic lighting sources or your device settings.",https://nishatlinen.com/collections/women/products/42402087,"image_3_604_1.jpg, image_3_604_2.jpg, image_3_604_3.jpg"
1 Piece - Digital Printed Loose Fabric - 42403343 - Shirt / 3 / 3,Rs. 880.00 Rs. 572.00,"Exude grace in this digital printed one-piece from the latest freedom to buy summer collection.
Product Detail:
Tie & Dye Textures In Printed Form Shirt 
SHIRT
Shirt: 3 Meter (RS 780/-Mtr)
Fabric: Lawn
Color: Black
Note:
Product color may slightly vary due to photographic lighting sources or your device settings.",https://nishatlinen.com/products/42403343,"image_3_605_1.jpg, image_3_605_2.jpg, image_3_605_3.jpg"
3 Piece - Digital Printed Loose Fabric - 42403169 - Shirt / 3 / 3,Rs. 750.00 Rs. 488.00,"Uplift your look with digital printed three-piece from the latest freedom to buy summer collection.
Product Detail:
Traditional Ethnic Printed Style Shirt with Dupatta and Trousers
SHIRT
Shirt: 3 Meter (RS 750/-Mtr)
Fabric: Lawn
Color: White
DUPATTA
Dupatta: 2.5 Meter (RS 780/-Mtr)
Fabric: Voile
Color: White
TROUSERS
Trousers: 2.5 Meter (RS 650/-Mtr)
Fabric: Cambric
Color: White
Note:
Product color may slightly vary due to photographic lighting sources or your device settings.",https://nishatlinen.com/products/42403169,"image_3_606_1.jpg, image_3_606_2.jpg, image_3_606_3.jpg"
3 Piece - Digital Printed Loose Fabric - 42403321 - Trouser / 2.5 / 2.5,Rs. 880.00 Rs. 572.00,"Get the most significant look by wearing this digital printed three-piece from the latest freedom to buy summer collection.
Product Detail:
Suzani Patterns In Printed Form Shirt with Dupatta and Trousers 
SHIRT
Shirt: 3 Meter (RS 780/-Mtr)
Fabric: Lawn
Color: Yellow
DUPATTA
Dupatta: 2.5 Meter (RS 800/-Mtr)
Fabric: Voile
Color: Yellow
TROUSERS
Trousers: 2.5 Meter (RS 680/-Mtr)
Fabric: Cambric
Color: Yellow
Note:
Product color may slightly vary due to photographic lighting sources or your device settings.",https://nishatlinen.com/collections/women/products/42403321,"image_3_607_1.jpg, image_3_607_2.jpg, image_3_607_3.jpg"
3 Piece - Printed Embroidered Suit - 42402034,"Rs. 7,690.00 Rs. 4,998.50","Find simplicity with printed embroidered three-piece from the latest unstitched summer collection.
Product Detail:
Textures & Floral Silhouettes Prints Style Shirt with Dupatta and Trousers
SHIRT
Printed Super Fine Lawn Shirt: 3 Meter
2 Embroidered Motifs
Fabric: Lawn
Color: Black
DUPATTA
Digital Printed Crinkle Chiffon Dupatta: 2.5 Meter
Fabric: Crinkle Chiffon
Color: Black
TROUSERS
Solid Cambric Trousers: 2.5 Meter
Fabric: Cambric
Color: Black
Note:
Product color may slightly vary due to photographic lighting sources or your device settings.",https://nishatlinen.com/products/42402034,"image_3_608_1.jpg, image_3_608_2.jpg, image_3_608_3.jpg"
Embroidered Shirt - PS24-61 - XS,"Rs. 3,790.00 Rs. 2,274.00","Celebrate the timeless charm by wearing this contemporary embroidered shirt from the latest pret summer collection.
Product Detail
Embroidered Shirt
Shirt
Round Neckline with Slit, Gathers on Sleeves & Below Embroidered Yoke
Fabric: Cambric
Color: Sky Blue
Note:
Product color may vary slightly due to photographic lighting sources or monitor settings.",https://nishatlinen.com/products/ps24-61,"image_3_609_1.jpg, image_3_609_2.jpg, image_3_609_3.jpg"
Embroidered Tunic - AS24-72 - XS,"Rs. 4,890.00 Rs. 2,934.00","Make a stylish addition to your collection with this embroidered tunic from the latest pret summer collection.
Product Detail
Embroidered Tunic
Tunic
Round Neckline With Slit, Yoke With Gathers Detail, Loose Sleeves, Embroidered Tunic
Fabric: Cambric
Color: Yellow
Note:
Product color may vary slightly due to photographic lighting sources or monitor settings.",https://nishatlinen.com/collections/women/products/as24-72,"image_3_610_1.jpg, image_3_610_2.jpg, image_3_610_3.jpg"
2 Piece - Printed Embroidered Suit - 42401278,"Rs. 4,610.00 Rs. 2,996.50","Be the epitome of grace and sophistication with this printed embroidered two-piece from the latest unstitched summer collection.
Product Detail:
Floral Stem Silhouettes Style Shirt with Trousers
SHIRT
Printed Super Fine Lawn Shirt: 3 Meter
Embroidered Neckline + Border
Fabric: Lawn
Color: Pink
TROUSERS
Printed Cambric Trousers: 2.5 Meter
Fabric: Cambric
Color: Pink
Note:
Product color may slightly vary due to photographic lighting sources or your device settings.",https://nishatlinen.com/collections/women/products/42401278,"image_3_611_1.jpg, image_3_611_2.jpg, image_3_611_3.jpg"
3 Piece - Jacquard Suit - 42402126,"Rs. 9,990.00 Rs. 7,992.00","Get ready for garden parties by styling our jacquard three-piece from the latest unstitched summer collection.
Product Detail:
Animal Print With Abstract Florals Style Shirt with Dupatta and Trousers
SHIRT
Jacquard Shirt: 3 Meter
Fabric: Jacquard
Color: Black
DUPATTA
Digital Printed Crinkle Chiffon Dupatta: 2.5 Meter
Fabric: Crinkle Chiffon
Color: Black
TROUSERS
Jacquard Trousers: 2.5 Meter
Fabric: Jacquard
Color: Black
Note:
Product color may slightly vary due to photographic lighting sources or your device settings.",https://nishatlinen.com/products/42402126,"image_3_612_1.jpg, image_3_612_2.jpg, image_3_612_3.jpg"
Embroidered Shirt - PE24-107 - XS,"Rs. 5,330.00 Rs. 3,198.00","Ease your confusion for styling by wearing this embroidered shirt from the latest pret summer collection.
Product Detail
Embroidered Shirt
Shirt
Round Neckline With Placket, Front Open Shirt, Round Hem
Fabric: Jacquard
Color: Peach
Note:
Product color may vary slightly due to photographic lighting sources or monitor settings.",https://nishatlinen.com/collections/women/products/pe24-107,"image_3_613_1.jpg, image_3_613_2.jpg, image_3_613_3.jpg"
2 Piece - Printed Embroidered Suit - 42401709,"Rs. 5,640.00 Rs. 3,666.00","Enhance your style with this printed embroidered two-piece from the latest unstitched summer collection.
Product Detail:
Abstract Prints Style Shirt with Dupatta
SHIRT
Printed Super Fine Lawn Shirt: 3 Meter
Embroidered Border
Fabric: Lawn
Color: Green
DUPATTA
Digital Printed Zari Chiffon Dupatta: 2.5 Meter
Fabric: Chiffon
Color: Green
Note:
Product color may slightly vary due to photographic lighting sources or your device settings.",https://nishatlinen.com/collections/women/products/42401709,"image_3_614_1.jpg, image_3_614_2.jpg, image_3_614_3.jpg"
3 Piece - Embroidered Suit - 42401241,"Rs. 8,200.00 Rs. 5,330.00","Make an effortless statement with our embroidered three-piece from the latest unstitched summer collection.
Product Detail:
Baroque Floral Mix Style Shirt with Dupatta and Trousers
SHIRT
Dyed Cambric Shirt: 3 Meter
Embroidered Front + Border
Fabric: Cambric
Color: Peach
DUPATTA
Digital Printed Crinkle Chiffon Dupatta: 2.5 Meter
Fabric: Crinkle Chiffon
Color: Peach & Orange
TROUSERS
Dyed Cambric Trousers: 2.5 Meter
Fabric: Cambric
Color: ﻿Peach
Note:
Product color may slightly vary due to photographic lighting sources or your device settings.",https://nishatlinen.com/collections/women/products/42401241,"image_3_615_1.jpg, image_3_615_2.jpg, image_3_615_3.jpg"
3 Piece - Printed Loose Fabric - 42403033 - Shirt / 3 / 3,Rs. 670.00 Rs. 436.00,"Look radiant with this printed three-piece from the latest freedom to buy summer collection.
Product Detail:
Geometric Printed Style Shirt with Dupatta and Trousers
SHIRT
Shirt: 3 Meter (RS 730/-Mtr)
Fabric: Lawn
Color: Rust
DUPATTA
Dupatta: 2.5 Meter (RS 750/-Mtr)
Fabric: Voile
Color: Rust
TROUSERS
Trousers: 2.5 Meter (RS 650/-Mtr)
Fabric: Cambric
Color: ﻿Rust
Note:
Product color may slightly vary due to photographic lighting sources or your device settings.",https://nishatlinen.com/collections/women/products/42403033,"image_3_616_1.jpg, image_3_616_2.jpg, image_3_616_3.jpg"
Printed Dress - FE24-59 - XS,"Rs. 9,230.00 Rs. 5,538.00","Embody the essence of timeless beauty with this printed dress from the latest pret summer collection.
Product Detail
Printed Dress
Dress
Band Neckline, Gathered Cuff Balloon Sleeves, Button Down Dress
Fabric: Cambric
Color: Off White & Green
Note:
Product color may vary slightly due to photographic lighting sources or monitor settings.",https://nishatlinen.com/products/fe24-59,"image_3_617_1.jpg, image_3_617_2.jpg, image_3_617_3.jpg"
1 Piece - Gold Printed Loose Fabric - 42403231 - Dupatta / 2.5 / 2.5,Rs. 830.00 Rs. 540.00,"For an elegant appearance gold printed one-piece from the latest freedom to buy summer collection.
Product Detail:
Textures Printed Style Dupatta
DUPATTA
Dupatta: 2.5 Meter (RS 800/-Mtr)
Fabric: Voile
Color: Brown

Note:
Product color may slightly vary due to photographic lighting sources or your device settings.",https://nishatlinen.com/collections/women/products/42403231,"image_3_618_1.jpg, image_3_618_2.jpg, image_3_618_3.jpg"
3 Piece - Printed Loose Fabric - 42403002 - Dupatta / 2.5 / 2.5,Rs. 670.00 Rs. 436.00,"Ignite your style with our trend by embracing the printed three-piece from the latest freedom to buy summer collection.
Product Detail:
Mughal Printed Style Shirt with Dupatta and Trousers
SHIRT
Shirt: 3 Meter (RS 730/-Mtr)
Fabric: Lawn
Color: Green
DUPATTA
Dupatta: 2.5 Meter (RS 750/-Mtr)
Fabric: Voile
Color: Green
TROUSERS
Trousers: 2.5 Meter (RS 650/-Mtr)
Fabric: Cambric
Color: ﻿Green
Note:
Product color may slightly vary due to photographic lighting sources or your device settings.",https://nishatlinen.com/collections/women/products/42403002,"image_3_619_1.jpg, image_3_619_2.jpg, image_3_619_3.jpg"
Printed Shirt - PE24-211 - XS,"Rs. 4,100.00 Rs. 2,460.00","Create an innovative and classy look by wearing this printed shirt from the latest pret summer collection.
Product Detail
Printed Shirt
Shirt
Round Neckline With Pearl & Loop Detail At Back Slit, Lace Detail On Sleeves
Fabric: Lawn
Color: Orange 
Note:
Product color may vary slightly due to photographic lighting sources or monitor settings.",https://nishatlinen.com/products/pe24-211,"image_3_620_1.jpg, image_3_620_2.jpg, image_3_620_3.jpg"
Printed Kaftan - FE24-63 - XS,"Rs. 7,390.00 Rs. 4,434.00","Radiate confidence and charm with this printed kaftan from the latest pret summer collection.
Product Detail
Printed Kaftan
Kaftan
Round Neckline With Long Gusset Detail, Adda Work On Sides, Center & Side Panels Detail,
Fabric: Lawn
Color: Olive Green
Note:
Product color may vary slightly due to photographic lighting sources or monitor settings.",https://nishatlinen.com/products/fe24-63,"image_3_621_1.jpg, image_3_621_2.jpg, image_3_621_3.jpg"
2 Piece - Printed Suit - PS24-290 - XS,"Rs. 4,590.00 Rs. 2,754.00","Make your day magnificent by wearing this printed two-piece suit from the latest pret summer collection. 
Product Detail
Printed Shirt With Trousers
Shirt
Band Neckline With Placket, Straight Shirt
Fabric: Cambric
Color: Light Pink
Trousers
Fitted Printed Trousers
Fabric: Cambric
Color: Light Pink
Note:
Product color may vary slightly due to photographic lighting sources or monitor settings.",https://nishatlinen.com/products/ps24-290,"image_3_622_1.jpg, image_3_622_2.jpg, image_3_622_3.jpg"
3 Piece - Embroidered Suit - 42402175,"Rs. 10,490.00 Rs. 8,392.00","Exude grace with this embroidered three-piece from the latest unstitched summer collection.
Product Detail:
Tie & Dye Style Shirt with Dupatta and Trousers
SHIRT
Solid Satin Shirt: 3 Meter
Embroidered Side & Center Panel + Border
Fabric: Satin
Color: Blue & Off White
DUPATTA
Printed Khadi Silk Dupatta: 2.23 Meter
Fabric: Khadi Silk
Color: Blue & Off White 
TROUSERS
Solid Satin Trousers: 2.5 Meter
Fabric: Satin
Color: Blue
Note:
Product color may slightly vary due to photographic lighting sources or your device settings.",https://nishatlinen.com/products/42402175,"image_3_623_1.jpg, image_3_623_2.jpg, image_3_623_3.jpg"
3 Piece - Printed Loose Fabric - 42403150 - Trouser / 2.5 / 2.5,Rs. 830.00 Rs. 540.00,"Radiate confidence and charm with this printed three-piece from the latest freedom to buy summer collection.
Product Detail:
Embellished Patterns Printed Style Shirt with Dupatta and Trousers
SHIRT
Shirt: 3 Meter (RS 730/-Mtr)
Fabric: Lawn
Color: Green
DUPATTA
Dupatta: 2.5 Meter (RS 750/-Mtr)
Fabric: Voile
Color: Green
TROUSERS
Trousers: 2.5 Meter (RS 690/-Mtr)
Fabric: Cambric
Color: Green
Note:
Product color may slightly vary due to photographic lighting sources or your device settings.",https://nishatlinen.com/products/42403150,"image_3_624_1.jpg, image_3_624_2.jpg, image_3_624_3.jpg"
2 Piece - Dyed Embroidered Suit - 42402141,"Rs. 4,290.00 Rs. 3,432.00","Elevate your look with this dyed embroidered two-piece from the latest unstitched summer collection.
Product Detail:
Cross Stitch Style Shirt with Trousers
SHIRT
Solid Cambric Shirt: 3 Meter
Embroidered Front + Sleeves
Fabric: Cambric
Color: Rust
TROUSERS
Solid Cambric Trousers: 2.5 Meter
Fabric: Cambric
Color: Rust
Note:
Product color may slightly vary due to photographic lighting sources or your device settings.",https://nishatlinen.com/products/42402141,"image_3_625_1.jpg, image_3_625_2.jpg, image_3_625_3.jpg"
Slips - PS23-08 - XS,"Rs. 1,370.00 Rs. 1,096.00","Slip adds comfort & a soft, smooth feel to your daily wear. Try this breathable and durable slip from the latest summer collection.
Product Detail
V Neck Slip
Color: Beige
Fabric: Voile
Note:
Product color may slightly vary due to photographic lighting sources or your monitor settings.",https://nishatlinen.com/collections/women/products/ps23-08,image_3_626_1.jpg
2 Piece - Printed Suit - PE24-295 - XS,"Rs. 4,570.00 Rs. 2,742.00","Look and feel your best by wearing this printed two-piece suit from the latest pret summer collection.
Product Detail
Printed Shirt With Trousers
Shirt
Round Neckline With Piping Detail, Buttons Detail On Slit
Fabric: Cambric
Color: Light Grey
Trousers
Printed Loose Straight Trousers
Fabric: Cambric
Color: Light Grey
Note:
Product color may vary slightly due to photographic lighting sources or monitor settings.",https://nishatlinen.com/products/pe24-295,"image_3_627_1.jpg, image_3_627_2.jpg, image_3_627_3.jpg"
3 Piece - Embroidered Suit - 42401697,"Rs. 8,720.00 Rs. 5,668.00","Look glamorous by wearing this embroidered three-piece from the latest unstitched summer collection.
Product Detail:
Baroque Style Shirt with Dupatta and Trousers
SHIRT
Dyed Cambric Shirt: 3 Meter
Embroidered Front + Motifs
Fabric: Cambric
Color: Green
DUPATTA
Digital Printed Crinkle Chiffon Dupatta: 2.5 Meter
Fabric: Crinkle Chiffon
Color: Green
TROUSERS
Dyed Cambric Trousers: 2.5 Meter
Fabric: Cambric
Color: ﻿Green
Note:
Product color may slightly vary due to photographic lighting sources or your device settings.",https://nishatlinen.com/collections/women/products/42401697,"image_3_628_1.jpg, image_3_628_2.jpg, image_3_628_3.jpg"
3 Piece - Embroidered Suit - PS24-121 - XS,"Rs. 8,290.00 Rs. 4,974.00","Make your day magnificent by wearing this embroidered three-piece suit from the latest pret summer collection. 
Product Detail
Embroidered Shirt With Dupatta & Trousers
Shirt
Round Neckline With V Slit, Top Stitches Detail On Sleeves, Embroidered Front, Straight Shirt
Fabric: Cambric 
Color: Pistachio
Dupatta
Fabric: Chiffon 
Color: Pistachio
Trousers
Straight Loose Trousers
Fabric: Cambric 
Color: Pistachio
Note:
Product color may vary slightly due to photographic lighting sources or monitor settings.",https://nishatlinen.com/products/ps24-121,"image_3_629_1.jpg, image_3_629_2.jpg, image_3_629_3.jpg"
2 Piece - Printed Suit - 42401726,"Rs. 3,070.00 Rs. 1,995.50","Adorn grace with this printed two-piece from the latest unstitched summer collection.
Product Detail:
Floral Printed Style Shirt with Dupatta
SHIRT
Printed Super Fine Lawn Shirt: 3 Meter
Fabric: Lawn
Color: Green
DUPATTA
Printed Voile Dupatta: 2.5 Meter
Fabric: Voile
Color: Green
Note:
Product color may slightly vary due to photographic lighting sources or your device settings.",https://nishatlinen.com/products/42401726,"image_3_630_1.jpg, image_3_630_2.jpg, image_3_630_3.jpg"
3 Piece - Embroidered Suit - 42401801,"Rs. 10,770.00 Rs. 7,000.50","Express yourself with an embroidered three-piece from the latest unstitched summer collection.
Product Detail:
Banarsi Style Shirt with Dupatta and Trousers
SHIRT
Solid Satin Shirt: 3 Meter
Embroidered Front + Neckline + Sleeves + Border
Fabric: Satin
Color: Red
DUPATTA
Fancy Banarsi Dupatta: 2.5 Meter
Fabric: Banarsi
Color: Red
TROUSERS
Solid Satin Trousers: 2.5 Meter
Fabric: Satin
Color: Red
Note:
Product color may slightly vary due to photographic lighting sources or your device settings.",https://nishatlinen.com/products/42401801,"image_3_631_1.jpg, image_3_631_2.jpg, image_3_631_3.jpg"
1 Piece - Gold Printed Loose Fabric - 42403331 - Shirt / 3 / 3,Rs. 880.00 Rs. 572.00,"Look elegant with this gold printed one-piece from the latest freedom to buy summer collection.
Product Detail:
Paisleys Prints Style Shirt 
SHIRT
Shirt: 3 Meter (RS 800/-Mtr)
Fabric: Lawn
Color: Teal
Note:
Product color may slightly vary due to photographic lighting sources or your device settings.",https://nishatlinen.com/products/42403331,"image_3_632_1.jpg, image_3_632_2.jpg, image_3_632_3.jpg"
1 Piece - Gold Printed Loose Fabric - 42403337 - Shirt / 3 / 3,Rs. 880.00 Rs. 572.00,"Look regal with this gold printed one-piece from the latest freedom to buy summer collection.
Product Detail:
Palm Trees Prints Style Shirt 
SHIRT
Shirt: 3 Meter (RS 800/-Mtr)
Fabric: Lawn
Color: Black
Note:
Product color may slightly vary due to photographic lighting sources or your device settings.",https://nishatlinen.com/products/42403337,"image_3_633_1.jpg, image_3_633_2.jpg, image_3_633_3.jpg"
3 Piece - Digital Printed Jacquard Embroidered Suit - 42402090,"Rs. 9,990.00 Rs. 6,493.50","Enrich your collection with this digital printed jacquard embroidered three-piece from the latest unstitched summer collection.
Product Detail:
Floral Bunches In Printed Style Shirt with Dupatta and Trousers
SHIRT
Digital Printed Fancy Jacquard Shirt: 2.1 Meter
Embroidered Neckline + Motifs + Border
Fabric: Jacquard
Color: Powder Pink
DUPATTA
Yarn Dyed Dupatta: 2.5 Meter
Fabric: Yarn Dyed
Color: Carrot
TROUSERS
Solid Cambric Trousers: 1.7 Meter
Fabric: Cambric
Color: Powder Pink
Note:
Product color may slightly vary due to photographic lighting sources or your device settings.",https://nishatlinen.com/collections/women/products/42402090,"image_3_634_1.jpg, image_3_634_2.jpg, image_3_634_3.jpg"
2 Piece - Basic Suit - PE24-102 - XS,"Rs. 5,640.00 Rs. 3,384.00","Radiate positivity and vibrancy in this basic two-piece suit from the latest pret summer collection.
Product Detail
Basic Shirt With Trousers
Shirt
Band Neckline With Adda Work Detail On Placket, Cuffed Sleeves
Fabric: Cambric
Color: Green
Trousers
Straight Trousers
Fabric: Cambric
Color: Green
Note:
Product color may vary slightly due to photographic lighting sources or monitor settings.",https://nishatlinen.com/products/pe24-102,"image_3_635_1.jpg, image_3_635_2.jpg, image_3_635_3.jpg"
3 Piece - Printed Loose Fabric - 42403253 - Trouser / 2.5 / 2.5,Rs. 455.00 - Rs. 527.00,"Uncover the timeless elegance of our printed three-piece from the latest freedom to buy summer collection.
Product Detail:
Abstract Printed Style Shirt with Dupatta and Trousers
SHIRT
Shirt: 3 Meter (RS 750/-Mtr)
Fabric: Lawn
Color: Black
DUPATTA
Dupatta: 2.5 Meter (RS 780/-Mtr)
Fabric: Voile
Color: Black & White
TROUSERS
Trousers: 2.5 Meter (RS 680/-Mtr)
Fabric: Cambric
Color: Black
Note:
Product color may slightly vary due to photographic lighting sources or your device settings.",https://nishatlinen.com/collections/women/products/42403253,"image_3_636_1.jpg, image_3_636_2.jpg, image_3_636_3.jpg"
3 Piece - Digital & Paste Printed Embroidered Suit - 42401922,"Rs. 13,850.00 Rs. 9,002.50","Keep your look ever classy by wearing this digital & paste printed embroidered three-piece from the latest unstitched summer collection.
Product Detail:
Style Shirt with Dupatta and Trousers
SHIRT
Schiffli Embroidered Printed Cambric Front & Back: 2 Meter
Schiffli Embroidered Printed Cambric Sleeves: 0.6 Meter
Fabric: Cambric
Color: Black & Off White
DUPATTA
Digital Printed Chicken Kari Dupatta: 2.5 Meter
Fabric: Chicken Kari
Color: Black & Off White
TROUSERS
White Paste Printed Cambric Trousers: 2.5 Meter
Fabric: Cambric
Color: Black
Note:
Product color may slightly vary due to photographic lighting sources or your device settings",https://nishatlinen.com/collections/women/products/42401922,"image_3_637_1.jpg, image_3_637_2.jpg, image_3_637_3.jpg"
3 Piece - Embroidered Suit - 42401995,"Rs. 9,740.00 Rs. 6,331.00","Radiate attractive charm by showcasing this beautifully embroidered three-piece from the latest unstitched summer collection.
Product Detail:
Floral Style Shirt with Dupatta and Trousers
SHIRT
Solid Swiss Lawn Shirt: 3 Meter
Embroidered Front + Neckline + Sleeves + Motifs + Border
Fabric: Lawn
Color: Brown
DUPATTA
Embroidered Swiss Voile Dupatta: 2.5 Meter
Fabric: Voile
Color: Dull Yellow
TROUSERS
Solid Cambric Trousers: 2.5 Meter
Fabric: Cambric
Color: Brown
Note:
Product color may slightly vary due to photographic lighting sources or your device settings.",https://nishatlinen.com/collections/women/products/42401995,"image_3_638_1.jpg, image_3_638_2.jpg, image_3_638_3.jpg"
2 Piece - Printed Embroidered Suit - 42402079,"Rs. 3,990.00 Rs. 2,593.50","Revitalize your style with this printed embroidered two-piece from the latest unstitched summer collection.
Product Detail:
Abstract Motifs Prints Style Shirt with Trousers
SHIRT
Solid Cambric Shirt: 3 Meter
Embroidered Front + Border
Fabric: Cambric
Color: Beige
TROUSERS
Digital Printed Cambric Trousers: 2.5 Meter
Fabric: Cambric
Color: Beige
Note:
Product color may slightly vary due to photographic lighting sources or your device settings.",https://nishatlinen.com/products/42402079,"image_3_639_1.jpg, image_3_639_2.jpg, image_3_639_3.jpg"
3 Piece - Printed Suit - 42401935,"Rs. 7,180.00 Rs. 4,667.00","Get a stunning & fabulous blend of eye-catching by wearing this printed three-piece from the latest unstitched summer collection.
Product Detail:
Abstract Printed Style Shirt with Dupatta and Trousers
SHIRT
Printed Zari Lawn Shirt: 3 Meter
Fabric: Zari Lawn
Color: Maroon
DUPATTA
Digital Printed Zari Lawn Dupatta: 2.5 Meter
Fabric: Zari Lawn
Color: Maroon
TROUSERS
Printed Cambric Trousers: 2.5 Meter
Fabric: Cambric
Color: Maroon
Note:
Product color may slightly vary due to photographic lighting sources or your device settings.",https://nishatlinen.com/products/42401935,"image_3_640_1.jpg, image_3_640_2.jpg, image_3_640_3.jpg"
2 Piece - Printed Suit - PS24-301 - XS,"Rs. 4,510.00 Rs. 2,706.00","Symbolize your style in this printed two-piece suit from the latest pret summer collection.
Product Detail
Printed Shirt With Trousers
Shirt
Band Neckline, Button Down Straight Shirt
Fabric: Cambric
Color: Multi
Trousers
Loose Trousers
Fabric: Cambric
Color: Multi
Note:
Product color may vary slightly due to photographic lighting sources or monitor settings.",https://nishatlinen.com/products/ps24-301,"image_3_641_1.jpg, image_3_641_2.jpg, image_3_641_3.jpg"
3 Piece - Embroidered Suit - PS24-321 - XS,"Rs. 8,290.00 Rs. 4,974.00","Escape to a world of enchanting beauty with this embroidered three-piece suit from the latest pret summer collection.
Product Detail
Embroidered Shirt With Dupatta & Trousers
Shirt
Round Neckline With Tie-Up Dorri & Tassels Detail, Embroidered Sleeves, Top Stitches Detail On Hem
Fabric: Cambric
Color: Maroon
Dupatta
Fabric: Chiffon
Color: Maroon
Trousers
Straight Trousers
Fabric: Cambric
Color: Maroon
Note:
Product color may vary slightly due to photographic lighting sources or monitor settings.",https://nishatlinen.com/products/ps24-321,"image_3_642_1.jpg, image_3_642_2.jpg, image_3_642_3.jpg"
3 Piece - Printed Loose Fabric - 42403165 - Shirt / 3 / 3,Rs. 750.00 Rs. 488.00,"Give yourself a versatile styling with this printed three-piece from the latest freedom to buy summer collection.
Product Detail:
Leaf Bunches With Scroll Borders Printed Style Shirt with Dupatta and Trousers
SHIRT
Shirt: 3 Meter (RS 730/-Mtr)
Fabric: Lawn
Color: Powder Pink
DUPATTA
Dupatta: 2.5 Meter (RS 750/-Mtr)
Fabric: Voile
Color: Powder Pink
TROUSERS
Trousers: 2.5 Meter (RS 650/-Mtr)
Fabric: Cambric
Color: Powder Pink
Note:
Product color may slightly vary due to photographic lighting sources or your device settings.",https://nishatlinen.com/products/42403165,"image_3_643_1.jpg, image_3_643_2.jpg, image_3_643_3.jpg"
PS24-380-Basic Tights - XS,"Rs. 1,430.00 Rs. 1,144.00","Look your best by wearing this basic tights from the summer collection to pair with any dress. 
Product Detail
Basic Tights

Tights
Fabric: 100% Cotton
Color: Black

Note:
Product color may slightly vary due to photographic lighting sources or your device settings",https://nishatlinen.com/products/ps24-380,image_3_644_1.jpg
2 Piece - Printed Embroidered Suit - PS24-275 - XS,"Rs. 6,690.00 Rs. 4,014.00","Radiate positivity and vibrancy in this printed embroidered two-piece suit from the latest pret summer collection.
Product Detail
Printed Embroidered Shirt With Trousers
Shirt
Band Neckline With Placket, Embroidered Panels, Long Straight Shirt
Fabric: Lawn
Color: Light Green
Trousers
Loose Straight Trousers
Fabric: Cambric
Color: Light Green
Note:
Product color may vary slightly due to photographic lighting sources or monitor settings.",https://nishatlinen.com/collections/women/products/ps24-275,"image_3_645_1.jpg, image_3_645_2.jpg, image_3_645_3.jpg"
3 Piece - Printed Loose Fabric - 42403041 - Shirt / 3 / 3,Rs. 670.00 Rs. 436.00,"Adorn grace with this printed three-piece from the latest freedom to buy summer collection.
Product Detail:
Ethnic Stencil Patterns Printed Style Shirt with Dupatta and Trousers
SHIRT
Shirt: 3 Meter (RS 730/-Mtr)
Fabric: Lawn
Color: Yellowish Beige
DUPATTA
Dupatta: 2.5 Meter (RS 750/-Mtr)
Fabric: Voile
Color: Yellowish Beige
TROUSERS
Trousers: 2.5 Meter (RS 650/-Mtr)
Fabric: Cambric
Color: ﻿Yellowish Beige
Note:
Product color may slightly vary due to photographic lighting sources or your device settings.",https://nishatlinen.com/products/42403041,"image_3_646_1.jpg, image_3_646_2.jpg, image_3_646_3.jpg"
2 Piece - Printed Embroidered Suit - 42401947,"Rs. 5,640.00 Rs. 3,666.00","Radiate with special attention by dressing in this captivating ensemble printed embroidered two-piece from the latest unstitched summer collection.
Product Detail:
Kashmiri Shawl Style Shirt with Dupatta
SHIRT
Printed Super Fine Lawn  Shirt: 3 Meter
Embroidered Front + Border
Fabric: Lawn
Color: Maroon
DUPATTA
Digital Printed Silk Dupatta: 2.5 Meter
Fabric: Silk
Color: Maroon
Note:
Product color may slightly vary due to photographic lighting sources or your device settings.",https://nishatlinen.com/products/42401947,"image_3_647_1.jpg, image_3_647_2.jpg, image_3_647_3.jpg"
3 Piece - Printed Suit - PE24-276 - XS,"Rs. 8,730.00 Rs. 5,238.00","Drape yourself in class and make the epitome of elegance with this embroidered three-piece suit from the latest pret summer collection.
Product Detail
Embroidered Shirt With Dupatta & Trousers
Shirt
Round Neckline With Slit & Piping, Paneled Shirt 
Fabric: Lawn
Color: Orange
Dupatta
Printed Dupatta
Fabric: Net
Color: Olive Green
Trousers
Printed Trousers
Fabric: Cambric
Color: Olive Green
Note:
Product color may vary slightly due to photographic lighting sources or monitor settings.",https://nishatlinen.com/products/pe24-276,"image_3_648_1.jpg, image_3_648_2.jpg, image_3_648_3.jpg"
3 Piece - Printed Suit - 42401216,"Rs. 7,690.00 Rs. 4,998.50","Strut in style with this printed three-piece from the latest unstitched summer collection.
Product Detail:
Ancient Chinese Patterns Printed Style Shirt with Dupatta and Trousers
SHIRT
Printed Super Fine Lawn Shirt: 3 Meter
Fabric: Lawn
Color: Yellow
DUPATTA
Yarn Dyed Dupatta: 2.5 Meter
Fabric: Yarn Dyed
Color: Yellow
TROUSERS
Printed Cambric Trousers: 2.5 Meter
Fabric: Cambric
Color: ﻿Yellow
Note:
Product color may slightly vary due to photographic lighting sources or your device settings.",https://nishatlinen.com/collections/women/products/42401216,"image_3_649_1.jpg, image_3_649_2.jpg, image_3_649_3.jpg"
3 Piece - Gold Printed Embroidered Suit - 42401867,"Rs. 7,690.00 Rs. 4,998.50","Become the ultimate trendsetter with our stylish gold printed embroidered three-piece from the latest unstitched summer collection.
Product Detail:
Ethnic Style Shirt with Dupatta and Trousers
SHIRT
Gold Paste Printed Super Fine Lawn Shirt: 3 Meter
Embroidered Neckline + Border
Fabric: Lawn
Color: Magenta
DUPATTA
Gold Paste Printed Voile Dupatta: 2.5 Meter
Fabric: Voile
Color: Magenta
TROUSERS
Solid Cambric Trousers: 2.5 Meter
Fabric: Cambric
Color: Magenta
Note:
Product color may slightly vary due to photographic lighting sources or your device settings.",https://nishatlinen.com/collections/women/products/42401867,"image_3_650_1.jpg, image_3_650_2.jpg, image_3_650_3.jpg"
2 Piece - Embroidered Loose Fabric - 42402001 - Shirt Front + Sleeves / 2 / 2,Rs. 436.00 - Rs. 663.00,"Strut in style with this embroidered two-piece from the latest freedom to buy summer collection.
Product Detail:
Shirt & Trousers
Measurements: 
Shirt Front + Sleeves Fabric: 2 Meter (RS 1290/-Mtr)
Border: 2 Meter (RS 890/-Mtr)
Shirt Back & Trousers Fabric: 3.75 Meter (RS 650/-Mtr)
Fabric: Cambric
Color: Navy Blue
Note:
Product color may slightly vary due to photographic lighting sources or your device settings.",https://nishatlinen.com/products/42402001,"image_3_651_1.jpg, image_3_651_2.jpg, image_3_651_3.jpg"
1 Piece - Dyed Loose Fabric - 42402016-1 - Shirt / 3 / 3,Rs. 830.00 Rs. 540.00,"Unleash your creativity and craft your unique style with dyed one-piece from the latest freedom to buy summer collection.
Product Detail:
Shirt 
SHIRT
Shirt: 3 Meter (RS 650/-Mtr)
Fabric: Cambric
Color: Light Pink

Note:
Product color may slightly vary due to photographic lighting sources or your device settings.",https://nishatlinen.com/collections/women/products/42402016-1,image_3_652_1.jpg
2 Piece - Printed Embroidered Suit - 42401304,"Rs. 5,130.00 Rs. 3,334.50","Express your personality with confidence by wearing this printed embroidered two-piece from the latest unstitched summer collection. 
Product Detail:
Floral Jaal Prints Style Shirt with Dupatta 
SHIRT
Printed Super Fine Lawn Shirt: 3 Meter
2 Embroidered Borders
Fabric: Lawn
Color: Indigo
DUPATTA
Digital Printed Crinkle Chiffon Dupatta: 2.5 Meter
Fabric: Crinkle Chiffon
Color: Off White
Note:
Product color may slightly vary due to photographic lighting sources or your device settings.",https://nishatlinen.com/products/42401304,"image_3_653_1.jpg, image_3_653_2.jpg, image_3_653_3.jpg"
1 Piece - Digital Printed Loose Fabric - 42403180 - Shirt / 3 / 3,Rs. 830.00 Rs. 540.00,"Create a dreamy look with this digital printed one-piece from the latest freedom to buy summer collection.
Product Detail:
Multi Color Floral Mix Printed Style Shirt 
SHIRT
Shirt: 3 Meter (RS 750/-Mtr)
Fabric: Lawn
Color: Green

Note:
Product color may slightly vary due to photographic lighting sources or your device settings.",https://nishatlinen.com/products/42403180,"image_3_654_1.jpg, image_3_654_2.jpg, image_3_654_3.jpg"
Embroidered Trousers - PE24-235 - XS,"Rs. 2,770.00 Rs. 1,662.00","Upgrade your wardrobe with this embroidered trousers from the latest pret summer collection.
Product Detail
Embroidered Trousers
Trousers
Straight Trousers With Embroidered Hem
Fabric: Cambric
Color: Beige
Note:
Product color may vary slightly due to photographic lighting sources or monitor settings.",https://nishatlinen.com/collections/women/products/pe24-235,"image_3_655_1.jpg, image_3_655_2.jpg, image_3_655_3.jpg"
Embroidered Tunic - AS24-68 - S,"Rs. 4,620.00 Rs. 2,772.00","Improve your style by buying this embroidered tunic from the latest pret summer collection.
Product Detail
Embroidered Tunic
Tunic
Band Neckline With Slit, Embroidered Front & Sleeves, Loose Tunic
Fabric: Yarn Dyed
Color: Sky Blue
Note:
Product color may vary slightly due to photographic lighting sources or monitor settings.",https://nishatlinen.com/products/as24-68,"image_3_656_1.jpg, image_3_656_2.jpg, image_3_656_3.jpg"
2 Piece - Printed Embroidered Suit - 42401770,"Rs. 5,130.00 Rs. 3,334.50","Make your personality rejuvenate by wearing this printed embroidered two-piece from the latest unstitched summer collection.
Product Detail:
Animal Print And Polkas Mix With Flowers Style Shirt with Dupatta
SHIRT
Printed Super Fine Lawn Shirt: 3 Meter
Embroidered Motifs + Border
Fabric: Lawn
Color: Black
DUPATTA
Digital Printed Crinkle Chiffon Dupatta: 2.5 Meter
Fabric: Crinkle Chiffon
Color: Black
Note:
Product color may slightly vary due to photographic lighting sources or your device settings.",https://nishatlinen.com/products/42401770,"image_3_657_1.jpg, image_3_657_2.jpg, image_3_657_3.jpg"
3 Piece - Digital Printed Jacquard Embroidered Suit - 42401179,"Rs. 9,230.00 Rs. 5,999.50","Dress to impress in our digital printed jacquard embroidered three-piece from the latest unstitched summer collection.
Product Detail:
Ethnic Style Shirt with Dupatta and Trousers
SHIRT
Digital Printed Brochia Jacquard Shirt: 3 Meter
Embroidered Motifs + Border
Fabric: Brochia Jacquard
Color: Skin
DUPATTA
Digital Printed Brochia Jacquard Dupatta: 2.5 Meter
Fabric: Brochia Jacquard
Color: Skin
TROUSERS
Dyed Cambric Trousers: 2.5 Meter
Fabric: Cambric
Color: ﻿Skin
Note:
Product color may slightly vary due to photographic lighting sources or your device settings.",https://nishatlinen.com/collections/women/products/42401179,"image_3_658_1.jpg, image_3_658_2.jpg, image_3_658_3.jpg"
3 Piece - Printed Embroidered Suit - 42402041,"Rs. 7,690.00 Rs. 4,998.50","Curate the perfect wardrobe with our printed embroidered three-piece from the latest unstitched summer collection.
Product Detail:
Tie & Dye Textures Style Shirt with Dupatta and Trousers
SHIRT
Printed Super Fine Lawn Shirt: 3 Meter
Embroidered Neckline + Border
Fabric: Lawn
Color: Maroon
DUPATTA
Digital Printed Crinkle Chiffon Dupatta: 2.5 Meter
Fabric: Crinkle Chiffon
Color: Maroon
TROUSERS
Solid Cambric Trousers: 2.5 Meter
Fabric: Cambric
Color: Maroon
Note:
Product color may slightly vary due to photographic lighting sources or your device settings.",https://nishatlinen.com/products/42402041,"image_3_659_1.jpg, image_3_659_2.jpg, image_3_659_3.jpg"
3 Piece - Printed Suit - PS24-198 - XS,"Rs. 8,720.00 Rs. 5,232.00","Radiate positivity and vibrancy in this printed three-piece suit from the latest pret summer collection.
Product Detail
Printed Shirt With Dupatta & Trousers
Shirt
Round Neckline With Slit, Piping & Adda Work Detail
Fabric: Lawn
Color: Orange
Dupatta
Printed Dupatta
Fabric: Net
Color: Orange
Trousers
Loose Straight Trousers
Fabric: Cambric
Color: Orange
Note:
Product color may vary slightly due to photographic lighting sources or monitor settings.",https://nishatlinen.com/products/ps24-198,"image_3_660_1.jpg, image_3_660_2.jpg, image_3_660_3.jpg"
3 Piece - Printed Loose Fabric - 42403018 - Shirt / 3 / 3,Rs. 670.00 Rs. 436.00,"Indulge in sophistication as you drape yourself in this captivating printed three-piece from the latest freedom to buy summer collection.
Product Detail:
Floral Printed Style Shirt with Dupatta and Trousers
SHIRT
Shirt: 3 Meter (RS 730/-Mtr)
Fabric: Lawn
Color: Blue
DUPATTA
Dupatta: 2.5 Meter (RS 750/-Mtr)
Fabric: Voile
Color: Off White
TROUSERS
Trousers: 2.5 Meter (RS 650/-Mtr)
Fabric: Cambric
Color: Blue
Note:
Product color may slightly vary due to photographic lighting sources or your device settings.",https://nishatlinen.com/collections/women/products/42403018,"image_3_661_1.jpg, image_3_661_2.jpg, image_3_661_3.jpg"
1 Piece - Digital Printed Loose Fabric - 42403281 - Shirt / 3 / 3,Rs. 880.00 Rs. 572.00,"Look mesmerizing with this colorful digital Printed one-piece from the latest freedom to buy summer collection.
Product Detail:
Multi Colored Roses Printed Style Shirt
SHIRT
Shirt: 3 Meter (RS 850/-Mtr)
Fabric: Dobby Lawn
Color: Multi
Note:
Product color may slightly vary due to photographic lighting sources or your device settings.",https://nishatlinen.com/products/42403281,"image_3_662_1.jpg, image_3_662_2.jpg, image_3_662_3.jpg"
Printed Shirt - PS24-332 - XS,"Rs. 4,190.00 Rs. 2,514.00","Elevate your daily style with this printed shirt from the latest pret summer collection.
Product Detail
Printed Shirt
Shirt
Band Neckline With Placket & Tassels Detail, Side Panels With Gathers Detail, A-Line Shirt
Fabric: Lawn
Color: Cream
Note:
Product color may vary slightly due to photographic lighting sources or monitor settings.",https://nishatlinen.com/collections/women/products/ps24-332,"image_3_663_1.jpg, image_3_663_2.jpg, image_3_663_3.jpg"
3 Piece - Printed Loose Fabric - 42403156 - Shirt / 3 / 3,Rs. 830.00 Rs. 540.00,"Command attention and leave a lasting impression with this printed three-piece from the latest freedom to buy summer collection.
Product Detail:
Floral Motifs In Shapes And Booti Form Printed Style Shirt with Dupatta and Trousers
SHIRT
Shirt: 3 Meter (RS 730/-Mtr)
Fabric: Lawn
Color: Deep Blue
DUPATTA
Dupatta: 2.5 Meter (RS 750/-Mtr)
Fabric: Voile
Color: Deep Blue
TROUSERS
Trousers: 2.5 Meter (RS 690/-Mtr)
Fabric: Cambric
Color: Deep Blue
Note:
Product color may slightly vary due to photographic lighting sources or your device settings.",https://nishatlinen.com/products/42403156,"image_3_664_1.jpg, image_3_664_2.jpg, image_3_664_3.jpg"
Embroidered Trousers - PE24-397 - XS,"Rs. 2,460.00 Rs. 1,476.00","Style this elegantly designed embroidered trousers from the latest pret summer collection. 
Product Detail
Embroidered Trousers 
Trousers
Loose Straight Trousers With Embroidered Hem 
Fabric: Cambric
Color: Off White
Note:
Product color may vary slightly due to photographic lighting sources or monitor settings.",https://nishatlinen.com/collections/women/products/pe24-397,"image_3_665_1.jpg, image_3_665_2.jpg, image_3_665_3.jpg"
3 Piece - Printed Embroidered Suit - 42402040,"Rs. 7,690.00 Rs. 4,998.50","Create an elegant and lavish look with our printed embroidered three-piece from the latest unstitched summer collection.
Product Detail:
Floral & Lace Patterns Style Shirt with Dupatta and Trousers
SHIRT
Printed Super Fine Lawn Shirt: 3 Meter
Embroidered Motifs + Border
Fabric: Lawn
Color: Sea Green
DUPATTA
Digital Printed Crinkle Chiffon Dupatta: 2.5 Meter
Fabric: Crinkle Chiffon
Color: Sea Green
TROUSERS
Solid Cambric Trousers: 2.5 Meter
Fabric: Cambric
Color: Sea Green
Note:
Product color may slightly vary due to photographic lighting sources or your device settings.",https://nishatlinen.com/collections/women/products/42402040,"image_3_666_1.jpg, image_3_666_2.jpg, image_3_666_3.jpg"
2 Piece - Printed Suit - PE24-340 - XS,"Rs. 4,610.00 Rs. 2,766.00","Look and feel your best by wearing this printed two-piece suit from the latest pret summer collection.
Product Detail
Printed Shirt With Trousers
Shirt
Band Neckline With Buttons Detail On Placket, Box Pleat Detail On Front, High & Low Shirt
Fabric: Cambric
Color: Beige
Trousers
Straight Trousers
Fabric: Cambric
Color: Beige
Note:
Product color may vary slightly due to photographic lighting sources or monitor settings.",https://nishatlinen.com/products/pe24-340,"image_3_667_1.jpg, image_3_667_2.jpg, image_3_667_3.jpg"
1 Piece - Dyed Loose Fabric - 42403097 - Shirt / 3 / 3,Rs. 670.00 Rs. 436.00,"Captivate in majestic featuring dyed one-piece from the latest freedom to buy summer collection.
Product Detail:
Shirt
SHIRT
Shirt: 3 Meter (RS 690/-Mtr)
Fabric: Cambric
Color: White
Note:
Product color may slightly vary due to photographic lighting sources or your device settings.",https://nishatlinen.com/products/42403097,"image_3_668_1.jpg, image_3_668_2.jpg, image_3_668_3.jpg"
2 Piece - Embroidered Suit - PS24-110 - XS,"Rs. 6,690.00 Rs. 4,014.00","Radiate positivity and vibrancy in this embroidered two-piece suit from the latest pret summer collection. 
Product Detail
Embroidered Shirt With Trousers
Shirt
Round Neckline With Slit, Cuffed Sleeves With pearls Detail, Embroidered Front, Round Hem, Straight Shirt
Fabric: Cambric
Color: Blue
Trousers
Fitted Trousers
Fabric: Cambric
Color: Blue
Note:
Product color may vary slightly due to photographic lighting sources or monitor settings.",https://nishatlinen.com/collections/women/products/ps24-110,"image_3_669_1.jpg, image_3_669_2.jpg, image_3_669_3.jpg"
3 Piece - Printed Embroidered Suit - 42401807,"Rs. 7,180.00 Rs. 4,667.00","Make your day magnificent by wearing this printed embroidered three-piece from the latest unstitched summer collection.
Product Detail:
Floral Style Shirt with Dupatta and Trousers
SHIRT
Printed Super Fine Lawn Shirt: 3 Meter
Embroidered Border
Fabric: Lawn
Color: Grey & Black
DUPATTA
Digital Printed Crinkle Chiffon Dupatta: 2.5 Meter
Fabric: Crinkle Chiffon
Color: Grey & Black
TROUSERS
Solid Cambric Trousers: 2.5 Meter
Fabric: Cambric
Color: Grey
Note:
Product color may slightly vary due to photographic lighting sources or your device settings.",https://nishatlinen.com/products/42401807,"image_3_670_1.jpg, image_3_670_2.jpg, image_3_670_3.jpg"
3 Piece - Printed Embroidered Suit - 42401328,"Rs. 11,790.00 Rs. 7,663.50","Immerse yourself in a world of impeccable taste with this printed embroidered three-piece from the latest unstitched summer collection.
Product Detail:
Floral Print With Chiffle Embroidered Style Shirt with Dupatta and Trousers
SHIRT
Printed Embroidered Swiss Lawn Front 
Printed Swiss Lawn Back & Sleeves
Embroidered Organza Sleeves Patch: 1 Meter 
Fabric: Swiss Lawn
Color: Black
DUPATTA
Dyed Embroidered Swiss Voile Dupatta
2 Embroidered Organza Dupatta Pallu Patch
Fabric: Swiss Voile
Color: Black
TROUSERS
Printed Cambric Trousers: 2.5 Meter
Fabric: Cambric
Color: Black
Note:
Product color may slightly vary due to photographic lighting sources or your device settings.",https://nishatlinen.com/products/42401328,"image_3_671_1.jpg, image_3_671_2.jpg, image_3_671_3.jpg"
2 Piece - Printed Suit - 42401726,"Rs. 3,070.00 Rs. 1,995.50","Adorn grace with this printed two-piece from the latest unstitched summer collection.
Product Detail:
Floral Printed Style Shirt with Dupatta
SHIRT
Printed Super Fine Lawn Shirt: 3 Meter
Fabric: Lawn
Color: Green
DUPATTA
Printed Voile Dupatta: 2.5 Meter
Fabric: Voile
Color: Green
Note:
Product color may slightly vary due to photographic lighting sources or your device settings.",https://nishatlinen.com/collections/women/products/42401726,"image_3_672_1.jpg, image_3_672_2.jpg, image_3_672_3.jpg"
2 Piece - Embroidered Suit - PS24-323 - XS,"Rs. 7,790.00 Rs. 4,674.00","Radiate positivity and vibrancy in this embroidered two-piece suit from the latest pret summer collection. 
Product Detail
Embroidered Shirt With Dupatta
Shirt
Round Neckline With Buttons Detail On Piping, Straight Sleeves With Top Stitching, Straight Embroidered Shirt
Fabric: Cambric
Color: Blue
Dupatta
Dupatta With Adda Detailing
Fabric: Lawn
Color: Blue
Note:
Product color may vary slightly due to photographic lighting sources or monitor settings.",https://nishatlinen.com/products/ps24-323,"image_3_673_1.jpg, image_3_673_2.jpg, image_3_673_3.jpg"
2 Piece - Printed Suit - 42401762,"Rs. 3,070.00 Rs. 1,995.50","Make your day memorable with this printed three-piece from the latest unstitched summer collection.
Product Detail:
Animal Prints Style Shirt with Trousers
SHIRT
Printed Super Fine Lawn Shirt: 3 Meter
Fabric: Lawn
Color: Brown
TROUSERS
Printed Cambric Trousers: 2.5 Meter
Fabric: Cambric
Color: Brown
Note:
Product color may slightly vary due to photographic lighting sources or your device settings.",https://nishatlinen.com/collections/women/products/42401762,"image_3_674_1.jpg, image_3_674_2.jpg, image_3_674_3.jpg"
Printed Embroidered Shirt - PE24-348 - XS,"Rs. 4,100.00 Rs. 2,460.00","Radiate confidence and charm with this printed embroidered shirt from the latest pret summer collection.
Product Detail
Printed Embroidered Shirt
Shirt
Band Neckline With Placket & Slit, Embroidered Sleeves
Fabric: Lawn
Color: Light Grey
Note:
Product color may vary slightly due to photographic lighting sources or monitor settings.",https://nishatlinen.com/products/pe24-348,"image_3_675_1.jpg, image_3_675_2.jpg, image_3_675_3.jpg"
3 Piece - Digital Printed Loose Fabric - 42403379 - Shirt / 3 / 3,Rs. 455.00 - Rs. 533.00,"Captivate in majestic featuring digital printed three-piece from the latest freedom to buy summer collection.
Product Detail
Abstract Printed Style Shirt with Dupatta and Trousers 
SHIRT
Shirt: 3 Meter (RS 800/-Mtr) 
Fabric: Lawn
Color: Beige Green
DUPATTA
Dupatta: 2.5 Meter (RS 820/-Mtr) 
Fabric: Voile
Color: Beige Green
TROUSERS
Trousers: 2.5 Meter (RS 700/-Mtr) 
Fabric: Cambric
Color: Beige Green
Note:
Product color may slightly vary due to photographic lighting sources or your device settings.",https://nishatlinen.com/collections/women/products/42403379,"image_3_676_1.jpg, image_3_676_2.jpg, image_3_676_3.jpg"
Printed Shirt - PE24-212 - S,"Rs. 4,100.00 Rs. 2,460.00","Achieve a sophisticated and refined appearance with this printed shirt from the latest pret summer collection.
Product Detail
Printed Shirt
Shirt
Round Neckline With Slit & Adda Work Detail On Piping
Fabric: Lawn
Color: Pink
Note:
Product color may vary slightly due to photographic lighting sources or monitor settings.",https://nishatlinen.com/collections/women/products/pe24-212,"image_3_677_1.jpg, image_3_677_2.jpg, image_3_677_3.jpg"
2 Piece - Printed Suit - PS24-328 - XS / S,"Rs. 5,130.00 Rs. 3,078.00","Create dazzling looks with this printed two-piece suit from the latest pret summer collection.
Product Detail
Printed Kimono Dress With Trousers
Kimono Dress
Round Neckline With V Slit, Printed kimono Dress
Fabric: Cambric
Color: Black
Trousers
Printed Straight Trousers
Fabric: Cambric
Color: Black
Note:
Product color may vary slightly due to photographic lighting sources or monitor settings.",https://nishatlinen.com/products/ps24-328,"image_3_678_1.jpg, image_3_678_2.jpg, image_3_678_3.jpg"
Printed Dress - AS24-15 - XS / S,"Rs. 6,050.00 Rs. 3,630.00","Look and feel your best by wearing this printed dress from the latest pret summer collection. 
Product Detail
Printed Dress
Dress
V Neckline, Gathered Cuff Sleeves With Buttons Detail, String & Tassels Detail At Waistline
Fabric: Lawn
Color: Orange
Note:
Product color may vary slightly due to photographic lighting sources or monitor settings.",https://nishatlinen.com/products/as24-15,"image_3_679_1.jpg, image_3_679_2.jpg, image_3_679_3.jpg"
3 Piece - Digital Printed Embroidered Suit - 42401972,"Rs. 9,740.00 Rs. 6,331.00","Get ultimate glamorous look with this digital printed embroidered three-piece from the latest unstitched summer collection.
Product Detail:
Schiffli Patterns Style Shirt with Dupatta and Trousers
SHIRT
Digital Printed Chicken Kari Shirt: 3 Meter
Fabric: Chicken Kari
Color: Pink
DUPATTA
Digital Printed Voile Dupatta: 2.5 Meter
Fabric: Voile
Color: Pink
TROUSERS
Solid Cambric Trousers: 2.5 Meter
Fabric: Cambric
Color: Pink
Note:
Product color may slightly vary due to photographic lighting sources or your device settings.",https://nishatlinen.com/products/42401972,"image_3_680_1.jpg, image_3_680_2.jpg, image_3_680_3.jpg"
Embroidered Shalwar - PS24-169 - XS,"Rs. 3,070.00 Rs. 1,842.00","Transform your wardrobe with the addition of this exquisite embroidered shalwar from the latest pret summer collection. 
Product Detail
Embroidered Shalwar
Shalwar
Embroidered Hem With Lace Insertion
Fabric: Cambric
Color: Black
Note:
Product color may vary slightly due to photographic lighting sources or monitor settings.",https://nishatlinen.com/collections/women/products/ps24-169,"image_3_681_1.jpg, image_3_681_2.jpg, image_3_681_3.jpg"
3 Piece - Printed Loose Fabric - 42403241 - Shirt / 3 / 3,Rs. 455.00 - Rs. 527.00,"Delight in the magnificence of this printed three-piece from the latest freedom to buy summer collection.
Product Detail:
Watercolor Florals Printed Style Shirt with Dupatta and Trousers
SHIRT
Shirt: 3 Meter (RS 750/-Mtr)
Fabric: Lawn
Color: White & Blue
DUPATTA
Dupatta: 2.5 Meter (RS 780/-Mtr)
Fabric: Voile
Color: White & Blue
TROUSERS
Trousers: 2.5 Meter (RS 680/-Mtr)
Fabric: Cambric
Color: White
Note:
Product color may slightly vary due to photographic lighting sources or your device settings.",https://nishatlinen.com/collections/women/products/42403241,"image_3_682_1.jpg, image_3_682_2.jpg, image_3_682_3.jpg"
3 Piece - Digital & Paste Printed Embroidered Suit - 42401921,"Rs. 13,850.00 Rs. 9,002.50","Create a gleaming statement by wearing this digital & paste printed embroidered three-piece from the latest unstitched summer collection.
Product Detail:
Ethnic Style Shirt with Dupatta and Trousers
SHIRT
Schiffli Embroidered Printed Cambric Front & Back: 2 Meter
Schiffli Embroidered Printed Cambric Sleeves: 0.6 Meter
Fabric: Cambric
Color: Gold
DUPATTA
Digital Printed Chicken Kari Dupatta: 2.5 Meter
Fabric: Chicken Kari
Color: Gold
TROUSERS
White Paste Printed Cambric Trousers: 2.5 Meter
Fabric: Cambric
Color: Gold
Note:
Product color may slightly vary due to photographic lighting sources or your device settings.",https://nishatlinen.com/products/42401921,"image_3_683_1.jpg, image_3_683_2.jpg, image_3_683_3.jpg"
3 Piece - Yarn Dyed Embroidered Suit - 42402173,"Rs. 8,490.00 Rs. 6,792.00","Build your core wardrobe with this yarn dyed embroidered three-piece from the latest unstitched summer collection.
Product Detail:
Yarn Dyed Stripes With Polkas Style Shirt with Dupatta and Trousers
SHIRT
Jacquard Shirt: 3 Meter
2 Embroidered Motifs + Border
Fabric: Jacquard
Color: Black & White
DUPATTA
Yarn Dyed Dupatta: 2.5 Meter
Fabric: Yarn Dyed
Color: Black
TROUSERS
Solid Cambric Trousers: 2.5 Meter
Fabric: Solid Cambric
Color: White
Note:
Product color may slightly vary due to photographic lighting sources or your device settings.",https://nishatlinen.com/products/42402173,"image_3_684_1.jpg, image_3_684_2.jpg, image_3_684_3.jpg"
Basic Tunic - AS24-77 - L,"Rs. 4,310.00 Rs. 2,586.00","Keep yourself comfy with this gorgeous basic tunic from the latest pret summer collection.
Product Detail
Basic Tunic
Tunic
Band Neckline With Embellished Placket, Cuffed Sleeves, Round Hem, Short Tunic
Fabric: Jacquard
Color: Off White
Note:
Product color may vary slightly due to photographic lighting sources or monitor settings.",https://nishatlinen.com/collections/women/products/as24-77,"image_3_685_1.jpg, image_3_685_2.jpg, image_3_685_3.jpg"
3 Piece - Printed Embroidered Suit - 42402072,"Rs. 8,690.00 Rs. 5,648.50","Be yourself fabulous by wearing this printed embroidered three-piece from the latest unstitched summer collection.
Product Detail:
Ethnic Style Shirt with Dupatta and Trousers
SHIRT
Printed Super Fine Lawn Shirt: 3 Meter
Embroidered Neckline + Border
Fabric: Lawn
Color: Lilac
DUPATTA
Digital Printed Fancy Jacquard Dupatta: 2.5 Meter
Fabric: Jacquard
Color: Lilac
TROUSERS
Solid Cambric Trousers: 2.5 Meter
Fabric: Cambric
Color: Lilac
Note:
Product color may slightly vary due to photographic lighting sources or your device settings.",https://nishatlinen.com/collections/women/products/42402072,"image_3_686_1.jpg, image_3_686_2.jpg, image_3_686_3.jpg"
2 Piece - Printed Suit - PE24-286 - XS,"Rs. 6,150.00 Rs. 3,690.00","Look and feel your best by wearing this printed two-piece suit from the latest pret summer collection.
Product Detail
Printed Shirt With Trousers
Shirt
Round Neckline With Slit, Lace Dtail On Sleeves, Pockets At Both Sides
Fabric: Lawn
Color: Maroon
Trousers
Printed Straight Trousers
Fabric: Cambric
Color: Maroon
Note:
Product color may vary slightly due to photographic lighting sources or monitor settings.",https://nishatlinen.com/products/pe24-286,"image_3_687_1.jpg, image_3_687_2.jpg, image_3_687_3.jpg"
1 Piece - Digital Printed Loose Fabric - 42403066 - Shirt / 3 / 3,Rs. 830.00 Rs. 540.00,"An effortless daily summer look with this digital printed one-piece from the latest freedom to buy summer collection.
Product Detail:
Modern Brush Stroke Florals Printed Style Shirt
SHIRT
Shirt: 3 Meter (RS 1090/-Mtr)
Fabric: Lurix Stripe
Color: Pink

Note:
Product color may slightly vary due to photographic lighting sources or your device settings.",https://nishatlinen.com/products/42403066,"image_3_688_1.jpg, image_3_688_2.jpg, image_3_688_3.jpg"
3 Piece - Printed Loose Fabric - 42403160 - Shirt / 3 / 3,Rs. 750.00 Rs. 488.00,"Capture understated glamour and stun with this printed three-piece from the latest freedom to buy summer collection.
Product Detail:
Embellished Patterns Printed Style Shirt with Dupatta and Trousers
SHIRT
Shirt: 3 Meter (RS 730/-Mtr)
Fabric: Lawn
Color: Black
DUPATTA
Dupatta: 2.5 Meter (RS 750/-Mtr)
Fabric: Voile
Color: Black
TROUSERS
Trousers: 2.5 Meter (RS 650/-Mtr)
Fabric: Cambric
Color: Black
Note:
Product color may slightly vary due to photographic lighting sources or your device settings.",https://nishatlinen.com/products/42403160,"image_3_689_1.jpg, image_3_689_2.jpg, image_3_689_3.jpg"
3 Piece - Printed Loose Fabric - 42403043 - Shirt / 3 / 3,Rs. 670.00 Rs. 436.00,"Elevate your daily style with this three-piece from the latest freedom to buy summer collection.
Product Detail:
Floral Printed Style Shirt with Dupatta and Trousers
SHIRT
Shirt: 3 Meter (RS 730/-Mtr)
Fabric: Lawn
Color: ﻿Pink
DUPATTA
Dupatta: 2.5 Meter (RS 750/-Mtr)
Fabric: Voile
Color: Pink
TROUSERS
Trousers: 2.5 Meter (RS 650/-Mtr)
Fabric: Cambric
Color: Off White
Note:
Product color may slightly vary due to photographic lighting sources or your device settings",https://nishatlinen.com/collections/women/products/42403043,"image_3_690_1.jpg, image_3_690_2.jpg, image_3_690_3.jpg"
2 Piece - Embroidered Suit - PS24-323 - XS,"Rs. 7,790.00 Rs. 4,674.00","Radiate positivity and vibrancy in this embroidered two-piece suit from the latest pret summer collection. 
Product Detail
Embroidered Shirt With Dupatta
Shirt
Round Neckline With Buttons Detail On Piping, Straight Sleeves With Top Stitching, Straight Embroidered Shirt
Fabric: Cambric
Color: Blue
Dupatta
Dupatta With Adda Detailing
Fabric: Lawn
Color: Blue
Note:
Product color may vary slightly due to photographic lighting sources or monitor settings.",https://nishatlinen.com/collections/women/products/ps24-323,"image_3_691_1.jpg, image_3_691_2.jpg, image_3_691_3.jpg"
2 Piece - Embroidered Suit - PE24-134 - XS,"Rs. 6,660.00 Rs. 3,996.00","Find the perfect look for you with this embroidered two-piece suit from the latest pret summer collection.
Product Detail
Embroidered Shirt With Dupatta
Shirt
Round Neckline With Pearl Detail, Organza Embroidered Sleeves
Fabric: Lawn
Color: Grey
Dupatta
Tassels Detail At Corners
Fabric: Cambric
Color: Grey
Note:
Product color may vary slightly due to photographic lighting sources or monitor settings.",https://nishatlinen.com/collections/women/products/pe24-134,"image_3_692_1.jpg, image_3_692_2.jpg, image_3_692_3.jpg"
3 Piece - Printed Loose Fabric - 42403121 - Dupatta / 2.5 / 2.5,Rs. 750.00 Rs. 488.00,"Create inspiring admiration look by wearing this printed three-piece from the latest freedom to buy summer collection.
Product Detail:
Geometric With Polkas & Floral Vines Printed Style Shirt with Dupatta and Trousers
SHIRT
Shirt: 3 Meter (RS 730/-Mtr)
Fabric: Lawn
Color: Black
DUPATTA
Dupatta: 2.5 Meter (RS 750/-Mtr)
Fabric: Voile
Color: Black
TROUSERS
Trousers: 2.5 Meter (RS 650/-Mtr)
Fabric: Cambric
Color: Black
Note:
Product color may slightly vary due to photographic lighting sources or your device settings.",https://nishatlinen.com/collections/women/products/42403121,"image_3_693_1.jpg, image_3_693_2.jpg, image_3_693_3.jpg"
3 Piece - Digital Printed Embroidered Suit - 42401971,"Rs. 9,740.00 Rs. 6,331.00","Enhance your charm at day and night outings by wearing this digital printed embroidered three-piece from the latest unstitched summer collection.
Product Detail:
Floral With Laces Style Shirt with Dupatta and Trousers
SHIRT
Digital Printed Chicken Kari Shirt: 3 Meter
Fabric: Chicken Kari
Color: Grey
DUPATTA
Digital Printed Voile Dupatta: 2.5 Meter
Fabric: Voile
Color: Grey
TROUSERS
Solid Cambric Trousers: 2.5 Meter
Fabric: Cambric
Color: Grey
Note:
Product color may slightly vary due to photographic lighting sources or your device settings.",https://nishatlinen.com/collections/women/products/42401971,"image_3_694_1.jpg, image_3_694_2.jpg, image_3_694_3.jpg"
Embroidered Dress - FE24-75 - XS,"Rs. 16,490.00 Rs. 9,894.00","Effortlessly exude sophistication with this embroidered dress from the latest pret summer collection.
Product Detail
Embroidered Dress
Dress
V Neckline, Front Slit At Hem, Loose Style Dress
Fabric: Fancy Polyester
Color: Green
Note:
Product color may vary slightly due to photographic lighting sources or monitor settings.",https://nishatlinen.com/collections/women/products/fe24-75,"image_3_695_1.jpg, image_3_695_2.jpg, image_3_695_3.jpg"
2 Piece - Dyed Embroidered Suit - 42402141,"Rs. 4,290.00 Rs. 3,432.00","Elevate your look with this dyed embroidered two-piece from the latest unstitched summer collection.
Product Detail:
Cross Stitch Style Shirt with Trousers
SHIRT
Solid Cambric Shirt: 3 Meter
Embroidered Front + Sleeves
Fabric: Cambric
Color: Rust
TROUSERS
Solid Cambric Trousers: 2.5 Meter
Fabric: Cambric
Color: Rust
Note:
Product color may slightly vary due to photographic lighting sources or your device settings.",https://nishatlinen.com/collections/women/products/42402141,"image_3_696_1.jpg, image_3_696_2.jpg, image_3_696_3.jpg"
Printed Dress - AS24-83 - XS,"Rs. 5,020.00 Rs. 3,012.00","Create a modish appearance by wearing this printed dress from the latest pret summer collection.
Product Detail
Printed Dress
Dress
Collar Neckline With Placket & Buttons Detail, Gathered Sleeves, Long Dress
Fabric: Viscose Lawn
Color: Yellow
Note:
Product color may vary slightly due to photographic lighting sources or monitor settings.",https://nishatlinen.com/collections/women/products/as24-83,"image_3_697_1.jpg, image_3_697_2.jpg, image_3_697_3.jpg"
2 Piece - Printed Suit - AS24-84 - XS,"Rs. 5,690.00 Rs. 3,414.00","Enhance the value of your clothing for lovely appearance with this printed two-piece suit from the latest pret summer collection.
Product Detail
Dyed Shirt With Printed Trousers
Shirt
Collar Neckline With Placket, Puffed Sleeves
Fabric: Cambric
Color: Green
Trousers
Printed Loose Straight Trousers
Fabric: Cambric
Color: Green
Note:
Product color may vary slightly due to photographic lighting sources or monitor settings.",https://nishatlinen.com/collections/women/products/as24-84,"image_3_698_1.jpg, image_3_698_2.jpg, image_3_698_3.jpg"
3 Piece - Printed Loose Fabric - 42403138 - Dupatta / 2.5 / 2.5,Rs. 830.00 Rs. 540.00,"Feel confident and beautiful every time with this printed three-piece from the latest freedom to buy summer collection.
Product Detail:
Stencil Patterns Printed Style Shirt with Dupatta and Trousers
SHIRT
Shirt: 3 Meter (RS 730/-Mtr)
Fabric: Lawn
Color: Black
Note: Fabric used in shoot for gown is shirt fabric
DUPATTA
Dupatta: 2.5 Meter (RS 750/-Mtr)
Fabric: Voile
Color: Black
TROUSERS
Trousers: 2.5 Meter (RS 650/-Mtr)
Fabric: Cambric
Color: Black
Note:
Product color may slightly vary due to photographic lighting sources or your device settings.",https://nishatlinen.com/collections/women/products/42403138,"image_3_699_1.jpg, image_3_699_2.jpg, image_3_699_3.jpg"
Printed Shirt - PS24-132 - XS,"Rs. 4,100.00 Rs. 2,460.00","Put on your best look by wearing this printed shirt from the latest pret summer collection. 
Product Detail
Printed Shirt
Shirt
Band Neckline with Slit & Adda Work At Placket, Side Panels Detail, Round Hem 
Fabric: Lawn
Color: Sky Blue
Note:
Product color may vary slightly due to photographic lighting sources or monitor settings.",https://nishatlinen.com/collections/women/products/ps24-132,"image_3_700_1.jpg, image_3_700_2.jpg, image_3_700_3.jpg"
Printed Shirt - PS24-351 - XS,"Rs. 4,190.00 Rs. 2,514.00","Elevate your daily style with this printed shirt from the latest pret summer collection.
Product Detail
Printed Shirt 
Shirt
Band Neckline With Placket & Buttons Detail, Lace Detail On Sleeves Openings, Round Hem
Fabric: Lawn
Color: Brick
Note:
Product color may vary slightly due to photographic lighting sources or monitor settings.",https://nishatlinen.com/products/ps24-351,"image_3_701_1.jpg, image_3_701_2.jpg, image_3_701_3.jpg"
Printed Shirt - PE24-228 - XS,"Rs. 3,380.00 Rs. 2,028.00","Look and feel your best by wearing this printed shirt from the latest pret summer collection. 
Product Detail
Printed Shirt
Shirt
Band Neckline With Placket & Slit, Adda Work Detail On Sleeves
Fabric: Lawn
Color: Black
Note:
Product color may vary slightly due to photographic lighting sources or monitor settings.",https://nishatlinen.com/products/pe24-228,"image_3_702_1.jpg, image_3_702_2.jpg, image_3_702_3.jpg"
1 Piece - Dyed Loose Fabric - 42402015-1 - Shirt / 3 / 3,Rs. 670.00 Rs. 436.00,"Create majestic looks with this dyed one-piece from the latest freedom to buy summer collection.
Product Detail:
Shirt
SHIRT
Shirt: 3 Meter (RS 650/-Mtr)
Fabric: Cambric
Color: Dark Pink
Note:
Product color may slightly vary due to photographic lighting sources or your device settings.",https://nishatlinen.com/products/42402015-1,"image_3_703_1.jpg, image_3_703_2.jpg, image_3_703_3.jpg"
Printed Embroidered Shirt - PE24-329 - XS / S,"Rs. 4,300.00 Rs. 2,580.00","Unleash your inner enchantress with this printed embroidered shirt from the latest pret summer collection.
Product Detail
Printed Embroidered Shirt
Shirt
Round Neckline, Embroidered Front
Fabric: Lawn
Color: Orange
Note:
Product color may vary slightly due to photographic lighting sources or monitor settings.",https://nishatlinen.com/products/pe24-329,"image_3_704_1.jpg, image_3_704_2.jpg, image_3_704_3.jpg"
1 Piece - Paste Printed Loose Fabric - 42403089 - Trouser / 2.5 / 2.5,Rs. 670.00 Rs. 436.00,"Redefine your style with paste printed one-piece from the latest freedom to buy summer collection.
Product Detail:
Rose Silhouettes Prints Style Trousers
TROUSERS
Trousers: 2.5 Meter (RS 690/-Mtr)
Fabric: Cambric
Color: White
Note:
Product color may slightly vary due to photographic lighting sources or your device settings.",https://nishatlinen.com/collections/women/products/42403089,"image_3_705_1.jpg, image_3_705_2.jpg, image_3_705_3.jpg"
3 Piece - Digital Printed Embroidered Suit - 42401964,"Rs. 9,740.00 Rs. 6,331.00","Delicate your look with this digital printed embroidered three-piece from the latest unstitched summer collection.
Product Detail:
Floral Chintz & Vines Style Shirt with Dupatta and Trousers
SHIRT
Digital Printed Chicken Kari Shirt: 3 Meter
Fabric: Chicken Kari
Color: Off White
DUPATTA
Digital Printed Voile Dupatta: 2.5 Meter
Fabric: Voile
Color: Off White
TROUSERS
Solid Cambric Trousers: 2.5 Meter
Fabric: Cambric
Color: Off White
Note:
Product color may slightly vary due to photographic lighting sources or your device settings.",https://nishatlinen.com/products/42401964,"image_3_706_1.jpg, image_3_706_2.jpg, image_3_706_3.jpg"
3 Piece - Printed Loose Fabric - 42403173 - Shirt / 3 / 3,Rs. 750.00 Rs. 488.00,"Dive into a world of captivating aesthetics with this printed three-piece from the latest freedom to buy summer collection. 
Product Detail:
Ethnic Printed Style Shirt with Dupatta and Trousers
SHIRT
Shirt: 3 Meter (RS 730/-Mtr)
Fabric: Lawn
Color: Green
DUPATTA
Dupatta: 2.5 Meter (RS 750/-Mtr)
Fabric: Voile
Color: Green
TROUSERS
Trousers: 2.5 Meter (RS 650/-Mtr)
Fabric: Cambric
Color: Green
Note:
Product color may slightly vary due to photographic lighting sources or your device settings.",https://nishatlinen.com/collections/women/products/42403173,"image_3_707_1.jpg, image_3_707_2.jpg, image_3_707_3.jpg"
Basic Shirt - PS24-08 - XS,"Rs. 5,130.00 Rs. 3,078.00","Unleash your inner artist with this basic shirt from the latest pret pre summer collection.
Product Detail
Basic Shirt
Shirt
Band Neckline With Placket, Buttons Detail At Placket, Sleeves & Front Panel, Lace Insertion At Sleeves & Back Yoke, Round Hem
Fabric: Jacquard
Color: Apricot
Note:
Product color may vary slightly due to photographic lighting sources or monitor settings.",https://nishatlinen.com/products/ps24-08,"image_3_708_1.jpg, image_3_708_2.jpg, image_3_708_3.jpg"
Embroidered Tunic - PS24-94 - XS,"Rs. 3,480.00 Rs. 2,088.00","Get the ultimate classy look with this printed tunic from the latest pret summer collection.
Product Detail
Printed Tunic
Tunic
Collar Neckline, Straight Sleeves With Stitches Detail, Embroidered Button Down Tunic
Fabric: Cambric
Color: Brick
Note:
Product color may vary slightly due to photographic lighting sources or monitor settings.",https://nishatlinen.com/collections/women/products/ps24-94,"image_3_709_1.jpg, image_3_709_2.jpg, image_3_709_3.jpg"
3 Piece - Digital Printed Embroidered Suit - 42401784,"Rs. 8,200.00 Rs. 5,330.00","Make your day memorable with this graceful digital printed embroidered three-piece from the latest unstitched summer collection.
Product Detail:
Floral Print Style Shirt with Dupatta and Trousers
SHIRT
Digital Printed Super Fine Lawn Shirt: 3 Meter
Embroidered Motifs + Border
Fabric: Lawn
Color: Black
DUPATTA
Digital Printed Silk Dupatta: 2.5 Meter
Fabric: Silk
Color: Black
TROUSERS
Solid Cambric Trousers: 2.5 Meter
Fabric: Cambric
Color: Black
Note:
Product color may slightly vary due to photographic lighting sources or your device settings.",https://nishatlinen.com/collections/women/products/42401784,"image_3_710_1.jpg, image_3_710_2.jpg, image_3_710_3.jpg"
Basic Shirt - PE24-130 - XS,"Rs. 4,100.00 Rs. 2,460.00","Ease your confusion for styling by wearing this basic shirt from the latest pret summer collection.
Product Detail
Basic Shirt
Shirt
Tassels Detail On Neckline, Top Stitching & Pearl Detail On Sleeves Hem, Box Pleat Detail On Back, Front Open Shirt
Fabric: Cambric
Color: Orange
Note:
Product color may vary slightly due to photographic lighting sources or monitor settings.",https://nishatlinen.com/products/pe24-130,"image_3_711_1.jpg, image_3_711_2.jpg, image_3_711_3.jpg"
3 Piece - Gold Paste Printed Embroidered Suit - 42401892,"Rs. 8,720.00 Rs. 5,668.00","Celebrate timeless elegance in our gold paste printed embroidered three-piece from the latest unstitched summer collection.
Product Detail:
Mughal Style Shirt with Dupatta and Trousers
SHIRT
Gold Paste Printed Super Fine Lawn Shirt: 3 Meter
Embroidered Motifs + Border
Fabric: Lawn
Color: Black
DUPATTA
Gold Paste Printed Lawn Dupatta: 2.5 Meter
Fabric: Lawn
Color: Black
TROUSERS
Dyed Cambric Trousers: 2.5 Meter
Fabric: Cambric
Color: ﻿Black
Note:
Product color may slightly vary due to photographic lighting sources or your device settings.",https://nishatlinen.com/products/42401892,"image_3_712_1.jpg, image_3_712_2.jpg, image_3_712_3.jpg"
3 Piece - Printed Embroidered Suit - 42402028,"Rs. 9,490.00 Rs. 6,168.50","Get special attention is given by wearing this printed embroidered three-piece from the latest unstitched summer collection.
Product Detail:
Floral Style Shirt with Dupatta and Trousers
SHIRT
Printed Super Fine Lawn Shirt: 3 Meter
Embroidered Neckline + Motifs
Fabric: Lawn
Color: Black
DUPATTA
Printed Banarsi Brochia Dupatta: 2.5 Meter
Fabric: Banarsi Brochia
Color: Black
TROUSERS
Solid Cambric Trousers: 2.5 Meter
Fabric: Cambric
Color: Black
Note:
Product color may slightly vary due to photographic lighting sources or your device settings.",https://nishatlinen.com/products/42402028,"image_3_713_1.jpg, image_3_713_2.jpg, image_3_713_3.jpg"
1 Piece - Digital Printed Loose Fabric - 42403352 - Shirt / 3 / 3,Rs. 880.00 Rs. 572.00,"Make an elegant entrance on special occasions in this beautiful digital printed one-piece from the latest freedom to buy summer collection.
Product Detail:
Tie & Dye Textures In Printed Form Shirt 
SHIRT
Shirt: 3 Meter (RS 850/-Mtr)
Fabric: Dobby Lawn
Color: Blue
Note:
Product color may slightly vary due to photographic lighting sources or your device settings.",https://nishatlinen.com/collections/women/products/42403352,"image_3_714_1.jpg, image_3_714_2.jpg, image_3_714_3.jpg"
Embroidered Trousers - PS24-156 - XS,"Rs. 2,560.00 Rs. 1,536.00","Upgrade your wardrobe with this embroidered trousers from the latest pret summer collection. 
Product Detail
Embroidered Trousers
Trousers
Straight Trousers With Embroidered Hem
Fabric: Cambric
Color: Beige
Note:
Product color may vary slightly due to photographic lighting sources or monitor settings.",https://nishatlinen.com/products/ps24-156,"image_3_715_1.jpg, image_3_715_2.jpg, image_3_715_3.jpg"
3 Piece - Embroidered Suit - 42401994,"Rs. 9,740.00 Rs. 6,331.00","Flaunt your style with this embroidered three-piece from the latest unstitched summer collection.
Product Detail:
Shirt with Dupatta & Trousers
SHIRT
Solid Swiss Lawn Shirt: 3 Meter
Embroidered Front + Sleeves + Neckline + Border
Fabric: Swiss Lawn
Color: Off White & Black
DUPATTA
Embroidered Swiss Voile Dupatta: 2.5 Meter
Fabric: Swiss Voile
Color: Off White & Black
TROUSERS
Solid Cambric Trousers: 2.5 Meter
Fabric: Cambric
Color: Off White 
Note:
Product color may slightly vary due to photographic lighting sources or your device settings.",https://nishatlinen.com/collections/women/products/42401994,"image_3_716_1.jpg, image_3_716_2.jpg, image_3_716_3.jpg"
Embroidered Dress - FE24-12 - XS,"Rs. 14,360.00 Rs. 8,616.00","Feel captivating in this unique embroidered dress from the latest pret summer collection.
Product Detail
Embroidered Dress
Dress
V Neckline, Straight Sleeves
Fabric: Polyester & Lakhani Chiffon
Color: Mint
Note:
Product color may vary slightly due to photographic lighting sources or monitor settings.",https://nishatlinen.com/products/fe24-12,"image_3_717_1.jpg, image_3_717_2.jpg, image_3_717_3.jpg"
2 Piece - Digital Printed Embroidered Suit - 42402077,"Rs. 5,990.00 Rs. 3,893.50","Elevate your daily style with this digital printed embroidered two-piece from the latest unstitched summer collection.
Product Detail:
Dotted Style Geometric Patterns Shirt with Trousers
SHIRT
Solid Cambric Shirt: 3 Meter
Embroidered Front + Motifs
Fabric: Cambric
Color: Maroon
TROUSERS
Digital Printed Cambric Trousers: 2.5 Meter
Fabric: Cambric
Color: Maroon
Note:
Product color may slightly vary due to photographic lighting sources or your device settings.",https://nishatlinen.com/products/42402077,"image_3_718_1.jpg, image_3_718_2.jpg, image_3_718_3.jpg"
1 Piece - Digital Printed Loose Fabric - 42403390 - Shirt / 3 / 3,Rs. 750.00 Rs. 488.00,"Uncover the elegance of our digital printed one-piece from the latest freedom to buy summer collection.
Product Detail:
Flowers Printed Style Shirt 
SHIRT
Shirt: 3 Meter (RS 800/-Mtr)
Fabric: Dobby Lawn
Color: White

Note:
Product color may slightly vary due to photographic lighting sources or your device settings.",https://nishatlinen.com/products/42403390,"image_3_719_1.jpg, image_3_719_2.jpg, image_3_719_3.jpg"
3 Piece - Printed Suit - 42401661,"Rs. 5,640.00 Rs. 3,666.00","Get the most stunning look by wearing this printed three-piece from the latest unstitched summer collection.
Product Detail:
Sticker Style Floral Mix Printed Style Shirt with Dupatta and Trousers
SHIRT
Printed Super Fine Lawn Shirt: 3 Meter
Fabric: Lawn
Color: Blue
DUPATTA
Digital Printed Muzlin Dupatta: 2.5 Meter
Fabric: Muzlin
Color: Blue
TROUSERS
Dyed Cambric Trousers: 2.5 Meter
Fabric: Cambric
Color: ﻿Blue
Note:
Product color may slightly vary due to photographic lighting sources or your device settings.",https://nishatlinen.com/collections/women/products/42401661,"image_3_720_1.jpg, image_3_720_2.jpg, image_3_720_3.jpg"
Embroidered Shirt - PE24-49 - XS,"Rs. 4,610.00 Rs. 2,766.00","Look and feel your best by wearing this embroidered shirt from the latest pret summer collection.
Product Detail
Embroidered Shirt
Shirt
Round Neckline With Slit, Embroidered Neckline & Sleeves
Fabric: Cambric
Color: Ferozi
Note:
Product color may vary slightly due to photographic lighting sources or monitor settings.",https://nishatlinen.com/products/pe24-49,"image_3_721_1.jpg, image_3_721_2.jpg, image_3_721_3.jpg"
1 Piece - Gold Printed Loose Fabric - 42403179 - Shirt / 3 / 3,Rs. 830.00 Rs. 540.00,"Transform your beauty into timeless perfection with this gold printed one-piece from the latest freedom to buy summer collection.
Product Detail:
Mughal Motifs Printed Style Shirt
SHIRT
Shirt: 3 Meter (RS 800/-Mtr)
Fabric: Lawn
Color: Sea Green

Note:
Product color may slightly vary due to photographic lighting sources or your device settings.",https://nishatlinen.com/collections/women/products/42403179,"image_3_722_1.jpg, image_3_722_2.jpg, image_3_722_3.jpg"
2 Piece - Printed Suit With Laces - 42401608,"Rs. 5,130.00 Rs. 3,334.50","For a fashionable statement adorn this printed two-piece from the latest unstitched summer collection.
Product Detail:
Floral Silhouettes Printed Style Shirt with Dupatta
SHIRT
Printed Super Fine Lawn Shirt: 3 Meter
1 Lace: 1.25 Meter
1 Lace: 2.5 Meter
Fabric: Lawn
Color: ﻿White
DUPATTA
Digital Printed Banarsi Slub Dupatta: 2.5 Meter
Fabric: Banarsi Slub
Color: Black & White
Note:
Product color may slightly vary due to photographic lighting sources or your device settings.",https://nishatlinen.com/collections/women/products/42401608,"image_3_723_1.jpg, image_3_723_2.jpg, image_3_723_3.jpg"
3 Piece - Printed Loose Fabric - 42403266 - Dupatta / 2.5 / 2.5,Rs. 455.00 - Rs. 527.00,"Add elegance with this printed three-piece from the latest freedom to buy summer collection.
Product Detail:
Block Prints Style Shirt with Dupatta and Trousers
SHIRT
Shirt: 3 Meter (RS 750/-Mtr)
Fabric: Lawn
Color: Green
DUPATTA
Dupatta: 2.5 Meter (RS 780/-Mtr)
Fabric: Voile
Color: Green
TROUSERS
Trousers: 2.5 Meter (RS 680/-Mtr)
Fabric: Cambric
Color: ﻿Green
Note:
Product color may slightly vary due to photographic lighting sources or your device settings.",https://nishatlinen.com/products/42403266,"image_3_724_1.jpg, image_3_724_2.jpg, image_3_724_3.jpg"
Embroidered Trousers - PS24-263 - XS,"Rs. 2,350.00 Rs. 1,410.00","Look adorable by styling this embroidered trousers from the latest pret summer collection.
Product Detail
Embroidered Trousers
Trousers
Embroidered Loose Straight Trousers With Pintucks Detail On Hem
Fabric: Cambric
Color: Off White
Note:
Product color may vary slightly due to photographic lighting sources or monitor settings.",https://nishatlinen.com/products/ps24-263,"image_3_725_1.jpg, image_3_725_2.jpg, image_3_725_3.jpg"
3 Piece - Printed Embroidered Suit - 42401700,"Rs. 8,200.00 Rs. 5,330.00","Glance yourself in this printed embroidered three-piece from the latest unstitched summer collection.
Product Detail:
Polka Dots Prints Style Shirt with Dupatta and Trousers
SHIRT
Printed Super Fine Lawn Shirt: 3 Meter
Embroidered Motifs + Border
Fabric: Lawn
Color: White
DUPATTA
Digital Printed Voile Dupatta: 2.5 Meter
Fabric: Voile
Color: White
TROUSERS
Printed Cambric Trousers: 2.5 Meter
Fabric: Cambric
Color: ﻿White
Note:
Product color may slightly vary due to photographic lighting sources or your device settings.",https://nishatlinen.com/collections/women/products/42401700,"image_3_726_1.jpg, image_3_726_2.jpg, image_3_726_3.jpg"
2 Piece - Printed Embroidered Suit - 42401768,"Rs. 5,130.00 Rs. 3,334.50","Built up your look enlivened in this printed embroidered two-piece from the latest unstitched summer collection.
Product Detail:
Floral Mix Print Style Shirt with Dupatta
SHIRT
Digital Printed Super Fine Lawn Shirt: 3 Meter
Embroidered Neckline + Border
Fabric: Lawn
Color: White
DUPATTA
Digital Printed Crinkle Chiffon Dupatta: 2.5 Meter
Fabric: Crinkle Chiffon
Color: Multi
Note:
Product color may slightly vary due to photographic lighting sources or your device settings.",https://nishatlinen.com/collections/women/products/42401768,"image_3_727_1.jpg, image_3_727_2.jpg, image_3_727_3.jpg"
3 Piece - Embroidered Suit - 42401802,"Rs. 10,770.00 Rs. 7,000.50","Express yourself with an embroidered three-piece from the latest unstitched summer collection.
Product Detail:
Banarsi Style Shirt with Dupatta and Trousers
SHIRT
Solid Satin Shirt: 3 Meter
Embroidered Front + Border
Fabric: Satin
Color: Pink
DUPATTA
Fancy Banarsi Dupatta: 2.5 Meter
Fabric: Banarsi
Color: Pink
TROUSERS
Solid Satin Trousers: 2.5 Meter
Fabric: Satin
Color: Pink
Note:
Product color may slightly vary due to photographic lighting sources or your device settings.",https://nishatlinen.com/products/42401802,"image_3_728_1.jpg, image_3_728_2.jpg, image_3_728_3.jpg"
3 Piece - Printed Embroidered Suit - 42401700,"Rs. 8,200.00 Rs. 5,330.00","Glance yourself in this printed embroidered three-piece from the latest unstitched summer collection.
Product Detail:
Polka Dots Prints Style Shirt with Dupatta and Trousers
SHIRT
Printed Super Fine Lawn Shirt: 3 Meter
Embroidered Motifs + Border
Fabric: Lawn
Color: White
DUPATTA
Digital Printed Voile Dupatta: 2.5 Meter
Fabric: Voile
Color: White
TROUSERS
Printed Cambric Trousers: 2.5 Meter
Fabric: Cambric
Color: ﻿White
Note:
Product color may slightly vary due to photographic lighting sources or your device settings.",https://nishatlinen.com/products/42401700,"image_3_729_1.jpg, image_3_729_2.jpg, image_3_729_3.jpg"
2 Piece - Digital Printed Embroidered Suit - 42402078,"Rs. 5,640.00 Rs. 3,666.00","Enhance your charm at day and night outings by wearing this digital printed embroidered two-piece from the latest unstitched summer collection.
Product Detail:
Floral Silhouettes Prints Style Shirt with Trousers
SHIRT
Solid Cambric Shirt: 3 Meter
Embroidered Front 
Fabric: Cambric
Color: Black & White
TROUSERS
Digital Printed Cambric Trousers: 2.5 Meter
Fabric: Cambric
Color: Black
Note:
Product color may slightly vary due to photographic lighting sources or your device settings.",https://nishatlinen.com/products/42402078,"image_3_730_1.jpg, image_3_730_2.jpg, image_3_730_3.jpg"
3 Piece - Printed Suit - 42401943,"Rs. 7,180.00 Rs. 4,667.00","Upgrade your evening outdoor look with our printed three-piece from the latest unstitched summer collection.
Product Detail:
Ethnic Printed Style Shirt with Dupatta & Trousers
SHIRT
Printed Zari Lawn Shirt: 3 Meter
Fabric: Zari Lawn
Color: Black
DUPATTA
Digital Printed Zari Lawn Dupatta: 2.5 Meter
Fabric: Zari Lawn
Color: Black
TROUSERS
Printed Cambric Trousers: 2.5 Meter
Fabric: Cambric
Color: Black
Note:
Product color may slightly vary due to photographic lighting sources or your device settings.",https://nishatlinen.com/collections/women/products/42401943,"image_3_731_1.jpg, image_3_731_2.jpg, image_3_731_3.jpg"
2 Piece - Printed Suit - 42401960,"Rs. 2,870.00 Rs. 1,865.50","Catch elegance beauty with this printed two-piece from the latest unstitched summer collection.
Product Detail:
Block Printed Style Shirt with Trousers
SHIRT
Printed Super Fine Lawn Shirt: 3 Meter
Fabric: Lawn
Color: Off White
TROUSERS
Solid Cambric Trousers: 2.5 Meter
Fabric: Cambric
Color: Off White
Note:
Product color may slightly vary due to photographic lighting sources or your device settings.",https://nishatlinen.com/products/42401960,"image_3_732_1.jpg, image_3_732_2.jpg, image_3_732_3.jpg"
2 Piece - Embroidered Suit - PE24-133 - XS,"Rs. 6,150.00 Rs. 3,690.00","Revamp your wardrobe with this embroidered two-piece suit from the latest pret summer collection. 
Product Detail
Embroidered Shirt With Trousers
Shirt
Band Neckline With Slit, Embroidered Front & Sleeves Edges, Straight Front Open Shirt
Fabric: Cambric
Color: Peach
Trousers
Straight Trousers
Fabric: Cambric
Color: Peach
Note:
Product color may vary slightly due to photographic lighting sources or monitor settings.",https://nishatlinen.com/collections/women/products/pe24-133,"image_3_733_1.jpg, image_3_733_2.jpg, image_3_733_3.jpg"
3 Piece - Printed Suit - 42401409,"Rs. 6,150.00 Rs. 3,997.50","Embody the enchantment of a timeless muse with this printed three-piece from the latest unstitched summer collection.
Product Detail:
Modern Mix Style Shirt with Dupatta and Trousers
SHIRT
Printed Super Fine Lawn: 3 Meter
Fabric: Lawn
Color: Lime Green
DUPATTA
Digital Printed Banarsi Slub Dupatta: 2.5 Meter
Fabric: Banarsi Slub
Color: Lime Green
TROUSERS
Printed Cambric Trousers: 2.5 Meter
Fabric: Cambric
Color: Lime Green
Note:
Product color may slightly vary due to photographic lighting sources or your device settings.",https://nishatlinen.com/products/42401409,"image_3_734_1.jpg, image_3_734_2.jpg, image_3_734_3.jpg"
3 Piece - Printed Loose Fabric - 42403245 - Dupatta / 2.5 / 2.5,Rs. 455.00 - Rs. 527.00,"Turn every moment into a cherished memory with our elegantly printed three-piece from the latest freedom to buy summer collection.
Product Detail:
Vector Leafy Motifs In Printed Form Shirt with Dupatta and Trousers
SHIRT
Shirt: 3 Meter (RS 750/-Mtr)
Fabric: Lawn
Color: Blue
DUPATTA
Dupatta: 2.5 Meter (RS 780/-Mtr)
Fabric: Voile
Color: Beige
TROUSERS
Trousers: 2.5 Meter (RS 680/-Mtr)
Fabric: Cambric
Color: Blue
Note:
Product color may slightly vary due to photographic lighting sources or your device settings.",https://nishatlinen.com/collections/women/products/42403245,"image_3_735_1.jpg, image_3_735_2.jpg, image_3_735_3.jpg"
2 Piece - Printed Suit - PS24-301 - XS,"Rs. 4,510.00 Rs. 2,706.00","Symbolize your style in this printed two-piece suit from the latest pret summer collection.
Product Detail
Printed Shirt With Trousers
Shirt
Band Neckline, Button Down Straight Shirt
Fabric: Cambric
Color: Multi
Trousers
Loose Trousers
Fabric: Cambric
Color: Multi
Note:
Product color may vary slightly due to photographic lighting sources or monitor settings.",https://nishatlinen.com/collections/women/products/ps24-301,"image_3_736_1.jpg, image_3_736_2.jpg, image_3_736_3.jpg"
Embroidered Tunic - PS24-93 - XS,"Rs. 4,000.00 Rs. 2,400.00","Make a marvelous appearance with this embroidered tunic from the latest pret summer collection.
Product Detail
Embroidered Tunic
Tunic
Band Neckline With Placket, A-Line Embroidered Tunic
Fabric: Cambric
Color: Peach
Note:
Product color may vary slightly due to photographic lighting sources or monitor settings.",https://nishatlinen.com/collections/women/products/ps24-93,"image_3_737_1.jpg, image_3_737_2.jpg, image_3_737_3.jpg"
3 Piece - Printed Embroidered Suit - 42405010,"Rs. 8,720.00 Rs. 5,668.00","Traditional designs enriched with printed embroidered three piece from the latest summer collection.
Product Detail:
Shirt with Dupatta and Trousers
SHIRT
Dyed Cambric Shirt: 3.2 Meter
Embroidered Front + 3 Borders
Fabric: Cambric
Color: Black
DUPATTA
Digital Printed Voile Dupatta: 2.6 Meter
Fabric: Voile
Color: Black
TROUSERS
Dyed Cambric Trousers: 2.5 Meter
Fabric: Cambric
Color: ﻿Black
Note:
Product color may slightly vary due to photographic lighting sources or your device settings.",https://nishatlinen.com/products/42405010,"image_3_738_1.jpg, image_3_738_2.jpg, image_3_738_3.jpg"
3 Piece - Printed Loose Fabric - 42403294 - Dupatta / 2.5 / 2.5,Rs. 880.00 Rs. 572.00,"Be special in this unique printed three-piece from the latest freedom to buy summer collection.
Product Detail:
Floral Print Style Shirt with Dupatta and Trousers 
SHIRT
Shirt: 3 Meter (RS 750/-Mtr)
Fabric: Lawn
Color: Rust
DUPATTA
Dupatta: 2.5 Meter (RS 780/-Mtr)
Fabric: Voile
Color: Rust
TROUSERS
Trousers: 2.5 Meter (RS 680/-Mtr)
Fabric: Cambric
Color: Rust
Note:
Product color may slightly vary due to photographic lighting sources or your device settings.",https://nishatlinen.com/products/42403294,"image_3_739_1.jpg, image_3_739_2.jpg, image_3_739_3.jpg"
3 Piece - Printed Loose Fabric - 42403251 - Shirt / 3 / 3,Rs. 455.00 - Rs. 527.00,"Uncover the timeless elegance of our printed three-piece from the latest freedom to buy summer collection.
Product Detail:
Cross Stitch Florals With Stripes Printed Style Shirt with Dupatta and Trousers
SHIRT
Shirt: 3 Meter (RS 750/-Mtr)
Fabric: Lawn
Color: Red
DUPATTA
Dupatta: 2.5 Meter (RS 780/-Mtr)
Fabric: Voile
Color: Red
TROUSERS
Trousers: 2.5 Meter (RS 680/-Mtr)
Fabric: Cambric
Color: ﻿Red
Note:
Product color may slightly vary due to photographic lighting sources or your device settings.",https://nishatlinen.com/products/42403251,"image_3_740_1.jpg, image_3_740_2.jpg, image_3_740_3.jpg"
Embroidered Shirt - PE24-107 - XS,"Rs. 5,330.00 Rs. 3,198.00","Ease your confusion for styling by wearing this embroidered shirt from the latest pret summer collection.
Product Detail
Embroidered Shirt
Shirt
Round Neckline With Placket, Front Open Shirt, Round Hem
Fabric: Jacquard
Color: Peach
Note:
Product color may vary slightly due to photographic lighting sources or monitor settings.",https://nishatlinen.com/products/pe24-107,"image_3_741_1.jpg, image_3_741_2.jpg, image_3_741_3.jpg"
2 Piece - Printed Suit - 42401588,"Rs. 3,070.00 Rs. 1,995.50","Get the ultimate glamorous look with this printed two-piece from the latest unstitched summer collection.
Product Detail:
Modern Style Daiseys With Polkas Printed Style Shirt with Dupatta
SHIRT
Printed Super Fine Lawn Shirt: 3 Meter
Fabric: Lawn
Color: Orange
DUPATTA
Printed Voile Dupatta: 2.5 Meter
Fabric: Voile
Color: Multi
Note:
Product color may slightly vary due to photographic lighting sources or your device settings.",https://nishatlinen.com/collections/women/products/42401588,"image_3_742_1.jpg, image_3_742_2.jpg, image_3_742_3.jpg"
2 Piece - Jacquard Embroidered Suit - 42402154,"Rs. 6,990.00 Rs. 5,592.00","Look radiant with this jacquard embroidered two-piece from the latest unstitched summer collection.
Product Detail:
Ethnic Style Shirt with Dupatta
SHIRT
Jacquard Shirt: 3 Meter
2 Embroidered Motifs
Fabric: Jacquard
Color: Jet Black
DUPATTA
Jacquard Dupatta: 2.5 Meter
Fabric: Jacquard
Color: Jet Black
Note:
Product color may slightly vary due to photographic lighting sources or your device settings.",https://nishatlinen.com/products/42402154,"image_3_743_1.jpg, image_3_743_2.jpg, image_3_743_3.jpg"
Basic Shirt - PE24-70 - XS,"Rs. 4,100.00 Rs. 2,460.00","Look and feel your best by wearing this basic shirt from the latest pret summer collection.
Product Detail
Basic Shirt
Shirt
Round Neckline, Lace Detail on Sleeves, Gathers Detail Below Yoke With Tassels Detail
Fabric: Cambric
Color: Green
Note:
Product color may vary slightly due to photographic lighting sources or monitor settings.",https://nishatlinen.com/collections/women/products/pe24-70,"image_3_744_1.jpg, image_3_744_2.jpg, image_3_744_3.jpg"
3 Piece - Jacquard Suit - 42402124,"Rs. 9,990.00 Rs. 7,992.00","Upgrade your evening outdoor look with our jacquard three-piece from the latest unstitched summer collection.
Product Detail:
Watercolor Patterns With Lace Motifs Style Shirt with Dupatta and Trousers
SHIRT
Jacquard Shirt: 3 Meter
Fabric: Jacquard
Color: Off White
DUPATTA
Digital Printed Crinkle Chiffon Dupatta: 2.5 Meter
Fabric: Crinkle Chiffon
Color: Light Green
TROUSERS
Jacquard Trousers: 2.5 Meter
Fabric: Jacquard
Color: Off White
Note:
Product color may slightly vary due to photographic lighting sources or your device settings.",https://nishatlinen.com/products/42402124,"image_3_745_1.jpg, image_3_745_2.jpg, image_3_745_3.jpg"
3 Piece - Digital Printed Loose Fabric - 42403324 - Shirt / 3 / 3,Rs. 880.00 Rs. 572.00,"Get a modish look with digital printed three-piece from the latest freedom to buy summer collection.
Product Detail:
Cross Stitch Motifs In Prints Style Shirt with Dupatta and Trousers 
SHIRT
Shirt: 3 Meter (RS 780/-Mtr)
Fabric: Lawn
Color: White
DUPATTA
Dupatta: 2.5 Meter (RS 800/-Mtr)
Fabric: Voile
Color: White
TROUSERS
Trousers: 2.5 Meter (RS 680/-Mtr)
Fabric: Cambric
Color: White
Note:
Product color may slightly vary due to photographic lighting sources or your device settings.",https://nishatlinen.com/products/42403324,"image_3_746_1.jpg, image_3_746_2.jpg, image_3_746_3.jpg"
2-Piece - Embroidered Suit  - PS24-353 - XS,"Rs. 6,690.00 Rs. 4,014.00","Create a statement-making festive look with this embroidered two-piece suit from the latest pret summer collection.
Product Detail
Embroidered Shirt With Trousers
Shirt
Round Neckline, Embroidered Neckline & Sleeves Edges, Straight Shirt
Fabric: Cambric
Color: Green
Trousers
Fitted Trousers
Fabric: Cambric
Color: Green
Note:
Product color may vary slightly due to photographic lighting sources or monitor settings.",https://nishatlinen.com/collections/women/products/ps24-353,"image_3_747_1.jpg, image_3_747_2.jpg, image_3_747_3.jpg"
1 Piece - Digital Printed Loose Fabric - 42403391 - Shirt / 3 / 3,"Rs. 1,120.00 Rs. 728.00","Revitalize your casual look with this digital printed one-piece from the latest freedom to buy summer collection.
Product Detail:
Leafs Printed Style Shirt 
SHIRT
Shirt: 3 Meter (RS 800/-Mtr)
Fabric: Dobby Lawn
Color: Off White

Note:
Product color may slightly vary due to photographic lighting sources or your device settings.",https://nishatlinen.com/products/42403391,"image_3_748_1.jpg, image_3_748_2.jpg, image_3_748_3.jpg"
1 Piece - Digital Printed Loose Fabric - 42403282 - Shirt / 3 / 3,Rs. 455.00 - Rs. 527.00,"Add an elegant touch to your special occasions with this digital printed one-piece from the latest freedom to buy summer collection.
Product Detail:
Palampur Floral Jaal Printed Style Shirt
SHIRT
Shirt: 3 Meter (RS 850/-Mtr)
Fabric: Dobby Lawn
Color: Black
Note:
Product color may slightly vary due to photographic lighting sources or your device settings.",https://nishatlinen.com/collections/women/products/42403282,"image_3_749_1.jpg, image_3_749_2.jpg, image_3_749_3.jpg"
Embroidered Trousers - PS24-160 - XS,"Rs. 2,770.00 Rs. 1,662.00","For a stylish upgrade to your wardrobe, try this embroidered trousers from the latest pret summer collection. 
Product Detail
Embroidered Trousers
Trousers
Loose Straight Trousers With Embroidered Hem
Fabric: Cambric
Color: White
Note:
Product color may vary slightly due to photographic lighting sources or monitor settings.",https://nishatlinen.com/products/ps24-160,"image_3_750_1.jpg, image_3_750_2.jpg, image_3_750_3.jpg"
Embroidered Shirt - PS24-16 - XS,"Rs. 3,790.00 Rs. 2,274.00","Encapsulate your look perfectly by wearing this embroidered shirt from the latest pret summer collection.
Product Detail
Embroidered Shirt
Shirt
Round Neckline with Slit, Embroidered Neckline, Top Stitching Details at Sleeves Opening, and Round Hem
Fabric: Cambric
Color: Yellow
Note:
Product color may vary slightly due to photographic lighting sources or monitor settings.",https://nishatlinen.com/products/ps24-16,"image_3_751_1.jpg, image_3_751_2.jpg, image_3_751_3.jpg"
2 Piece - Printed Suit - PS24-311 - XS,"Rs. 4,510.00 Rs. 2,706.00","Make your look lavish by wearing this printed two-piece suit from the latest pret summer collection.
Product Detail
Printed Shirt With Trousers
Shirt
Round Neckline With Slit, Box Pleats Detail At Front, Classic Shirt
Fabric: Cambric
Color: Navy
Trousers
Straight Trousers
Fabric: Cambric
Color: Navy
Note:
Product color may vary slightly due to photographic lighting sources or monitor settings.",https://nishatlinen.com/products/ps24-311,"image_3_752_1.jpg, image_3_752_2.jpg, image_3_752_3.jpg"
3 Piece - Printed Loose Fabric - 42403274 - Shirt / 3 / 3,Rs. 455.00 - Rs. 527.00,"Illuminate your presence with this printed three-piece from the latest freedom to buy summer collection.
Product Detail:
Kalamkari Patterns With Banarsi Borders Style Shirt with Dupatta and Trousers
SHIRT
Shirt: 3 Meter (RS 750/-Mtr)
Fabric: Lawn
Color: Brown
DUPATTA
Dupatta: 2.5 Meter (RS 780/-Mtr)
Fabric: Voile
Color: Brown
TROUSERS
Trousers: 2.5 Meter (RS 680/-Mtr)
Fabric: Cambric
Color: ﻿Brown
Note:
Product color may slightly vary due to photographic lighting sources or your device settings.",https://nishatlinen.com/products/42403274,"image_3_753_1.jpg, image_3_753_2.jpg, image_3_753_3.jpg"
Embroidered Tunic - PS24-83 - XS,"Rs. 3,590.00 Rs. 2,154.00","Give yourself individuality with a fashionable appearance in this embroidered tunic from the latest pret summer collection.
Product Detail
Embroidered Tunic
Tunic
Round Neckline With Slit, Embroidered Front, Round Hem, Short Tunic
Fabric: Cambric
Color: Brown
Note:
Product color may vary slightly due to photographic lighting sources or monitor settings.",https://nishatlinen.com/products/ps24-83,"image_3_754_1.jpg, image_3_754_2.jpg, image_3_754_3.jpg"
3 Piece - Embroidered Suit - 42401081,"Rs. 9,230.00 Rs. 5,999.50","Revamp your wardrobe with this trendy embroidered three-piece from the latest unstitched summer collection.
Product Detail:
Russian Patterns Style Shirt with Dupatta and Trousers
SHIRT
Dyed Cambric Shirt: 3 Meter
Embroidered Front + Border
Fabric: Cambric
Color: Off White
DUPATTA
Digital Printed Soft Net Dupatta: 2.5 Meter
Fabric: Net
Color: Off White
TROUSERS
Dyed Cambric Trousers: 2.5 Meter
Fabric: Cambric
Color: ﻿Off White
Note:
Product color may slightly vary due to photographic lighting sources or your device settings.",https://nishatlinen.com/products/42401081,"image_3_755_1.jpg, image_3_755_2.jpg, image_3_755_3.jpg"
3 Piece - Printed Loose Fabric - 42403162 - Trouser / 2.5 / 2.5,Rs. 830.00 Rs. 540.00,"Radiate absolute glamour in the exquisitely with this printed three-piece from the latest freedom to buy summer collection.
Product Detail:
Novalty Printed Style Shirt with Dupatta and Trousers
SHIRT
Shirt: 3 Meter (RS 730/-Mtr)
Fabric: Lawn
Color: Indigo
DUPATTA
Dupatta: 2.5 Meter (RS 750/-Mtr)
Fabric: Voile
Color: Indigo
TROUSERS
Trousers: 2.5 Meter (RS 650/-Mtr)
Fabric: Cambric
Color: Indigo
Note:
Product color may slightly vary due to photographic lighting sources or your device settings.",https://nishatlinen.com/collections/women/products/42403162,"image_3_756_1.jpg, image_3_756_2.jpg, image_3_756_3.jpg"
3 Piece - Embroidered Suit - 42401651,"Rs. 9,740.00 Rs. 6,331.00","Make your day magnificent by wearing this embroidered three-piece from the latest unstitched summer collection.
Product Detail:
Floral Style Shirt with Dupatta and Trousers
SHIRT
Dyed Cambric Shirt: 3 Meter
Embroidered Front + Motifs
Fabric: Cambric
Color: Grey
DUPATTA
Digital Printed Organza Chiffon Dupatta: 2.5 Meter
Fabric: Organza Chiffon
Color: White & Grey
TROUSERS
Dyed Cambric Trousers: 2.5 Meter
Fabric: Cambric
Color: Grey
Note:
Product color may slightly vary due to photographic lighting sources or your device settings.",https://nishatlinen.com/products/42401651,"image_3_757_1.jpg, image_3_757_2.jpg, image_3_757_3.jpg"
Embroidered Dress - FS24-56 - XS,"Rs. 7,190.00 Rs. 4,314.00","Go for this flashier and more eye-catching embroidered dress from the latest pret summer collection.
Product Detail
Embroidered Dress
Dress
Round Neckline With Slit & Piping, Embroidered Neckline, Sleeves & Hem, Long Side Slits
Fabric: Yarn Dyed
Color: Plum
Note:
Product color may vary slightly due to photographic lighting sources or monitor settings.",https://nishatlinen.com/collections/women/products/fs24-56,"image_3_758_1.jpg, image_3_758_2.jpg, image_3_758_3.jpg"
1 Piece - Dyed Loose Fabric - 42402003-2 - Trouser / 2.5 / 2.5,Rs. 670.00 Rs. 436.00,"Look classy with this dyed one-piece from the latest freedom to buy summer collection.
Product Detail:
Trousers
TROUSERS
Trousers: 2.5 Meter (RS 650/-Mtr)
Fabric: Cambric
Color: ﻿Steel Grey
Note:
Product color may slightly vary due to photographic lighting sources or your device settings.",https://nishatlinen.com/products/42402003-2,"image_3_759_1.jpg, image_3_759_2.jpg, image_3_759_3.jpg"
Embroidered Shirt - PS24-124 - XS,"Rs. 5,690.00 Rs. 3,414.00","Look and feel your best by wearing this embroidered shirt from the latest pret summer collection.
Product Detail
Embroidered Shirt
Shirt
Round Neckline with V Slit, Embroidered Front & Sleeves
Fabric: Cambric
Color: Black
Note:
Product color may vary slightly due to photographic lighting sources or monitor settings.",https://nishatlinen.com/collections/women/products/ps24-124,"image_3_760_1.jpg, image_3_760_2.jpg, image_3_760_3.jpg"
2 Piece - Printed Embroidered Suit - 42401713,"Rs. 5,640.00 Rs. 3,666.00","Dress up like a princess with this printed embroidered two-piece from the latest unstitched summer collection.
Product Detail:
Floral Prints Style Shirt with Dupatta
SHIRT
Printed Super Fine Lawn Shirt: 3 Meter
Embroidered Border
Fabric: Lawn
Color: Black
DUPATTA
Digital Printed Zari Chiffon Dupatta: 2.5 Meter
Fabric: Chiffon
Color: Black
Note:
Product color may slightly vary due to photographic lighting sources or your device settings.",https://nishatlinen.com/collections/women/products/42401713,"image_3_761_1.jpg, image_3_761_2.jpg, image_3_761_3.jpg"
2 Piece - Basic Suit - PS24-106 - XS,"Rs. 6,690.00 Rs. 4,014.00","Create effortlessly elegant & stylish looks with this basic two-piece suit from the latest pret summer collection. 
Product Detail
Basic Shirt With Dupatta
Shirt
High V Neckline With Overlap Placket, Top Stitching Detail On Sleeves, Basic Shirt
Fabric: Cambric
Color: Pink
Dupatta
Gold Stripe Dupatta
Fabric: Silk
Color: Pink
Note:
Product color may vary slightly due to photographic lighting sources or monitor settings.",https://nishatlinen.com/products/ps24-106,"image_3_762_1.jpg, image_3_762_2.jpg, image_3_762_3.jpg"
Embroidered Trousers - PE24-253 - XS,"Rs. 2,560.00 Rs. 1,536.00","Upgrade your wardrobe with this embroidered trousers from the latest pret summer collection.
Product Detail
Embroidered Trousers
Trousers
Straight Trousers With Embroidered Hem
Fabric: Cambric
Color: Black
Note:
Product color may vary slightly due to photographic lighting sources or monitor settings.",https://nishatlinen.com/products/pe24-253,"image_3_763_1.jpg, image_3_763_2.jpg, image_3_763_3.jpg"
2 Piece - Printed Embroidered Suit - 42401284,"Rs. 4,610.00 Rs. 2,996.50","Get an ultimate classy and summery look with this printed embroidered two-piece from the latest unstitched summer collection.
Product Detail:
Floral Prints Style Shirt with Trousers
SHIRT
Printed Super Fine Lawn Shirt: 3 Meter
Embroidered Border
Fabric: Lawn
Color: Light Green
TROUSERS
Printed Cambric Trousers: 2.5 Meter
Fabric: Cambric
Color: Light Green
Note:
Product color may slightly vary due to photographic lighting sources or your device settings.",https://nishatlinen.com/collections/women/products/42401284,"image_3_764_1.jpg, image_3_764_2.jpg, image_3_764_3.jpg"
1 Piece - Dyed Loose Fabric - 42402014-1 - Shirt / 3 / 3,Rs. 670.00 Rs. 436.00,"Enter into a summer wonderland with this dyed one-piece from the latest freedom to buy summer collection.
Product Detail:
Shirt
SHIRT
Shirt: 3 Meter (RS 650/-Mtr)
Fabric: Cambric
Color: Dusty Mauve
Note:
Product color may slightly vary due to photographic lighting sources or your device settings.",https://nishatlinen.com/products/42402014-1,"image_3_765_1.jpg, image_3_765_2.jpg, image_3_765_3.jpg"
3 Piece - Embroidered Suit - 42401082,"Rs. 9,230.00 Rs. 5,999.50","Make you look flawless on your special days by wearing an embroidered three-piece from the latest unstitched summer collection.
Product Detail:
Ethnic Floral With Paisleys Style Shirt with Dupatta and Trousers
SHIRT
Embroidered Cambric Front: 1.15 Meter
Dyed Cambric Back & Sleeves: 1.85 Meter
Embroidered Border
Fabric: Cambric
Color: Pink
DUPATTA
Digital Printed Soft Net Dupatta: 2.5 Meter
Fabric: Net
Color: Pink
TROUSERS
Dyed Cambric Trousers: 2.5 Meter
Fabric: Cambric
Color: ﻿Pink
Note:
Product color may slightly vary due to photographic lighting sources or your device settings.",https://nishatlinen.com/collections/women/products/42401082,"image_3_766_1.jpg, image_3_766_2.jpg, image_3_766_3.jpg"
3 Piece - Embroidered Suit - 42401694,"Rs. 8,720.00 Rs. 5,668.00","Exude grace with this embroidered three-piece from the latest unstitched summer collection.
Product Detail:
Bold Peony Style Shirt with Dupatta and Trousers
SHIRT
Dyed Cambric Shirt: 3 Meter
Embroidered Front + Sleeves
Fabric: Cambric
Color: Light Pink
DUPATTA
Digital Printed Crinkle Chiffon Dupatta: 2.5 Meter
Fabric: Crinkle Chiffon
Color: Red
TROUSERS
Dyed Cambric Trousers: 2.5 Meter
Fabric: Cambric
Color: ﻿Light Pink
Note:
Product color may slightly vary due to photographic lighting sources or your device settings.",https://nishatlinen.com/collections/women/products/42401694,"image_3_767_1.jpg, image_3_767_2.jpg, image_3_767_3.jpg"
2 Piece - Dyed Embroidered Suit - 42401735,"Rs. 5,640.00 Rs. 3,666.00","Be yourself fabulous by wearing this dyed embroidered two-piece from the latest unstitched summer collection.
Product Detail:
Shirt with Trousers
SHIRT
Solid Cambric Shirt: 3 Meter
Embroidered Front + Border
Fabric: Cambric
Color: Blue
TROUSERS
Solid Cambric Trousers: 2.5 Meter
Fabric: Cambric
Color: Blue
Note:
Product color may slightly vary due to photographic lighting sources or your device settings.",https://nishatlinen.com/collections/women/products/42401735,"image_3_768_1.jpg, image_3_768_2.jpg, image_3_768_3.jpg"
3 Piece - Printed Loose Fabric - 42403248 - Shirt / 3 / 3,Rs. 455.00 - Rs. 527.00,"Capture hearts effortlessly with our printed three-piece from the latest freedom to buy summer collection.
Product Detail:
Modern Bubble Patterns In Printed Form Shirt with Dupatta and Trousers
SHIRT
Shirt: 3 Meter (RS 750/-Mtr)
Fabric: Lawn
Color: Pink & White
DUPATTA
Dupatta: 2.5 Meter (RS 780/-Mtr)
Fabric: Voile
Color: Pink & White
TROUSERS
Trousers: 2.5 Meter (RS 680/-Mtr)
Fabric: Cambric
Color: White
Note:
Product color may slightly vary due to photographic lighting sources or your device settings.",https://nishatlinen.com/products/42403248,"image_3_769_1.jpg, image_3_769_2.jpg, image_3_769_3.jpg"
1 Piece - Digital Printed Loose Fabric - 42403196 - Shirt / 3 / 3,Rs. 830.00 Rs. 540.00,"Make your day memorable by wearing this printed one-piece from the latest freedom to buy summer collection.
Product Detail:
Geometric Jaal Printed Style Shirt 
SHIRT
Shirt: 3 Meter (RS 830/-Mtr)
Fabric: Dobby Lawn
Color: Deep Pink

Note:
Product color may slightly vary due to photographic lighting sources or your device settings.",https://nishatlinen.com/collections/women/products/42403196,"image_3_770_1.jpg, image_3_770_2.jpg, image_3_770_3.jpg"
2 Piece - Printed Suit - 42401959,"Rs. 2,870.00 Rs. 1,865.50","Collect unique stuff to your wardrobe with printed two-piece from the latest unstitched summer collection.
Product Detail:
Block Printed Style Shirt with Trousers
SHIRT
Printed Super Fine Lawn Shirt: 3 Meter
Fabric: Lawn
Color: Off White
TROUSERS
Solid Cambric Trousers: 2.5 Meter
Fabric: Cambric
Color: Off White
Note:
Product color may slightly vary due to photographic lighting sources or your device settings.",https://nishatlinen.com/collections/women/products/42401959,"image_3_771_1.jpg, image_3_771_2.jpg, image_3_771_3.jpg"
Basic Dress - FE24-66 - XS,"Rs. 7,180.00 Rs. 4,308.00","Unlock the secret language of style by wearing this basic dress from the latest pret summer collection.
Product Detail
Basic Dress
Dress
Band Neckline, Front Long Placket, Sleeves Without Seam, Lace Detail On Sleeves Openings & Front Yoke
Fabric: Yarn Dyed
Color: Green
Note:
Product color may vary slightly due to photographic lighting sources or monitor settings.",https://nishatlinen.com/collections/women/products/fe24-66,"image_3_772_1.jpg, image_3_772_2.jpg, image_3_772_3.jpg"
Printed Shirt - PS24-248 - XS,"Rs. 4,100.00 Rs. 2,460.00","Brighten up your wardrobe with this printed shirt from the latest pret summer collection.
Product Detail
Printed Shirt
Shirt
Band Neckline, Button Down Flared Shirt
Fabric: Lawn
Color: Green
Note:
Product color may vary slightly due to photographic lighting sources or monitor settings.",https://nishatlinen.com/products/ps24-248,"image_3_773_1.jpg, image_3_773_2.jpg, image_3_773_3.jpg"
3 Piece - Printed Loose Fabric - 42403254 - Shirt / 3 / 3,Rs. 455.00 - Rs. 527.00,"Revitalize your casual look with this printed three-piece from the latest freedom to buy summer collection.
Product Detail:
Geometric With Floral Prints Style Shirt with Dupatta and Trousers
SHIRT
Shirt: 3 Meter (RS 750/-Mtr)
Fabric: Lawn
Color: Off White
DUPATTA
Dupatta: 2.5 Meter (RS 780/-Mtr)
Fabric: Voile
Color: Multi
TROUSERS
Trousers: 2.5 Meter (RS 680/-Mtr)
Fabric: Cambric
Color: Off White
Note:
Product color may slightly vary due to photographic lighting sources or your device settings.",https://nishatlinen.com/products/42403254,"image_3_774_1.jpg, image_3_774_2.jpg, image_3_774_3.jpg"
3 Piece - Digital Printed Embroidered Suit - 42401968,"Rs. 9,740.00 Rs. 6,331.00","Look impressive ensembles with this digital printed embroidered three-piece from the latest unstitched summer collection.
Product Detail:
Floral With Laces Style Shirt with Dupatta and Trousers
SHIRT
Digital Printed Chicken Kari Shirt: 3 Meter
Fabric: Chicken Kari
Color: Orchid
DUPATTA
Digital Printed Voile Dupatta: 2.5 Meter
Fabric: Voile
Color: Orchid
TROUSERS
Solid Cambric Trousers: 2.5 Meter
Fabric: Cambric
Color: Orchid
Note:
Product color may slightly vary due to photographic lighting sources or your device settings.",https://nishatlinen.com/products/42401968,"image_3_775_1.jpg, image_3_775_2.jpg, image_3_775_3.jpg"
3 Piece - Printed Embroidered Suit - 42401558,"Rs. 8,720.00 Rs. 5,668.00","Add a fashion-forward vibe to your everyday look with this digital printed embroidered three-piece from the latest unstitched summer collection.
Product Detail:
Geometric With Stencil Patterns Style Shirt with Dupatta and Trousers
SHIRT
Digital Printed Zari Lawn Shirt: 3 Meter
2 Embroidered Motifs + Border
Fabric: Lawn
Color: Beige & Black
DUPATTA
Digital Printed Zari Lawn Dupatta: 2.5 Meter
Fabric: Lawn
Color: Beige & Black
TROUSERS
Dyed Cambric Trousers: 2.5 Meter
Fabric: Cambric
Color: Beige
Note:
Product color may slightly vary due to photographic lighting sources or your device settings.",https://nishatlinen.com/collections/women/products/42401558,"image_3_776_1.jpg, image_3_776_2.jpg, image_3_776_3.jpg"
Embroidered Trousers - PE24-395 - XS,"Rs. 2,250.00 Rs. 1,350.00","Add a touch of magic and glamour to your wardrobe with this embroidered trousers from the latest pret summer collection. 
Product Detail
Embroidered Trousers
Trousers
Loose Straight Trousers With Embroidered Hem
Fabric: Cambric
Color: Off White
Note:
Product color may vary slightly due to photographic lighting sources or monitor settings.",https://nishatlinen.com/products/pe24-395,"image_3_777_1.jpg, image_3_777_2.jpg, image_3_777_3.jpg"
Embroidered Trousers - PS24-152 - XS,"Rs. 2,770.00 Rs. 1,662.00","Elevate your fashion game with this embroidered trousers from the latest pret summer collection.
Product Detail
Embroidered Trousers
Trousers
Loose Straight Trousers With Embroidered Hem
Fabric: Cambric
Color: Off White
Note:
Product color may vary slightly due to photographic lighting sources or monitor settings.",https://nishatlinen.com/products/ps24-152,"image_3_778_1.jpg, image_3_778_2.jpg, image_3_778_3.jpg"
2 Piece - Embroidered Suit - PE24-92 - XS,"Rs. 7,180.00 Rs. 4,308.00","Add a layer of glamour to your summer outfit with this embroidered two-piece suit from the latest pret summer collection. 
Product Detail
Embroidered Shirt With Dupatta
Shirt
Round Neckline, Embroidered Neckline & Sleeves
Fabric: Cambric
Color: Purple
Dupatta
Fabric: Chiffon
Color: Purple
Note:
Product color may vary slightly due to photographic lighting sources or monitor settings.",https://nishatlinen.com/products/pe24-92,"image_3_779_1.jpg, image_3_779_2.jpg, image_3_779_3.jpg"
3 Piece - Printed Suit - 42401852,"Rs. 6,150.00 Rs. 3,997.50","Refresh your wardrobe with this printed three-piece from the latest unstitched summer collection.
Product Detail:
Embroidered Style Baroque Floral Mix Style Shirt with Dupatta & Trousers
SHIRT
Printed Lawn Shirt: 3 Meter
Fabric: Lawn
Color: Brown
DUPATTA
Digital Printed Zari Lawn Dupatta: 2.5 Meter
Fabric: Zari Lawn
Color: Brown
TROUSERS
Dyed Cambric Trousers: 2.5 Meter
Fabric: Cambric
Color: Deep Brown
Note:
Product color may slightly vary due to photographic lighting sources or your device settings.",https://nishatlinen.com/collections/women/products/42401852,"image_3_780_1.jpg, image_3_780_2.jpg, image_3_780_3.jpg"
2 Piece - Jacquard Embroidered Suit - 42401750,"Rs. 7,180.00 Rs. 4,667.00","Be prepared to look dreamy with jacquard embroidered two-piece from the latest unstitched summer collection.
Product Detail:
Shirt with Trousers
SHIRT
Jacquard Shirt: 3 Meter
2 Embroidered Motifs + Border
Fabric: Jacquard
Color: Red
TROUSERS
Solid Cambric Trousers: 2.5 Meter
Fabric: Cambric
Color: Red
Note:
Product color may slightly vary due to photographic lighting sources or your device settings.",https://nishatlinen.com/collections/women/products/42401750,"image_3_781_1.jpg, image_3_781_2.jpg, image_3_781_3.jpg"
2 Piece - Printed Suit With Laces - 42401601,"Rs. 5,130.00 Rs. 3,334.50","Make your day magnificent by wearing this printed two-piece from the latest unstitched summer collection.
Product Detail:
Laces Printed Style Shirt with Dupatta
SHIRT
Printed Super Fine Lawn Shirt: 3 Meter
1 Lace: 1.25 Meter
1 Lace: 2.5 Meter
Fabric: Lawn
Color: Yellow
DUPATTA
Digital Printed Banarsi Slub Dupatta: 2.5 Meter
Fabric: Banarsi Slub
Color: ﻿Yellow
Note:
Product color may slightly vary due to photographic lighting sources or your device settings.",https://nishatlinen.com/collections/women/products/42401601,"image_3_782_1.jpg, image_3_782_2.jpg, image_3_782_3.jpg"
1 Piece - Digital Printed Loose Fabric - 42403350 - Shirt / 3 / 3,Rs. 880.00 Rs. 572.00,"Make an elegant entrance on special occasions in this beautiful digital printed one-piece from the latest freedom to buy summer collection.
Product Detail:
Floral Printed Style Shirt 
SHIRT
Shirt: 3 Meter (RS 850/-Mtr)
Fabric: Dobby Lawn
Color: White
Note:
Product color may slightly vary due to photographic lighting sources or your device settings.",https://nishatlinen.com/products/42403350,"image_3_783_1.jpg, image_3_783_2.jpg, image_3_783_3.jpg"
3 Piece - Printed Embroidered Suit - 42402131,"Rs. 10,490.00 Rs. 8,392.00","Endless look from our trendiest printed embroidered three-piece from the latest unstitched summer collection.
Product Detail:
Paisleys Style Shirt with Dupatta and Trousers
SHIRT
Printed Slub Cambric Shirt: 3 Meter
Embroidered Front Panel + Border
Fabric: Cambric
Color: Light Greenish Blue
DUPATTA
Printed Fancy Brochia Dupatta: 2.5 Meter
Fabric: Fancy Brochia
Color: Light Greenish Blue
TROUSERS
Solid Cambric Trousers: 2.5 Meter
Fabric: Cambric
Color: Light Greenish Blue
Note:
Product color may slightly vary due to photographic lighting sources or your device settings.",https://nishatlinen.com/collections/women/products/42402131,"image_3_784_1.jpg, image_3_784_2.jpg, image_3_784_3.jpg"
3 Piece - Digital Printed Jacquard Embroidered Suit - 42401178,"Rs. 9,230.00 Rs. 5,999.50","Dress to impress in our digital printed jacquard embroidered three-piece from the latest unstitched summer collection.
Product Detail:
Abstract Floral Style Shirt with Dupatta and Trousers
SHIRT
Digital Printed Brochia Jacquard Shirt: 3 Meter
Embroidered Neckline + Border
Fabric: Brochia Jacquard
Color: Pink
DUPATTA
Digital Printed Brochia Jacquard Dupatta: 2.5 Meter
Fabric: Brochia Jacquard
Color: Pink & White
TROUSERS
Dyed Cambric Trousers: 2.5 Meter
Fabric: Cambric
Color: ﻿Pink 
Note:
Product color may slightly vary due to photographic lighting sources or your device settings.",https://nishatlinen.com/collections/women/products/42401178,"image_3_785_1.jpg, image_3_785_2.jpg, image_3_785_3.jpg"
3 Piece - Digital Printed Loose Fabric - 42403134 - Shirt / 3 / 3,Rs. 830.00 Rs. 540.00,"Exude elegance in this digital printed three-piece from the latest freedom to buy summer collection.
Product Detail:
Textured Florals Printed Style Shirt with Dupatta and Trousers
SHIRT
Shirt: 3 Meter (RS 750/-Mtr)
Fabric: Lawn
Color: Dark Blue
DUPATTA
Dupatta: 2.5 Meter (RS 780/-Mtr)
Fabric: Voile
Color: Dark Blue
TROUSERS
Trousers: 2.5 Meter (RS 650/-Mtr)
Fabric: Cambric
Color: Dark Blue
Note:
Product color may slightly vary due to photographic lighting sources or your device settings.",https://nishatlinen.com/products/42403134,"image_3_786_1.jpg, image_3_786_2.jpg, image_3_786_3.jpg"
3 Piece - Printed Loose Fabric - 42403139 - Shirt / 3 / 3,Rs. 830.00 Rs. 540.00,"Immerse yourself in a symphony of elegance and style with this printed three-piece from the latest freedom to buy summer collection.
Product Detail:
Ethnic Printed Style Shirt with Dupatta and Trousers
SHIRT
Shirt: 3 Meter (RS 730/-Mtr)
Fabric: Lawn
Color: Red
DUPATTA
Dupatta: 2.5 Meter (RS 750/-Mtr)
Fabric: Voile
Color: Red
TROUSERS
Trousers: 2.5 Meter (RS 650/-Mtr)
Fabric: Cambric
Color: Red
Note:
Product color may slightly vary due to photographic lighting sources or your device settings.",https://nishatlinen.com/collections/women/products/42403139,"image_3_787_1.jpg, image_3_787_2.jpg, image_3_787_3.jpg"
3 Piece - Jacquard Embroidered Suit - 42401928,"Rs. 8,720.00 Rs. 5,668.00","Built up your look enlivened in this jacquard embroidered three-piece from the latest unstitched summer collection.
Product Detail:
Ethnic Embroidered Patterns Style Shirt with Dupatta and Trousers
SHIRT
Jacquard Shirt: 3 Meter
Embroidered Neckline + Border
Fabric: Jacquard
Color: Red
DUPATTA
Digital Printed Zari Lawn Dupatta: 2.5 Meter
Fabric: Zari Lawn
Color: Red
TROUSERS
Solid Cambric Trousers: 2.5 Meter
Fabric: Cambric
Color: Red
Note:
Product color may slightly vary due to photographic lighting sources or your device settings.",https://nishatlinen.com/products/42401928,"image_3_788_1.jpg, image_3_788_2.jpg, image_3_788_3.jpg"
2 Piece - Printed Suit - 42401637,"Rs. 3,590.00 Rs. 2,333.50","Preserve your beautiful memories by wearing this printed two-piece from the latest unstitched summer collection.
Product Detail:
Allover Floral Jaal Printed Style Shirt with Dupatta
SHIRT
Printed Super Fine Lawn Shirt: 3 Meter
Fabric: Lawn
Color: Black
DUPATTA
Digital Printed Crinkle Chiffon Dupatta: 2.5 Meter
Fabric: Crinkle Chiffon
Color: ﻿Black
Note:
Product color may slightly vary due to photographic lighting sources or your device settings.",https://nishatlinen.com/collections/women/products/42401637,"image_3_789_1.jpg, image_3_789_2.jpg, image_3_789_3.jpg"
3 Piece - Printed Loose Fabric - 42403050 - Dupatta / 2.5 / 2.5,Rs. 670.00 Rs. 436.00,"Brighten up your wardrobe with this printed three-piece from the latest freedom to buy summer collection.
Product Detail:
Block Print Style Trees Printed Style Shirt with Dupatta and Trousers
SHIRT
Shirt: 3 Meter (RS 730/-Mtr)
Fabric: Lawn
Color: Pastel Mint
DUPATTA
Dupatta: 2.5 Meter (RS 750/-Mtr)
Fabric: Voile
Color: Pastel Mint
TROUSERS
Trousers: 2.5 Meter (RS 650/-Mtr)
Fabric: Cambric
Color: ﻿Pastel Mint
Note:
Product color may slightly vary due to photographic lighting sources or your device settings.",https://nishatlinen.com/collections/women/products/42403050,"image_3_790_1.jpg, image_3_790_2.jpg, image_3_790_3.jpg"
2 Piece - Printed Suit - PS24-328 - XS / S,"Rs. 5,130.00 Rs. 3,078.00","Create dazzling looks with this printed two-piece suit from the latest pret summer collection.
Product Detail
Printed Kimono Dress With Trousers
Kimono Dress
Round Neckline With V Slit, Printed kimono Dress
Fabric: Cambric
Color: Black
Trousers
Printed Straight Trousers
Fabric: Cambric
Color: Black
Note:
Product color may vary slightly due to photographic lighting sources or monitor settings.",https://nishatlinen.com/collections/women/products/ps24-328,"image_3_791_1.jpg, image_3_791_2.jpg, image_3_791_3.jpg"
2 Piece - Embroidered Suit - PS24-71 - XS,"Rs. 7,690.00 Rs. 4,614.00","Unleash your inner artist with this exquisite embroidered two-piece suit from the latest pret summer collection.
Product Detail
Embroidered Shirt With Dupatta
Shirt
Band Neckline With Button Details on Placket, Embroidered Front Both Panels, Button Down Shirt
Fabric: Cambric
Color: Hot Pink
Dupatta
Adda Work Detail
Fabric: Jacquard
Color: Hot Pink
Note:
Product color may vary slightly due to photographic lighting sources or monitor settings.",https://nishatlinen.com/collections/women/products/ps24-71,"image_3_792_1.jpg, image_3_792_2.jpg, image_3_792_3.jpg"
3 Piece - Digital Printed Loose Fabric - 42403381 - Shirt / 3 / 3,Rs. 455.00 - Rs. 533.00,"Elevate your style and embrace sophistication with this alluring digital printed three-piece from the latest freedom to buy summer collection.
Product Detail
Kashmiri Paisleys Printed Style Shirt with Dupatta and Trousers 
SHIRT
Shirt: 3 Meter (RS 800/-Mtr) 
Fabric: Lawn
Color: Black
DUPATTA
Dupatta: 2.5 Meter (RS 820/-Mtr) 
Fabric: Voile
Color: Black
TROUSERS
Trousers: 2.5 Meter (RS 700/-Mtr) 
Fabric: Cambric
Color: Black
Note:
Product color may slightly vary due to photographic lighting sources or your device settings.",https://nishatlinen.com/products/42403381,"image_3_793_1.jpg, image_3_793_2.jpg, image_3_793_3.jpg"
1 Piece - Paste Printed Loose Fabric - 42403086 - Trouser / 2.5 / 2.5,Rs. 670.00 Rs. 436.00,"Encapsulate the essence of modern and timeless refinement with our paste printed one-piece from the latest freedom to buy summer collection.
Product Detail
Kantha Stitch Motifs Prints Style Trousers
TROUSERS
Trousers: 2.5 Meter (RS 690/-Mtr)
Fabric: Cambric
Color: White
Note:
Product color may slightly vary due to photographic lighting sources or your device settings.",https://nishatlinen.com/collections/women/products/42403086,"image_3_794_1.jpg, image_3_794_2.jpg, image_3_794_3.jpg"
1 Piece - Dyed Loose Fabric - 42402011-1 - Shirt / 3 / 3,Rs. 670.00 Rs. 436.00,"Unveil your summer glow in our carefully curated, dyed one-piece from the latest freedom to buy summer collection.
Product Detail:
Shirt
SHIRT
Shirt: 3 Meter (RS 650/-Mtr)
Fabric: Cambric
Color: Caramel
Note:
Product color may slightly vary due to photographic lighting sources or your device settings.",https://nishatlinen.com/products/42402011-1,"image_3_795_1.jpg, image_3_795_2.jpg, image_3_795_3.jpg"
2 Piece - Embroidered Suit - PE24-148 - XS,"Rs. 9,230.00 Rs. 5,538.00","Find the perfect look for you with this embroidered two-piece suit from the latest pret summer collection. 
Product Detail
Embroidered Shirt With Dupatta
Shirt
Band Neckline With Slit, Beads Detail On Embroidered Neckline & Sleeves
Fabric: Cambric
Color: Pink 
Dupatta
Fabric: Jacquard
Color: Pink
Note:
Product color may vary slightly due to photographic lighting sources or monitor settings. ",https://nishatlinen.com/products/pe24-148,"image_3_796_1.jpg, image_3_796_2.jpg, image_3_796_3.jpg"
Embroidered Shirt - PS24-77 - XS,"Rs. 6,190.00 Rs. 3,714.00","Capture hearts and mesmerize souls with this embroidered shirt from the latest pret summer collection.
Product Detail
Embroidered Shirt
Shirt
Band Neckline With Placket & Slit, Embroidered Front Panels
Fabric: Texture
Color: Mint
Note:
Product color may vary slightly due to photographic lighting sources or monitor settings.",https://nishatlinen.com/products/ps24-77,"image_3_797_1.jpg, image_3_797_2.jpg, image_3_797_3.jpg"
2 Piece - Printed Suit - 42401093,"Rs. 4,610.00 Rs. 2,996.50","Radiate effortless elegance in this adorable printed two-piece from the latest unstitched summer collection.
Product Detail:
Decorative Floral Mix Prints Style Shirt with Dupatta
SHIRT
Printed Super Fine Lawn Shirt: 3 Meter
Fabric: Lawn
Color: Blue
DUPATTA
Digital Printed Crinkle Chiffon Dupatta: 2.5 Meter
Fabric: Crinkle Chiffon
Color: Off White
Note:
Product color may slightly vary due to photographic lighting sources or your device settings.",https://nishatlinen.com/products/42401093,"image_3_798_1.jpg, image_3_798_2.jpg, image_3_798_3.jpg"
2 Piece - Printed Suit - PS24-312 - XS,"Rs. 4,510.00 Rs. 2,706.00","Radiate positivity and vibrancy in this printed two-piece suit from the latest pret summer collection.
Product Detail
Printed Shirt With Trousers
Shirt
Band V Neckline, Overlap Panel On Front Round Hem, Classic Shirt
Fabric: Cambric
Color: Olive Green
Trousers
Straight Trousers
Fabric: Cambric
Color: Olive Green
Note:
Product color may vary slightly due to photographic lighting sources or monitor settings.",https://nishatlinen.com/products/ps24-312,"image_3_799_1.jpg, image_3_799_2.jpg, image_3_799_3.jpg"
Printed Shirt - PS24-242 - XS,"Rs. 4,300.00 Rs. 2,580.00","Radiate confidence with this printed shirt from the latest pret summer collection.
Product Detail
Printed Shirt
Shirt
Collar Neckline, Printed Shirt
Fabric: Lawn
Color: Multi
Note:
Product color may vary slightly due to photographic lighting sources or monitor settings.",https://nishatlinen.com/products/ps24-242,"image_3_800_1.jpg, image_3_800_2.jpg, image_3_800_3.jpg"
3 Piece - Printed Suit - 42402021,"Rs. 5,130.00 Rs. 3,334.50","Get a bold yet joyful look by wearing this printed three-piece from the latest unstitched summer collection.
Product Detail:
Modern Style Floral Printed Style Shirt with Dupatta and Trousers
SHIRT
Printed Super Fine Lawn Shirt: 3 Meter
Fabric: Lawn
Color: Peach
DUPATTA
Digital Printed Crinkle Chiffon Dupatta: 2.5 Meter
Fabric: Crinkle Chiffon
Color: Peach
TROUSERS
Solid Cambric Trousers: 2.5 Meter
Fabric: Cambric
Color: Peach
Note:
Product color may slightly vary due to photographic lighting sources or your device settings.",https://nishatlinen.com/collections/women/products/42402021,"image_3_801_1.jpg, image_3_801_2.jpg, image_3_801_3.jpg"
Printed Shirt - PE24-218 - XS,"Rs. 3,380.00 Rs. 2,028.00","Get the most iconic look by wearing this printed shirt from the latest pret summer collection. 
Product Detail
Printed Shirt
Shirt
Band Neckline With Placket, Buttons On Front & Side Placket
Fabric: Lawn
Color: Red & Black
Note:
Product color may vary slightly due to photographic lighting sources or monitor settings.",https://nishatlinen.com/products/pe24-218,"image_3_802_1.jpg, image_3_802_2.jpg, image_3_802_3.jpg"
3 Piece - Printed Suit - 42401879,"Rs. 5,640.00 Rs. 3,666.00","Make you look flawless on your special days by wearing a printed three-piece from the latest unstitched summer collection.
Product Detail:
Ralli Patterns In Printed Form Shirt with Dupatta and Trousers
SHIRT
Printed Super Fine Lawn Shirt: 3 Meter
Fabric: Lawn
Color: Pink
DUPATTA
Digital Printed Muzlin Dupatta: 2.5 Meter
Fabric: Muzlin
Color: Pink & Yellow
TROUSERS
Dyed Cambric Trousers: 2.5 Meter
Fabric: Cambric
Color: Pink
Note:
Product color may slightly vary due to photographic lighting sources or your device settings.",https://nishatlinen.com/products/42401879,"image_3_803_1.jpg, image_3_803_2.jpg, image_3_803_3.jpg"
2 Piece - Printed Embroidered Suit - 42402082,"Rs. 3,990.00 Rs. 2,593.50","Look famous with this printed embroidered two-piece from the latest unstitched summer collection.
Product Detail:
Embroidered Patterns Style Shirt with Trousers
SHIRT
Printed Cambric Shirt: 3 Meter
Embroidered Neckline + Border
Fabric: Cambric
Color: Deep Blue
TROUSERS
Printed Cambric Trousers: 2.5 Meter
Fabric: Cambric
Color: Deep Blue
Note:
Product color may slightly vary due to photographic lighting sources or your device settings.",https://nishatlinen.com/products/42402082,"image_3_804_1.jpg, image_3_804_2.jpg, image_3_804_3.jpg"
3 Piece - Embroidered Suit - 42402179,"Rs. 10,490.00 Rs. 8,392.00","Add a pop of color with this embroidered three-piece from the latest unstitched summer collection.
Product Detail:
Chevron Style Shirt with Dupatta and Trousers
SHIRT
Solid Satin Shirt: 3 Meter
Embroidered Front Panel + Border
Fabric: Satin
Color: Pink & Off White
DUPATTA
Printed Khadi Silk Dupatta: 2.23 Meter
Fabric: Khadi Silk
Color: Pink
TROUSERS
Solid Satin Trousers: 2.5 Meter
Fabric: Satin
Color: Off White
Note:
Product color may slightly vary due to photographic lighting sources or your device settings.",https://nishatlinen.com/products/42402179,"image_3_805_1.jpg, image_3_805_2.jpg, image_3_805_3.jpg"
3 Piece - Yarn Dyed Embroidered Suit - 42401982,"Rs. 13,330.00 Rs. 8,664.50","Catch unblemished beauty with yarn dyed embroidered three-piece from the latest unstitched summer collection.
Product Detail:
Banarsi Style Shirt with Dupatta and Trousers
SHIRT
Yarn Dyed Banarsi Shirt: 3 Meter
Fabric: Banarsi
Color: Yellow
DUPATTA
Banarsi Jacquard Dupatta: 2.5 Meter
Fabric: Banarsi Jacquard
Color: Yellow
TROUSERS
Yarn Dyed Banarsi Trousers: 2.5 Meter
Fabric: Banarsi
Color: Yellow
Note:
Product color may slightly vary due to photographic lighting sources or your device settings.",https://nishatlinen.com/products/42401982,"image_3_806_1.jpg, image_3_806_2.jpg, image_3_806_3.jpg"
2 Piece - Dyed Embroidered Suit - 42401061,"Rs. 5,640.00 Rs. 3,666.00","The softness that whispers sophistication, featuring dyed embroidered two-piece from the latest unstitched summer collection.
Product Detail:
Shirt with Trousers
SHIRT
Dyed Cambric Shirt: 3 Meter
Embroidered Front
Fabric: Cambric
Color: Brown
TROUSERS
Dyed Cambric Trousers: 2.5 Meter
Fabric: Cambric
Color: ﻿Brown
Note:
Product color may slightly vary due to photographic lighting sources or your device settings.",https://nishatlinen.com/collections/women/products/42401061,"image_3_807_1.jpg, image_3_807_2.jpg, image_3_807_3.jpg"
Embroidered Shirt - PS24-17 - XS,"Rs. 6,150.00 Rs. 3,690.00","Symbolize resilience and inner strength with this embroidered shirt from the latest pret pre summer collection.
Product Detail
Embroidered Shirt
Shirt
Collar Neckline, Embroidered Neckline & Sleeves
Fabric: Jacquard
Color: Light Green
Note:
Product color may vary slightly due to photographic lighting sources or monitor settings.",https://nishatlinen.com/products/ps24-17,"image_3_808_1.jpg, image_3_808_2.jpg, image_3_808_3.jpg"
2 Piece - Digital Printed Embroidered Suit - 42402078,"Rs. 5,640.00 Rs. 3,666.00","Enhance your charm at day and night outings by wearing this digital printed embroidered two-piece from the latest unstitched summer collection.
Product Detail:
Floral Silhouettes Prints Style Shirt with Trousers
SHIRT
Solid Cambric Shirt: 3 Meter
Embroidered Front 
Fabric: Cambric
Color: Black & White
TROUSERS
Digital Printed Cambric Trousers: 2.5 Meter
Fabric: Cambric
Color: Black
Note:
Product color may slightly vary due to photographic lighting sources or your device settings.",https://nishatlinen.com/collections/women/products/42402078,"image_3_809_1.jpg, image_3_809_2.jpg, image_3_809_3.jpg"
3 Piece - Digital Printed Jacquard Embroidered Suit - 42401178,"Rs. 9,230.00 Rs. 5,999.50","Dress to impress in our digital printed jacquard embroidered three-piece from the latest unstitched summer collection.
Product Detail:
Abstract Floral Style Shirt with Dupatta and Trousers
SHIRT
Digital Printed Brochia Jacquard Shirt: 3 Meter
Embroidered Neckline + Border
Fabric: Brochia Jacquard
Color: Pink
DUPATTA
Digital Printed Brochia Jacquard Dupatta: 2.5 Meter
Fabric: Brochia Jacquard
Color: Pink & White
TROUSERS
Dyed Cambric Trousers: 2.5 Meter
Fabric: Cambric
Color: ﻿Pink 
Note:
Product color may slightly vary due to photographic lighting sources or your device settings.",https://nishatlinen.com/products/42401178,"image_3_810_1.jpg, image_3_810_2.jpg, image_3_810_3.jpg"
3 Piece - Gold Printed Embroidered Suit - 42401392,"Rs. 7,690.00 Rs. 4,998.50","Add a sophisticated note to any style with this gold printed embroidered three-piece from the latest unstitched summer collection.
Product Detail:
Embellished Style Shirt with Dupatta and Trousers
SHIRT
Gold Printed Super Fine Lawn Shirt: 3 Meter
Embroidered Motifs
Fabric: Lawn
Color: Purple
DUPATTA
Digital Printed Maysuri Dupatta: 2.5 Meter
Fabric: Maysuri
Color: Purple
TROUSERS
Dyed Cambric Trousers: 2.5 Meter
Fabric: Cambric
Color: Purple
Note:
Product color may slightly vary due to photographic lighting sources or your device settings.",https://nishatlinen.com/products/42401392,"image_3_811_1.jpg, image_3_811_2.jpg, image_3_811_3.jpg"
Printed Tunic - PS24-336 - XS,"Rs. 3,070.00 Rs. 1,842.00","Radiates elegance everywhere with this printed tunic from the latest pret summer collection.
Product Detail
Printed Tunic
Tunic
Band Neckline With Slit, Gathered Cuff Sleeves With Pearls Detail, Front Length Variation, Round Hem, Short Tunic
Fabric: Cambric
Color: Sky Blue
Note:
Product color may vary slightly due to photographic lighting sources or monitor settings.",https://nishatlinen.com/collections/women/products/ps24-336,"image_3_812_1.jpg, image_3_812_2.jpg, image_3_812_3.jpg"
3 Piece - Gold Printed Embroidered Suit - 42401864,"Rs. 7,690.00 Rs. 4,998.50","Look perfect with this gold printed embroidered three-piece from the latest unstitched summer collection.
Product Detail:
Abstract Floral Motifs In Dot Forms Style Shirt with Dupatta and Trousers
SHIRT
Gold Paste Printed Super Fine Lawn Shirt: 3 Meter
Embroidered Neckline + Border
Fabric: Lawn
Color: Green
DUPATTA
Gold Paste Printed Voile Dupatta: 2.5 Meter
Fabric: Voile
Color: Green
TROUSERS
Solid Cambric Trousers: 2.5 Meter
Fabric: Cambric
Color: Green
Note:
Product color may slightly vary due to photographic lighting sources or your device settings.",https://nishatlinen.com/products/42401864,"image_3_813_1.jpg, image_3_813_2.jpg, image_3_813_3.jpg"
2 Piece - Printed Suit With Laces - 42401608,"Rs. 5,130.00 Rs. 3,334.50","For a fashionable statement adorn this printed two-piece from the latest unstitched summer collection.
Product Detail:
Floral Silhouettes Printed Style Shirt with Dupatta
SHIRT
Printed Super Fine Lawn Shirt: 3 Meter
1 Lace: 1.25 Meter
1 Lace: 2.5 Meter
Fabric: Lawn
Color: ﻿White
DUPATTA
Digital Printed Banarsi Slub Dupatta: 2.5 Meter
Fabric: Banarsi Slub
Color: Black & White
Note:
Product color may slightly vary due to photographic lighting sources or your device settings.",https://nishatlinen.com/products/42401608,"image_3_814_1.jpg, image_3_814_2.jpg, image_3_814_3.jpg"
3 Piece - Printed Suit - 42402107,"Rs. 4,990.00 Rs. 3,992.00","Look graceful in this printed three-piece from the latest unstitched summer collection.
Product Detail:
Embellished Style Shirt with Dupatta and Trousers
SHIRT
Printed Lawn Shirt: 3 Meter
Fabric: Lawn
Color: Yellow
DUPATTA
Printed Doriya Dupatta: 2.5 Meter
Fabric: Doriya
Color: Yellow
TROUSERS
Solid Cambric Trousers: 2.5 Meter
Fabric: Cambric
Color: Yellow
Note:
Product color may slightly vary due to photographic lighting sources or your device settings.",https://nishatlinen.com/collections/women/products/42402107,"image_3_815_1.jpg, image_3_815_2.jpg, image_3_815_3.jpg"
2 Piece - Printed Suit - AS24-64 - XS,"Rs. 5,020.00 Rs. 3,012.00","Get instant timeless appeal and stay effortlessly chic with this printed two-piece suit from the latest pret summer collection.
Product Detail
Printed Shirt With Trousers
Shirt
Band Neckline With Placket
Fabric: Cambric
Color: Off White
Trousers
Printed Loose Trousers
Fabric: Cambric
Color: Off White
Note:
Product color may vary slightly due to photographic lighting sources or monitor settings.",https://nishatlinen.com/collections/women/products/as24-64,"image_3_816_1.jpg, image_3_816_2.jpg, image_3_816_3.jpg"
3 Piece - Printed Loose Fabric - 42403305 - Shirt / 3 / 3,Rs. 880.00 Rs. 572.00,"Get an essential graceful look in this printed three-piece from the latest freedom to buy summer collection.
Product Detail:
Schiffli Patterns In Printed Form Shirt with Dupatta and Trousers 
SHIRT
Shirt: 3 Meter (RS 750/-Mtr)
Fabric: Lawn
Color: Dull Green
DUPATTA
Dupatta: 2.5 Meter (RS 780/-Mtr)
Fabric: Voile
Color: Dull Green
TROUSERS
Trousers: 2.5 Meter (RS 680/-Mtr)
Fabric: Cambric
Color: Dull Green
Note:
Product color may slightly vary due to photographic lighting sources or your device settings.",https://nishatlinen.com/products/42403305,"image_3_817_1.jpg, image_3_817_2.jpg, image_3_817_3.jpg"
Basic Shirt - PS24-75 - XS,"Rs. 3,590.00 Rs. 2,154.00","Meet elegance by wearing this contemporary basic shirt from the latest pret summer collection. 
Product Detail
Basic Shirt
Shirt
Band Neckline with Adda Work At Placket, Diagonal Panels at front Hem
Fabric: Cambric
Color: Plum
Note:
Product color may vary slightly due to photographic lighting sources or monitor settings.",https://nishatlinen.com/collections/women/products/ps24-75,"image_3_818_1.jpg, image_3_818_2.jpg, image_3_818_3.jpg"
Embroidered Shirt - PS24-88 - XS,"Rs. 4,190.00 Rs. 2,514.00","Elevate your look with this embroidered shirt from the latest pret summer collection.
Product Detail
Embroidered Shirt
Shirt
Round Neckline With Slit, Yoke Detail, Embroidered Neckline & Sleeves
Fabric: Cambric
Color: Yellow
Note:
Product color may vary slightly due to photographic lighting sources or monitor settings.",https://nishatlinen.com/products/ps24-88,"image_3_819_1.jpg, image_3_819_2.jpg, image_3_819_3.jpg"
3 Piece - Printed Loose Fabric - 42403301 - Dupatta / 2.5 / 2.5,Rs. 880.00 Rs. 572.00,"Find your magic with this gorgeous printed three-piece from the latest freedom to buy summer collection.
Product Detail:
Block Prints Motifs With Ralli Style Shirt with Dupatta and Trousers 
SHIRT
Shirt: 3 Meter (RS 750/-Mtr)
Fabric: Lawn
Color: Off White & Black
DUPATTA
Dupatta: 2.5 Meter (RS 780/-Mtr)
Fabric: Voile
Color: Black & Red
TROUSERS
Trousers: 2.5 Meter (RS 720/-Mtr)
Fabric: Cambric
Color: Off White & Black
Note:
Product color may slightly vary due to photographic lighting sources or your device settings.",https://nishatlinen.com/products/42403301,"image_3_820_1.jpg, image_3_820_2.jpg, image_3_820_3.jpg"
3 Piece - Digital Printed Loose Fabric - 42403323 - Shirt / 3 / 3,Rs. 880.00 Rs. 572.00,"Get the latest beauty of fashion by wearing digital printed three-piece from the latest freedom to buy summer collection.
Product Detail:
Florals With Textures In Prints Style Shirt with Dupatta and Trousers 
SHIRT
Shirt: 3 Meter (RS 780/-Mtr)
Fabric: Lawn
Color: White
DUPATTA
Dupatta: 2.5 Meter (RS 800/-Mtr)
Fabric: Voile
Color: White & Blue
TROUSERS
Trousers: 2.5 Meter (RS 680/-Mtr)
Fabric: Cambric
Color: White
Note:
Product color may slightly vary due to photographic lighting sources or your device settings.",https://nishatlinen.com/collections/women/products/42403323,"image_3_821_1.jpg, image_3_821_2.jpg, image_3_821_3.jpg"
3 Piece - Printed Loose Fabric - 42403270 - Shirt / 3 / 3,Rs. 455.00 - Rs. 527.00,"Experience the hug-like softness of printed three-piece from the latest freedom to buy summer collection.
Product Detail:
Decorative Line Patterns and Flowers Style Printed Shirt with Dupatta and Trousers
SHIRT
Shirt: 3 Meter (RS 750/-Mtr)
Fabric: Lawn
Color: Aqua
DUPATTA
Dupatta: 2.5 Meter (RS 780/-Mtr)
Fabric: Voile
Color: Aqua
TROUSERS
Trousers: 2.5 Meter (RS 680/-Mtr)
Fabric: Cambric
Color: Aqua
Note:
Product color may slightly vary due to photographic lighting sources or your device settings.",https://nishatlinen.com/products/42403270,"image_3_822_1.jpg, image_3_822_2.jpg, image_3_822_3.jpg"
3 Piece - Digital Printed Loose Fabric - 42403164 - Shirt / 3 / 3,Rs. 830.00 Rs. 540.00,"Uplift your look with digital printed three-piece from the latest freedom to buy summer collection.
Product Detail:
Floral Mix Printed Style Shirt with Dupatta and Trousers
SHIRT
Shirt: 3 Meter (RS 750/-Mtr)
Fabric: Lawn
Color: Black
DUPATTA
Dupatta: 2.5 Meter (RS 780/-Mtr)
Fabric: Voile
Color: Black
TROUSERS
Trousers: 2.5 Meter (RS 690/-Mtr)
Fabric: Cambric
Color: Black
Note:
Product color may slightly vary due to photographic lighting sources or your device settings.",https://nishatlinen.com/collections/women/products/42403164,"image_3_823_1.jpg, image_3_823_2.jpg, image_3_823_3.jpg"
2 Piece - Printed Dress - FE24-77 - XS,"Rs. 13,330.00 Rs. 7,998.00","Embody the spirit of sophistication in this printed two-piece dress from the latest pret summer collection.   
Product Detail
Printed Dress With Slip
Dress
Round Neckline With Buttons Detail On Piping, Square Armhole Sleeves With Lace Detail
Fabric: Jacquard
Color: Red
Slip
Fabric: Jacquard
Color: Red
Note:
Product color may vary slightly due to photographic lighting sources or monitor settings.",https://nishatlinen.com/collections/women/products/fe24-77,"image_3_824_1.jpg, image_3_824_2.jpg, image_3_824_3.jpg"
3 Piece - Basic Suit - PE24-27 - XS,"Rs. 6,770.00 Rs. 4,062.00","Add sophistication to your wardrobe with this basic three-piece suit from the latest pret summer collection.
Product Detail
Basic Shirt With Dupatta & Trousers
Shirt
V Neckline With Placket, Round Hem
Fabric: Cambric
Color: Ferozi
Dupatta
Fabric: Chiffon
Color: Ferozi
Trousers
Loose Straight Trousers
Fabric: Cambric 
Color: Ferozi
Note:
Product color may vary slightly due to photographic lighting sources or monitor settings.",https://nishatlinen.com/collections/women/products/pe24-27,"image_3_825_1.jpg, image_3_825_2.jpg, image_3_825_3.jpg"
1 Piece - Digital Printed Loose Fabric - 42403194 - Shirt / 3 / 3,"Rs. 1,120.00 Rs. 728.00","Make a regal impression with this digital printed one-piece from the latest freedom to buy summer collection.
Product Detail:
Block Printed Style Shirt 
SHIRT
Shirt: 3 Meter (RS 830/-Mtr)
Fabric: Dobby Lawn
Color: Lilac

Note:
Product color may slightly vary due to photographic lighting sources or your device settings.",https://nishatlinen.com/collections/women/products/42403194,image_3_826_1.jpg
3 Piece - Embroidered Suit - 42401795,"Rs. 10,770.00 Rs. 7,000.50","Get a visible presentation by wearing this embroidered three-piece from the latest unstitched summer collection.
Product Detail:
Banarsi Style Shirt with Dupatta and Trousers
SHIRT
Solid Satin Shirt: 3 Meter
Embroidered Front + Neckline + Motifs + Border
Fabric: Satin
Color: Brown
DUPATTA
Fancy Banarsi Dupatta: 2.5 Meter
Fabric: Banarsi
Color: Brown
TROUSERS
Solid Satin Trousers: 2.5 Meter
Fabric: Satin
Color: Brown
Note:
Product color may slightly vary due to photographic lighting sources or your device settings.",https://nishatlinen.com/products/42401795,"image_3_827_1.jpg, image_3_827_2.jpg, image_3_827_3.jpg"
3 Piece - Printed Loose Fabric - 42403276 - Shirt / 3 / 3,Rs. 455.00 - Rs. 527.00,"Radiate confidence and charm with this printed three-piece from the latest freedom to buy summer collection.
Product Detail
Abstract Floral Jaal Printed Style Shirt with Dupatta and Trousers
SHIRT
Shirt: 3 Meter (RS 750/-Mtr)
Fabric: Lawn
Color: Cream
DUPATTA
Dupatta: 2.5 Meter (RS 780/-Mtr)
Fabric: Voile
Color: Blue
TROUSERS
Trousers: 2.5 Meter (RS 680/-Mtr)
Fabric: Cambric
Color: Cream
Note:
Product color may slightly vary due to photographic lighting sources or your device settings.",https://nishatlinen.com/products/42403276,"image_3_828_1.jpg, image_3_828_2.jpg, image_3_828_3.jpg"
3 Piece - Gold Printed Suit - 42401391,"Rs. 6,660.00 Rs. 4,329.00","Unveil your inner goddess with this gold printed three-piece from the latest unstitched summer collection.
Product Detail:
Embellished Style Shirt with Dupatta and Trousers
SHIRT
Gold Printed Super Fine Lawn Shirt: 3 Meter
Fabric: Lawn
Color: Black
DUPATTA
Digital Printed Maysuri Dupatta: 2.5 Meter
Fabric: Maysuri
Color: Maroon
TROUSERS
Dyed Cambric Trousers: 2.5 Meter
Fabric: Cambric
Color: Black
Note:
Product color may slightly vary due to photographic lighting sources or your device settings.",https://nishatlinen.com/products/42401391,"image_3_829_1.jpg, image_3_829_2.jpg, image_3_829_3.jpg"
Slip - PS24-277 - XS,"Rs. 1,230.00 Rs. 984.00","Add comfort and a soft and smooth feel to your daily wear with this slip from the latest winter collection.
Product Detail
Basic Slip
Slip
Round Neckline
Fabric: Voile
Color: Beige
Note:
Product color may slightly vary due to photographic lighting sources or your monitor settings.",https://nishatlinen.com/collections/women/products/ps24-277,image_3_830_1.jpg
3 Piece - Digital Printed Suit - 42401555,"Rs. 8,200.00 Rs. 5,330.00","Stay updated with the trends by wearing this digital printed three-piece from the latest unstitched summer collection.
Product Detail:
Ethnic Style Shirt with Dupatta and Trousers
SHIRT
Digital Printed Brochia Jacquard Shirt: 3 Meter
Fabric: Jacquard
Color: Black
DUPATTA
Digital Printed Brochia Jacquard Dupatta: 2.5 Meter
Fabric: Jacquard
Color: Black
TROUSERS
Dyed Cambric Trousers: 2.5 Meter
Fabric: Cambric
Color: ﻿Black
Note:
Product color may slightly vary due to photographic lighting sources or your device settings.",https://nishatlinen.com/collections/women/products/42401555,"image_3_831_1.jpg, image_3_831_2.jpg, image_3_831_3.jpg"
Embroidered Shirt - PS24-87 - XS,"Rs. 5,130.00 Rs. 3,078.00","Modernize your wardrobe with this embroidered shirt from the latest pret summer collection.
Product Detail
Embroidered Shirt
Shirt
Straight Shirt, Band V Neckline, Embroidered Sleeves Edges
Fabric: Jacquard
Color: Mint
Note:
Product color may vary slightly due to photographic lighting sources or monitor settings.",https://nishatlinen.com/collections/women/products/ps24-87,"image_3_832_1.jpg, image_3_832_2.jpg, image_3_832_3.jpg"
3 Piece - Printed Embroidered Suit - 42402134,"Rs. 10,490.00 Rs. 8,392.00","Find your magic with this gorgeous printed embroidered three-piece from the latest unstitched summer collection.
Product Detail:
Paisleys With Floral Patterns Style Shirt with Dupatta and Trousers
SHIRT
Printed Slub Cambric Shirt: 3 Meter
Embroidered Front + Border
Fabric: Cambric
Color: Light Greenish Blue
DUPATTA
Printed Fancy Brochia Dupatta: 2.5 Meter
Fabric: Fancy Brochia
Color: Light Greenish Blue
TROUSERS
Solid Cambric Trousers: 2.5 Meter
Fabric: Cambric
Color: Light Greenish Blue
Note:
Product color may slightly vary due to photographic lighting sources or your device settings.",https://nishatlinen.com/products/42402134,"image_3_833_1.jpg, image_3_833_2.jpg, image_3_833_3.jpg"
2 Piece - Printed Suit - PE24-342 - XS,"Rs. 4,570.00 Rs. 2,742.00","Create an effortless style statement in this printed two-piece suit from the latest pret summer collection.
Product Detail
Printed Shirt With Trousers
Shirt
Band Neckline With Placket, Printed Shirt
Fabric: Cambric
Color: Brown
Trousers
Printed Straight Trousers
Fabric: Cambric
Color: Brown
Note:
Product color may vary slightly due to photographic lighting sources or monitor settings.",https://nishatlinen.com/collections/women/products/pe24-342,"image_3_834_1.jpg, image_3_834_2.jpg, image_3_834_3.jpg"
1 Piece - Paste Printed Loose Fabric - 42403088 - Trouser / 2.5 / 2.5,Rs. 670.00 Rs. 436.00,"Redefine your style with paste printed one-piece from the latest freedom to buy summer collection.
Product Detail:
Geometric Prints Style Trousers
TROUSERS
Trousers: 2.5 Meter (RS 690/-Mtr)
Fabric: Cambric
Color: ﻿Black
Note:
Product color may slightly vary due to photographic lighting sources or your device settings.",https://nishatlinen.com/collections/women/products/42403088,"image_3_835_1.jpg, image_3_835_2.jpg, image_3_835_3.jpg"
3 Piece - Embroidered Suit - 42401995,"Rs. 9,740.00 Rs. 6,331.00","Radiate attractive charm by showcasing this beautifully embroidered three-piece from the latest unstitched summer collection.
Product Detail:
Floral Style Shirt with Dupatta and Trousers
SHIRT
Solid Swiss Lawn Shirt: 3 Meter
Embroidered Front + Neckline + Sleeves + Motifs + Border
Fabric: Lawn
Color: Brown
DUPATTA
Embroidered Swiss Voile Dupatta: 2.5 Meter
Fabric: Voile
Color: Dull Yellow
TROUSERS
Solid Cambric Trousers: 2.5 Meter
Fabric: Cambric
Color: Brown
Note:
Product color may slightly vary due to photographic lighting sources or your device settings.",https://nishatlinen.com/products/42401995,"image_3_836_1.jpg, image_3_836_2.jpg, image_3_836_3.jpg"
3 Piece - Printed Loose Fabric - 42403025 - Shirt / 3 / 3,Rs. 670.00 Rs. 436.00,"Adorn your authenticity in the printed three-piece from the latest freedom to buy summer collection.
Product Detail:
Ethnic Printed Style Shirt with Dupatta and Trousers
SHIRT
Shirt: 3 Meter (RS 730/-Mtr)
Fabric: Lawn
Color: Orange & Magenta
DUPATTA
Dupatta: 2.5 Meter (RS 750/-Mtr)
Fabric: Voile
Color: Orange & Magenta
TROUSERS
Trousers: 2.5 Meter (RS 650/-Mtr)
Fabric: Cambric
Color: Orange 
Note:
Product color may slightly vary due to photographic lighting sources or your device settings.",https://nishatlinen.com/collections/women/products/42403025,"image_3_837_1.jpg, image_3_837_2.jpg, image_3_837_3.jpg"
2 Piece - Embroidered Suit - PE24-97 - XS,"Rs. 6,660.00 Rs. 3,996.00","Add a touch of magic and glamour to your wardrobe with this embroidered two-piece suit from the latest pret summer collection.
Product Detail
Embroidered Shirt With Dupatta 
Shirt
Round Neckline, Embroidered Sleeves
Fabric: Cambric
Color: Olive Green
Dupatta
Embroidered Dupatta
Fabric: Chiffon
Color: Olive Green
Note:
Product color may vary slightly due to photographic lighting sources or monitor settings.",https://nishatlinen.com/products/pe24-97,"image_3_838_1.jpg, image_3_838_2.jpg, image_3_838_3.jpg"
3 Piece - Printed Embroidered Suit - 42401804,"Rs. 7,180.00 Rs. 4,667.00","Make your day glorious in this printed embroidered three-piece from the latest unstitched summer collection.
Product Detail:
Lilly Flowers With Sequin Details Print Style Shirt with Dupatta and Trousers
SHIRT
Printed Super Fine Lawn Shirt: 3 Meter
2 Embroidered Motifs
Fabric: Lawn
Color: Green
DUPATTA
Digital Printed Crinkle Chiffon Dupatta: 2.5 Meter
Fabric: Crinkle Chiffon
Color: Green
TROUSERS
Solid Cambric Trousers: 2.5 Meter
Fabric: Cambric
Color: Green
Note:
Product color may slightly vary due to photographic lighting sources or your device settings.",https://nishatlinen.com/collections/women/products/42401804,"image_3_839_1.jpg, image_3_839_2.jpg, image_3_839_3.jpg"
2 Piece - Printed Suit - 42401755,"Rs. 3,070.00 Rs. 1,995.50","Upgrade your wardrobe with this printed two-piece from the latest unstitched summer collection.
Product Detail:
Roses Printed Style Shirt with Trousers
SHIRT
Printed Super Fine Lawn Shirt: 3 Meter
Fabric: Lawn
Color: Green
TROUSERS
Printed Cambric Trousers: 2.5 Meter
Fabric: Cambric
Color: Green
Note:
Product color may slightly vary due to photographic lighting sources or your device settings.",https://nishatlinen.com/collections/women/products/42401755,"image_3_840_1.jpg, image_3_840_2.jpg, image_3_840_3.jpg"
2 Piece - Printed Suit - PS24-287 - XS,"Rs. 4,820.00 Rs. 2,892.00","Add a touch of cool affection to every day looks with this printed two-piece suit from the latest pret summer collection. 
Product Detail
Printed Shirt With Trousers
Shirt
Stylized Collar Neckline, Straight Gathered Sleeves, Straight Shirt
Fabric: Cambric
Color: Black
Trousers
Straight Trousers
Fabric: Cambric
Color: Black
Note:
Product color may vary slightly due to photographic lighting sources or monitor settings.",https://nishatlinen.com/products/ps24-287,"image_3_841_1.jpg, image_3_841_2.jpg, image_3_841_3.jpg"
3 Piece - Embroidered Suit - 42401080,"Rs. 9,230.00 Rs. 5,999.50","Be yourself fabulous by wearing this embroidered three-piece from the latest unstitched summer collection.
Product Detail:
Marine Motifs With Laces Style Shirt with Dupatta and Trousers
SHIRT
Embroidered Cambric Front: 1.15 Meter
Dyed Cambric Back & Sleeves: 1.85 Meter
Embroidered Motifs
Fabric: Cambric
Color: Off White
DUPATTA
Digital Printed Soft Net Dupatta: 2.5 Meter
Fabric: Net
Color: Blue
TROUSERS
Dyed Cambric Trousers: 2.5 Meter
Fabric: Cambric
Color: ﻿Off White
Note:
Product color may slightly vary due to photographic lighting sources or your device settings.",https://nishatlinen.com/collections/women/products/42401080,"image_3_842_1.jpg, image_3_842_2.jpg, image_3_842_3.jpg"
2 Piece - Printed Embroidered Suit - PE24-376 - XS,"Rs. 9,230.00 Rs. 5,538.00","Radiate positivity and vibrancy in this printed embroidered two-piece suit from the latest pret summer collection.
Product Detail
Printed Embroidered Shirt With Dupatta
Shirt
Round Neckline With Piping & Slit, Embroidered Neckline & Sleeves Edges
Fabric: Lawn
Color: Grey
Dupatta
Printed Dupatta
Fabric: Voile
Color: Grey
Note:
Product color may vary slightly due to photographic lighting sources or monitor settings.",https://nishatlinen.com/products/pe24-376,"image_3_843_1.jpg, image_3_843_2.jpg, image_3_843_3.jpg"
3 Piece - Embroidered Suit - 42401800,"Rs. 10,770.00 Rs. 7,000.50","Express yourself with an embroidered three-piece from the latest unstitched summer collection.
Product Detail:
Banarsi Style Shirt with Dupatta and Trousers
SHIRT
Solid Satin Shirt: 3 Meter
Embroidered Front + Neckline + Sleeves + 2 Motifs
Fabric: Satin
Color: White
DUPATTA
Fancy Banarsi Dupatta: 2.5 Meter
Fabric: Banarsi
Color: White
TROUSERS
Solid Satin Trousers: 2.5 Meter
Fabric: Satin
Color: White
Note:
Product color may slightly vary due to photographic lighting sources or your device settings.",https://nishatlinen.com/products/42401800,"image_3_844_1.jpg, image_3_844_2.jpg, image_3_844_3.jpg"
3 Piece - Printed Embroidered Suit - 42401358,"Rs. 8,200.00 Rs. 5,330.00","Elevate your style to an art form with this printed embroidered three-piece from the latest unstitched summer collection.
Product Detail:
Chunri Patterns With Geometric Borders Style Shirt with Dupatta and Trousers
SHIRT
Printed Cambric Shirt: 3 Meter
2 Embroidered Borders
Fabric: Cambric
Color: Black
DUPATTA
Block Printed Khadi Silk Dupatta: 2.5 Meter
Fabric: Khadi Silk
Color: Black & Green
TROUSERS
Dyed Cambric Trousers: 3 Meter
Fabric: Cambric
Color: Black
Note:
Product color may slightly vary due to photographic lighting sources or your device settings.",https://nishatlinen.com/products/42401358,"image_3_845_1.jpg, image_3_845_2.jpg, image_3_845_3.jpg"
1 Piece - Dyed Loose Fabric - 42402005-2 - Trouser / 2.5 / 2.5,Rs. 670.00 Rs. 436.00,"Look ravishing in this dyed one-piece from the latest freedom to buy summer collection.
Product Detail:
Trousers
TROUSERS
Trousers: 2.5 Meter (RS 650/-Mtr)
Fabric: Cambric
Color: Dark Aqua
Note:
Product color may slightly vary due to photographic lighting sources or your device settings.",https://nishatlinen.com/collections/women/products/42402005-2,"image_3_846_1.jpg, image_3_846_2.jpg, image_3_846_3.jpg"
Printed Embroidered Kaftan - PE24-291 - XS / S,"Rs. 5,130.00 Rs. 3,078.00","Embrace the whispers of timeless elegance with this printed embroidered kaftan from the latest pret summer collection.
Product Detail
Printed Embroidered Kaftaan
Kaftaan
Round Neckline With V Slit & Adda Detail On Front Piping, Embroidered Front & Sides Of Hem
Fabric: Lawn
Color: Blue
Note:
Product color may vary slightly due to photographic lighting sources or monitor settings.",https://nishatlinen.com/collections/women/products/pe24-291,"image_3_847_1.jpg, image_3_847_2.jpg, image_3_847_3.jpg"
Embroidered Shirt - PS24-89 - XS,"Rs. 3,790.00 Rs. 2,274.00","Complete your summer collection range by adding this embroidered shirt from the latest pret summer collection.
Product Detail
Embroidered Shirt
Shirt
Round Band Neckline, One Sided Embroidered Panel, Top Stitching Detail On Sleeves Hem, Front Open Shirt
Fabric: Cambric
Color: Plum
Note:
Product color may vary slightly due to photographic lighting sources or monitor settings.",https://nishatlinen.com/products/ps24-89,"image_3_848_1.jpg, image_3_848_2.jpg, image_3_848_3.jpg"
2 Piece - Printed Suit With Laces - 42401609,"Rs. 5,130.00 Rs. 3,334.50","Strut in style with this printed two-piece from the latest unstitched summer collection.
Product Detail:
Watercolor Floral Printed Style Shirt with Dupatta
SHIRT
Printed Super Fine Lawn Shirt: 3 Meter
1 Lace: 1.25 Meter
1 Lace: 2.5 Meter
Fabric: Lawn
Color: Yellow
DUPATTA
Digital Printed Banarsi Slub Dupatta: 2.5 Meter
Fabric: Banarsi Slub
Color: ﻿Yellow
Note:
Product color may slightly vary due to photographic lighting sources or your device settings.",https://nishatlinen.com/collections/women/products/42401609,"image_3_849_1.jpg, image_3_849_2.jpg, image_3_849_3.jpg"
2 Piece - Embroidered Suit - PS24-342 - XS,"Rs. 7,190.00 Rs. 4,314.00","Radiate positivity and vibrancy in this embroidered two-piece suit from the latest pret summer collection.
Product Detail
Embroidered Shirt With Trousers
Shirt
Round Band Pleated Neckline With Embellishment, Back Forward Hem, Embroidered Sleeves, Embroidered Shirt With Front Open At Hem
Fabric: Cambric
Color: Tea Pink
Trousers
Straight Trousers
Fabric: Cambric
Color: Tea Pink
Note:
Product color may vary slightly due to photographic lighting sources or monitor settings.",https://nishatlinen.com/collections/women/products/ps24-342,"image_3_850_1.jpg, image_3_850_2.jpg, image_3_850_3.jpg"
3 Piece - Printed Suit - 42401934,"Rs. 7,180.00 Rs. 4,667.00","Make a bold fashion statement with our printed three-piece from the latest unstitched summer collection.
Product Detail:
Banarsi Printed Style Shirt with Dupatta & Trousers
SHIRT
Printed Zari Lawn Shirt: 3 Meter
Fabric: Zari Lawn
Color: Off White
DUPATTA
Digital Printed Zari Lawn Dupatta: 2.5 Meter
Fabric: Zari Lawn
Color: Off White & Black
TROUSERS
Printed Cambric Trousers: 2.5 Meter
Fabric: Cambric
Color: Off White
Note:
Product color may slightly vary due to photographic lighting sources or your device settings.",https://nishatlinen.com/collections/women/products/42401934,"image_3_851_1.jpg, image_3_851_2.jpg, image_3_851_3.jpg"
2 Piece - Printed Suit With Laces - 42401597,"Rs. 5,130.00 Rs. 3,334.50","Adorn grace with this printed two-piece from the latest unstitched summer collection.
Product Detail:
Floral With Laces Printed Style Shirt with Dupatta
SHIRT
Printed Super Fine Lawn Shirt: 3 Meter
1 Lace: 1.25 Meter
1 Lace: 2.5 Meter
Fabric: Lawn
Color: Orange
DUPATTA
Digital Printed Banarsi Slub Dupatta: 2.5 Meter
Fabric: Banarsi Slub
Color: ﻿Orange
Note:
Product color may slightly vary due to photographic lighting sources or your device settings.",https://nishatlinen.com/collections/women/products/42401597,"image_3_852_1.jpg, image_3_852_2.jpg, image_3_852_3.jpg"
3 Piece - Printed Loose Fabric - 42403016 - Shirt / 3 / 3,Rs. 670.00 Rs. 436.00,"Elevate your fashion sense by incorporating our printed three -piece from the latest freedom to buy summer collection.
Product Detail:
Decorative Printed Style Shirt with Dupatta and Trousers
SHIRT
Shirt: 3 Meter (RS 730/-Mtr)
Fabric: Lawn
Color: Black
DUPATTA
Dupatta: 2.5 Meter (RS 750/-Mtr)
Fabric: Voile
Color: Black
TROUSERS
Trousers: 2.5 Meter (RS 650/-Mtr)
Fabric: Cambric
Color: Black
Note:
Product color may slightly vary due to photographic lighting sources or your device settings.",https://nishatlinen.com/products/42403016,"image_3_853_1.jpg, image_3_853_2.jpg, image_3_853_3.jpg"
1 Piece - Digital Printed Loose Fabric - 42403384 - Shirt / 3 / 3,Rs. 670.00 Rs. 436.00,"Radiate elegance under the summer moonlight with our chic, digital printed one-piece from the latest freedom to buy summer collection.
Product Detail:
Blue Floral Jaal Printed Style Shirt
SHIRT
Shirt: 3 Meter (RS 1090/-Mtr)
Fabric: Fancy Strip
Color: Blue & White
Note:
Product color may slightly vary due to photographic lighting sources or your device settings.",https://nishatlinen.com/collections/women/products/42403384,"image_3_854_1.jpg, image_3_854_2.jpg, image_3_854_3.jpg"
Embroidered Trousers - PE24-278 - XS,"Rs. 2,770.00 Rs. 1,662.00","Upgrade your wardrobe with this embroidered trousers from the latest pret summer collection.
Product Detail
Embroidered Trousers
Trousers
Loose Straight Trousers With Pleated Embroidered Hem
Fabric: Cambric
Color: Off White
Note:
Product color may vary slightly due to photographic lighting sources or monitor settings.",https://nishatlinen.com/products/pe24-278,"image_3_855_1.jpg, image_3_855_2.jpg, image_3_855_3.jpg"
1 Piece - Gold Printed Loose Fabric - 42403361 - Dupatta / 2.5 / 2.5,Rs. 880.00 Rs. 572.00,"Get ready for garden parties by styling gold printed one-piece from the latest freedom to buy summer collection.
Product Detail:
Banarsi Prints Style Dupatta
Dupatta
Dupatta: 2.5 Meter (RS 850/-Mtr)
Fabric: Voile
Color: Pink
Note:
Product color may slightly vary due to photographic lighting sources or your device settings.",https://nishatlinen.com/products/42403361,"image_3_856_1.jpg, image_3_856_2.jpg, image_3_856_3.jpg"
Embroidered Tunic - AS24-87 - XS,"Rs. 4,100.00 Rs. 2,460.00","Style this elegantly designed embroidered tunic from the latest pret summer collection.
Product Detail
Embroidered Tunic
Tunic
Band Neckline With Placket, Embroidered Front Hem, Embellished Cuff Sleeves, Short Tunic
Fabric: Yarn Dyed
Color: Grey
Note:
Product color may vary slightly due to photographic lighting sources or monitor settings.",https://nishatlinen.com/collections/women/products/as24-87,"image_3_857_1.jpg, image_3_857_2.jpg, image_3_857_3.jpg"
3 Piece - Printed Loose Fabric - 42403129 - Dupatta / 2.5 / 2.5,Rs. 830.00 Rs. 540.00,"Make a regal impression with this printed three-piece from the latest freedom to buy summer collection.
Product Detail:
Florals With Textures Printed Style Shirt with Dupatta and Trousers
SHIRT
Shirt: 3 Meter (RS 730/-Mtr)
Fabric: Lawn
Color: Yellow
Note: Fabric used in shoot for trousers is shirt fabric
DUPATTA
Dupatta: 2.5 Meter (RS 750/-Mtr)
Fabric: Voile
Color: White
Note: Fabric used in shoot for gown is dupatta fabric
TROUSERS
Trousers: 2.5 Meter (RS 650/-Mtr)
Fabric: Cambric
Color: White
Note: Fabric used in shoot for shirt is trousers fabric
Note:
Product color may slightly vary due to photographic lighting sources or your device settings.",https://nishatlinen.com/products/42403129,"image_3_858_1.jpg, image_3_858_2.jpg, image_3_858_3.jpg"
2 Piece - Embroidered Loose Fabric - 42402006 - Shirt Front + Sleeves / 2 / 2,"Rs. 436.00 - Rs. 1,261.00","Strut in style with this embroidered two-piece from the latest freedom to buy summer collection.
Product Detail:
Shirt & Trousers 
Measurements: 
Shirt Front + Sleeves: 2 Meter (RS 1790/-Mtr)
Trousers Back: 3.75 Meter (RS 650/-Mtr)
Fabric: Cambric
Color: Light Blue
Note:
Product color may slightly vary due to photographic lighting sources or your device settings.",https://nishatlinen.com/products/42402006,"image_3_859_1.jpg, image_3_859_2.jpg, image_3_859_3.jpg"
1 Piece - Digital Printed Loose Fabric - 42403197 - Shirt / 3 / 3,Rs. 830.00 Rs. 540.00,"Make your day memorable by wearing this digital printed one-piece from the latest freedom to buy summer collection.
Product Detail:
Block Printed Style Shirt 
SHIRT
Shirt: 3 Meter (RS 830/-Mtr)
Fabric: Dobby Lawn
Color: Green

Note:
Product color may slightly vary due to photographic lighting sources or your device settings.",https://nishatlinen.com/collections/women/products/42403197,"image_3_860_1.jpg, image_3_860_2.jpg, image_3_860_3.jpg"
1 Piece - Gold Printed Loose Fabric - 42403330 - Shirt / 3 / 3,Rs. 880.00 Rs. 572.00,"Look famous with this gold printed one-piece from the latest freedom to buy summer collection.
Product Detail:
Dotted Style Motifs In Printed Form Shirt 
SHIRT
Shirt: 3 Meter (RS 800/-Mtr)
Fabric: Lawn
Color: Pink
Note:
Product color may slightly vary due to photographic lighting sources or your device settings.",https://nishatlinen.com/products/42403330,"image_3_861_1.jpg, image_3_861_2.jpg, image_3_861_3.jpg"
1 Piece - Digital Printed Loose Fabric - 42403099 - Shirt / 3 / 3,Rs. 830.00 Rs. 540.00,"Achieve a tasteful appearance with this digital printed one-piece from the latest freedom to buy summer collection.
Product Detail:
Embroidery Style Floral Bunch Prints Style Shirt
SHIRT
Shirt: 3 Meter (RS 1090/-Mtr)
Fabric: Lurix Stripe
Color: Aqua

Note:
Product color may slightly vary due to photographic lighting sources or your device settings.",https://nishatlinen.com/collections/women/products/42403099,"image_3_862_1.jpg, image_3_862_2.jpg, image_3_862_3.jpg"
2 Piece - Printed Embroidered Suit - 42401297,"Rs. 5,130.00 Rs. 3,334.50","Look perfect with this aesthetically appealing in this printed embroidered two-piece from the latest unstitched summer collection.
Product Detail:
Leaf Silhouettes Prints Style Shirt with Dupatta 
SHIRT
Printed Super Fine Lawn Shirt: 3 Meter
Embroidered Motifs + Border
Fabric: Lawn
Color: Pink
DUPATTA
Digital Printed Crinkle Chiffon Dupatta: 2.5 Meter
Fabric: Crinkle Chiffon
Color: Pink
Note:
Product color may slightly vary due to photographic lighting sources or your device settings.",https://nishatlinen.com/products/42401297,"image_3_863_1.jpg, image_3_863_2.jpg, image_3_863_3.jpg"
3 Piece - Digital Printed Loose Fabric - 42403130 - Shirt / 3 / 3,Rs. 830.00 Rs. 540.00,"Look famous wih this digital printed three-piece from the latest freedom to buy summer collection.
Product Detail:
Leafy Silhouettes & Chevron Printed Style Shirt with Dupatta and Trousers
SHIRT
Shirt: 3 Meter (RS 750/-Mtr)
Fabric: Lawn
Color: Blue & Green
DUPATTA
Dupatta: 2.5 Meter (RS 780/-Mtr)
Fabric: Voile
Color: Blue & Green
TROUSERS
Trousers: 2.5 Meter (RS 650/-Mtr)
Fabric: Cambric
Color: Green
Note:
Product color may slightly vary due to photographic lighting sources or your device settings.",https://nishatlinen.com/products/42403130,"image_3_864_1.jpg, image_3_864_2.jpg, image_3_864_3.jpg"
3 Piece - Printed Suit - 42401425,"Rs. 5,130.00 Rs. 3,334.50","Delicate your look with this printed three-piece from the latest unstitched summer collection.
Product Detail:
Modern Florals Style Shirt with Dupatta and Trousers
SHIRT
Digital Printed Super Fine Lawn Shirt: 3 Meter
Fabric: Lawn
Color: Light Yellow
DUPATTA
Digital Printed Silk Dupatta: 2.5 Meter
Fabric: Silk
Color: Light Yellow
TROUSERS
Dyed Cambric Trousers: 2.5 Meter
Fabric: Cambric
Color: Light Yellow
Note:
Product color may slightly vary due to photographic lighting sources or your device settings.",https://nishatlinen.com/collections/women/products/42401425,"image_3_865_1.jpg, image_3_865_2.jpg, image_3_865_3.jpg"
2 Piece - Dyed Embroidered Suit - 42401732,"Rs. 5,640.00 Rs. 3,666.00","Improve your style by buying this dyed embroidered two-piece from the latest unstitched summer collection.
Product Detail:
Shirt with Trousers
SHIRT
Solid Cambric Shirt: 3 Meter
Embroidered Front + Border
Fabric: Cambric
Color: Black
TROUSERS
Solid Cambric Trousers: 2.5 Meter
Fabric: Cambric
Color: Black
Note:
Product color may slightly vary due to photographic lighting sources or your device settings.",https://nishatlinen.com/products/42401732,"image_3_866_1.jpg, image_3_866_2.jpg, image_3_866_3.jpg"
2 Piece - Embroidered Suit - PE24-109 - XL,"Rs. 6,660.00 Rs. 3,996.00","Radiate positivity and vibrancy in this embroidered two-piece suit from the latest pret summer collection. 
Product Detail
Embroidered Shirt With Trousers
Shirt
Band Neckline With Slit, Front Open Shirt, Embroidered Front & Sleeves
Fabric: Cambric
Color: Grey
Trousers
Straight Trousers
Fabric: Cambric
Color: Grey
Note:
Product color may vary slightly due to photographic lighting sources or monitor settings.",https://nishatlinen.com/products/pe24-109,"image_3_867_1.jpg, image_3_867_2.jpg, image_3_867_3.jpg"
Embroidered Dress - FE24-24 - XS,"Rs. 6,670.00 Rs. 4,002.00","Look and feel your best by wearing this embroidered dress from the latest pret summer collection. 
Product Detail
Embroidered Dress
Dress
Band Neckline With Tassels Detail At Long Placket, Embroidered Sleeves, Button Down Dress
Fabric: Linen
Color: Red
Note:
Product color may vary slightly due to photographic lighting sources or monitor settings.",https://nishatlinen.com/products/fe24-24,"image_3_868_1.jpg, image_3_868_2.jpg, image_3_868_3.jpg"
2 Piece - Printed Suit - 42401775,"Rs. 4,610.00 Rs. 2,996.50","Glorify yourself with this amazing printed two-piece from the latest unstitched summer collection.
Product Detail:
Decorative Borders With Mughal Floral Vines Printed Style Shirt with Dupatta
SHIRT
Printed Super Fine Lawn Shirt: 3 Meter
Fabric: Lawn
Color: Pink
DUPATTA
Digital Printed Crinkle Chiffon Dupatta: 2.5 Meter
Fabric: Crinkle Chiffon
Color: Pink
Note:
Product color may slightly vary due to photographic lighting sources or your device settings.",https://nishatlinen.com/products/42401775,"image_3_869_1.jpg, image_3_869_2.jpg, image_3_869_3.jpg"
3 Piece - Printed Suit - 42401425,"Rs. 5,130.00 Rs. 3,334.50","Delicate your look with this printed three-piece from the latest unstitched summer collection.
Product Detail:
Modern Florals Style Shirt with Dupatta and Trousers
SHIRT
Digital Printed Super Fine Lawn Shirt: 3 Meter
Fabric: Lawn
Color: Light Yellow
DUPATTA
Digital Printed Silk Dupatta: 2.5 Meter
Fabric: Silk
Color: Light Yellow
TROUSERS
Dyed Cambric Trousers: 2.5 Meter
Fabric: Cambric
Color: Light Yellow
Note:
Product color may slightly vary due to photographic lighting sources or your device settings.",https://nishatlinen.com/products/42401425,"image_3_870_1.jpg, image_3_870_2.jpg, image_3_870_3.jpg"
3 Piece - Embroidered Suit - 42401654,"Rs. 9,740.00 Rs. 6,331.00","Catch elegance beauty with an embroidered three-piece from the latest unstitched summer collection.
Product Detail:
Floral Bunches Style Shirt with Dupatta and Trousers
SHIRT
Dyed Cambric Shirt: 3 Meter
Embroidered Front
Fabric: Cambric
Color: Ice Blue
DUPATTA
Digital Printed Organza Chiffon Dupatta: 2.5 Meter
Fabric: Organza Chiffon
Color: Ice Blue
TROUSERS
Dyed Cambric Trousers: 2.5 Meter
Fabric: Cambric
Color: ﻿Ice Blue
Note:
Product color may slightly vary due to photographic lighting sources or your device settings.",https://nishatlinen.com/collections/women/products/42401654,"image_3_871_1.jpg, image_3_871_2.jpg, image_3_871_3.jpg"
2 Piece - Printed Suit - 42401757,"Rs. 3,070.00 Rs. 1,995.50","Delicate your look with this printed two-piece from the latest unstitched summer collection.
Product Detail:
Abstract Shapes Prints Style Shirt with Trousers
SHIRT
Printed Super Fine Lawn Shirt: 3 Meter
Fabric: Lawn
Color: Black & Brown
TROUSERS
Printed Cambric Trousers: 2.5 Meter
Fabric: Cambric
Color: Black & Brown
Note:
Product color may slightly vary due to photographic lighting sources or your device settings.",https://nishatlinen.com/products/42401757,"image_3_872_1.jpg, image_3_872_2.jpg, image_3_872_3.jpg"
Printed Tunic - PS24-352 - XS,"Rs. 3,480.00 Rs. 2,088.00","Bring a little change to your everyday look with this printed tunic from the latest pret summer collection.
Product Detail
Printed Tunic
Tunic
Round Band Neckline With Placket & Buttons Detail, Round Flared Hem, Cuffed Sleeves, Printed Tunic
Fabric: Cambric
Color: Black
Note:
Product color may vary slightly due to photographic lighting sources or monitor settings.",https://nishatlinen.com/products/ps24-352,"image_3_873_1.jpg, image_3_873_2.jpg, image_3_873_3.jpg"
Embroidered Dress - FE24-67 - XS,"Rs. 10,780.00 Rs. 6,468.00","Experience the joy of self-expression by wearing this embroidered dress from the latest pret summer collection. 
Product Detail
Embroidered Dress
Dress
Band Neckline With Gusset, Lace Detail On Sleeves, Side Panels & Embroidered Central Panels
Fabric: Texture
Color: Mustard
Note:
Product color may vary slightly due to photographic lighting sources or monitor settings.",https://nishatlinen.com/products/fe24-67,"image_3_874_1.jpg, image_3_874_2.jpg, image_3_874_3.jpg"
Printed Tunic - PS24-335 - XL,"Rs. 2,770.00 Rs. 1,662.00","Conquer summer days in this printed tunic from the latest pret summer collection.
Product Detail
Printed Tunic
Tunic
Band Tie Neckline, Gathered Sleeves, Printed Tunic
Fabric: Cambric
Color: Beige
Note:
Product color may vary slightly due to photographic lighting sources or monitor settings.",https://nishatlinen.com/products/ps24-335,"image_3_875_1.jpg, image_3_875_2.jpg, image_3_875_3.jpg"
3 Piece - Printed Loose Fabric - 42403158 - Shirt / 3 / 3,Rs. 830.00 Rs. 540.00,"Command attention and leave a lasting impression with this printed three-piece from the latest freedom to buy summer collection.
Product Detail:
Arak With Embellished Patterns Printed Style Shirt with Dupatta and Trousers
SHIRT
Shirt: 3 Meter (RS 730/-Mtr)
Fabric: Lawn
Color: Black
DUPATTA
Dupatta: 2.5 Meter (RS 750/-Mtr)
Fabric: Voile
Color: Black & Orange
TROUSERS
Trousers: 2.5 Meter (RS 650/-Mtr)
Fabric: Cambric
Color: Black
Note:
Product color may slightly vary due to photographic lighting sources or your device settings.",https://nishatlinen.com/products/42403158,"image_3_876_1.jpg, image_3_876_2.jpg, image_3_876_3.jpg"
3 Piece - Yarn Dyed Embroidered Suit - 42402166,"Rs. 8,490.00 Rs. 6,792.00","Become the ultimate trendsetter with our yarn dyed embroidered three-piece from the latest unstitched summer collection.
Product Detail:
Yarn Dyed Dupatta With Banarsi Booti Shirt and Trousers
SHIRT
Jacquard Shirt: 3 Meter
Embroidered Neckline + Border
Fabric: Jacquard
Color: Sea Green
DUPATTA
Yarn Dyed Dupatta: 2.5 Meter
Fabric: Yarn Dyed
Color: Sea Green
TROUSERS
Solid Cambric Trousers: 2.5 Meter
Fabric: Solid Cambric
Color: Sea Green
Note:
Product color may slightly vary due to photographic lighting sources or your device settings.",https://nishatlinen.com/products/42402166,"image_3_877_1.jpg, image_3_877_2.jpg, image_3_877_3.jpg"
1 Piece - Digital Printed Loose Fabric - 42403285 - Shirt / 3 / 3,Rs. 455.00 - Rs. 527.00,"Effortlessly embody grace and charm in this beautifully digital printed one-piece from the latest freedom to buy summer collection.
Product Detail:
Floral Mix Printed Style Shirt
SHIRT
Shirt: 3 Meter (RS 850/-Mtr)
Fabric: Dobby Lawn
Color: Black
Note:
Product color may slightly vary due to photographic lighting sources or your device settings.",https://nishatlinen.com/products/42403285,"image_3_878_1.jpg, image_3_878_2.jpg, image_3_878_3.jpg"
2 Piece - Printed Suit - PE24-223 - XS,"Rs. 6,660.00 Rs. 3,996.00","Make your personality rejuvenate by wearing this printed two-piece suit from the latest pret summer collection.
Product Detail
Printed Shirt With Trousers
Shirt
Round Neckline With Slit & Piping
Fabric: Lawn
Color: Grey
Trousers
Straight Trousers
Fabric: Cambric
Color: Grey
Note:
Product color may vary slightly due to photographic lighting sources or monitor settings.",https://nishatlinen.com/products/pe24-223,"image_3_879_1.jpg, image_3_879_2.jpg, image_3_879_3.jpg"
1 Piece - Printed Loose Fabric - 42403191 - Shirt / 3 / 3,Rs. 830.00 Rs. 540.00,"Elevate your daily style with this printed one-piece from the latest freedom to buy summer collection.
Product Detail:
Geometric Printed Style Shirt
SHIRT
Shirt: 3 Meter (RS 800/-Mtr)
Fabric: Lawn
Color: Black

Note:
Product color may slightly vary due to photographic lighting sources or your device settings.",https://nishatlinen.com/collections/women/products/42403191,"image_3_880_1.jpg, image_3_880_2.jpg, image_3_880_3.jpg"
Embroidered Shirt - PE24-114 - XS,"Rs. 5,130.00 Rs. 3,078.00","Ease your confusion for styling by wearing this embroidered shirt from the latest pret summer collection.
Product Detail
Embroidered Shirt
Shirt
Round Neckline With Tie-Up Dorri & Tassels Detail, Embroidered Hem & Sleeves
Fabric: Cambric
Color: Orange
Note:
Product color may vary slightly due to photographic lighting sources or monitor settings.",https://nishatlinen.com/products/pe24-114,"image_3_881_1.jpg, image_3_881_2.jpg, image_3_881_3.jpg"
2 Piece - Embroidered Suit - PE24-148 - XS,"Rs. 9,230.00 Rs. 5,538.00","Find the perfect look for you with this embroidered two-piece suit from the latest pret summer collection. 
Product Detail
Embroidered Shirt With Dupatta
Shirt
Band Neckline With Slit, Beads Detail On Embroidered Neckline & Sleeves
Fabric: Cambric
Color: Pink 
Dupatta
Fabric: Jacquard
Color: Pink
Note:
Product color may vary slightly due to photographic lighting sources or monitor settings. ",https://nishatlinen.com/collections/women/products/pe24-148,"image_3_882_1.jpg, image_3_882_2.jpg, image_3_882_3.jpg"
3 Piece - Printed Suit - PE24-214 - XS,"Rs. 10,160.00 Rs. 6,096.00","Look and feel your best by wearing this printed three-piece suit from the latest pret summer collection. 
Product Detail
Printed Shirt With Dupatta & Shalwar
Shirt
Round Neckline With Piping & Slit, Adda Detail On Neckline & Hem
Fabric: Lawn
Color: Brown
Dupatta
Fabric: Silk
Color: Mustard
Shalwar
Fabric: Cambric
Color: Mustard
Note:
Product color may vary slightly due to photographic lighting sources or monitor settings.",https://nishatlinen.com/products/pe24-214,"image_3_883_1.jpg, image_3_883_2.jpg, image_3_883_3.jpg"
2 Piece - Embroidered Loose Fabric - 42402005 - Shirt Front + Sleeves / 2 / 2,Rs. 436.00 - Rs. 663.00,"Strut in style with this embroidered two-piece from the latest freedom to buy summer collection.
Product Detail:
Shirt & Trousers
Measurements: 
Shirt Front + Sleeves Fabric: 2 Meter (RS 1950/-Mtr)
Shirt Back + Trousers Fabric: 3.75 Meter (RS 650/-Mtr)
Fabric: Cambric
Color: Dark Aqua
Note:
Product color may slightly vary due to photographic lighting sources or your device settings.",https://nishatlinen.com/collections/women/products/42402005,"image_3_884_1.jpg, image_3_884_2.jpg, image_3_884_3.jpg"
2 Piece - Printed Suit - PS24-302 - XS,"Rs. 4,820.00 Rs. 2,892.00","Make a unique style statement with this printed two-piece suit from the latest pret summer collection.
Product Detail
Printed Shirt With Trousers
Shirt
Band Neckline with Slit, Flared Hem, Printed Shirt
Fabric: Cambric
Color: Pink
Trousers
Printed Straight Trousers
Fabric: Cambric
Color: Pink
Note:
Product color may vary slightly due to photographic lighting sources or monitor settings.",https://nishatlinen.com/products/ps24-302,"image_3_885_1.jpg, image_3_885_2.jpg, image_3_885_3.jpg"
2 Piece - Printed Suit - 42401589,"Rs. 3,070.00 Rs. 1,995.50","Become the ultimate trendsetter with our printed two-piece from the latest unstitched summer collection.
Product Detail:
Mughal Flower Motifs In Printed Form Style Shirt with Dupatta
SHIRT
Printed Super Fine Lawn Shirt: 3 Meter
Fabric: Lawn
Color: Pink
DUPATTA
Printed Voile Dupatta: 2.5 Meter
Fabric: Voile
Color: ﻿Pink
Note:
Product color may slightly vary due to photographic lighting sources or your device settings.",https://nishatlinen.com/collections/women/products/42401589,"image_3_886_1.jpg, image_3_886_2.jpg, image_3_886_3.jpg"
1 Piece - Gold Printed Loose Fabric - 42403358 - Dupatta / 2.5 / 2.5,Rs. 880.00 Rs. 572.00,"Elevate your daily style with this gold printed one-piece from the latest freedom to buy summer collection.
Product Detail:
Florals Prints Style Dupatta
Dupatta
Dupatta: 2.5 Meter (RS 850/-Mtr)
Fabric: Voile
Color: Powder Pink
Note:
Product color may slightly vary due to photographic lighting sources or your device settings.",https://nishatlinen.com/collections/women/products/42403358,"image_3_887_1.jpg, image_3_887_2.jpg, image_3_887_3.jpg"
Printed Embroidered Dress - FE24-46 - XS,"Rs. 7,070.00 Rs. 4,242.00","Look and feel your best by wearing this printed embroidered dress from the latest pret summer collection.
Product Detail
Printed Embroidered Dress
Dress
Band Neckline With Piping, Sleeves With Frill, Gathers, Embroidered Neckline
Fabric: Cambric
Color: Off White
Note:
Product color may vary slightly due to photographic lighting sources or monitor settings.",https://nishatlinen.com/products/fe24-46,"image_3_888_1.jpg, image_3_888_2.jpg, image_3_888_3.jpg"
3 Piece - Printed Loose Fabric - 42403258 - Shirt / 3 / 3,Rs. 455.00 - Rs. 527.00,"Effortlessly radiate charm and sophistication in this printed three-piece from the latest freedom to buy summer collection.
Product Detail
Abstract Floral With Ikat Pattern Shirt Designed with Dupatta and Trousers
SHIRT
Shirt: 3 Meter (RS 750/-Mtr)
Fabric: Lawn
Color: Lime
DUPATTA
Dupatta: 2.5 Meter (RS 780/-Mtr)
Fabric: Voile
Color: Lime & White
TROUSERS
Trousers: 2.5 Meter (RS 680/-Mtr)
Fabric: Cambric
Color: ﻿Lime
Note:
Product color may slightly vary due to photographic lighting sources or your device settings.",https://nishatlinen.com/collections/women/products/42403258,"image_3_889_1.jpg, image_3_889_2.jpg, image_3_889_3.jpg"
3 Piece - Silver & Gold Paste Printed Embroidered Suit - 42401894,"Rs. 8,720.00 Rs. 5,668.00","Design your elegance, and define your style with silver & gold paste printed embroidered three-piece from the latest unstitched summer collection.
Product Detail:
Ethnic Mix Style Shirt with Dupatta and Trousers
SHIRT
Gold & Silver Paste Printed Super Fine Lawn Shirt: 3 Meter
Embroidered Neckline + Motifs
Fabric: Lawn
Color: Blue
DUPATTA
Gold & Silver Paste Printed Lawn Dupatta: 2.5 Meter
Fabric: Lawn
Color: Blue
TROUSERS
Dyed Cambric Trousers: 2.5 Meter
Fabric: Cambric
Color: White
Note:
Product color may slightly vary due to photographic lighting sources or your device settings.",https://nishatlinen.com/products/42401894,"image_3_890_1.jpg, image_3_890_2.jpg, image_3_890_3.jpg"
3 Piece - Printed Suit - 42402116,"Rs. 4,990.00 Rs. 3,992.00","Look stylish with our daily wear printed three-piece from the latest unstitched summer collection.
Product Detail:
Block Printed Style Shirt with Dupatta and Trousers
SHIRT
Printed Lawn Shirt: 3 Meter
Fabric: Lawn
Color: Light Yellow
DUPATTA
Printed Doriya Dupatta: 2.5 Meter
Fabric: Doriya
Color: Light Yellow
TROUSERS
Solid Cambric Trousers: 2.5 Meter
Fabric: Cambric
Color: Light Yellow
Note:
Product color may slightly vary due to photographic lighting sources or your device settings.",https://nishatlinen.com/products/42402116,"image_3_891_1.jpg, image_3_891_2.jpg, image_3_891_3.jpg"
2 Piece - Printed Suit - 42402151,"Rs. 3,290.00 Rs. 2,632.00","Elevate your daily style with this printed two-piece from the latest unstitched summer collection.
Product Detail:
Modern Printed Style Shirt with Trousers
SHIRT
Digital Printed Cambric Shirt: 3 Meter
Fabric: Cambric
Color: Black
TROUSERS
Digital Printed Cambric Trousers: 2.5 Meter
Fabric: Cambric
Color: Black
Note:
Product color may slightly vary due to photographic lighting sources or your device settings.",https://nishatlinen.com/products/42402151,"image_3_892_1.jpg, image_3_892_2.jpg, image_3_892_3.jpg"
1 Piece - Gold Printed Loose Fabric - 42403356 - Dupatta / 2.5 / 2.5,Rs. 880.00 Rs. 572.00,"Adorn grace with this gold printed one-piece from the latest freedom to buy summer collection.
Product Detail:
Banarsi Prints Style Dupatta
Dupatta
Dupatta: 2.5 Meter (RS 850/-Mtr)
Fabric: Voile
Color: Sea Green & Pink
Note:
Product color may slightly vary due to photographic lighting sources or your device settings.",https://nishatlinen.com/collections/women/products/42403356,"image_3_893_1.jpg, image_3_893_2.jpg, image_3_893_3.jpg"
3 Piece - Jacquard Embroidered Suit - 42401929,"Rs. 8,720.00 Rs. 5,668.00","Built up your look enlivened in this jacquard embroidered three-piece from the latest unstitched summer collection.
Product Detail:
Ethnic Floral Style Shirt with Dupatta and Trousers
SHIRT
Jacquard Shirt: 3 Meter
Embroidered Neckline + Border
Fabric: Jacquard
Color: Blue
DUPATTA
Digital Printed Zari Lawn Dupatta: 2.5 Meter
Fabric: Zari Lawn
Color: Blue
TROUSERS
Solid Cambric Trousers: 2.5 Meter
Fabric: Cambric
Color: Blue
Note:
Product color may slightly vary due to photographic lighting sources or your device settings.",https://nishatlinen.com/products/42401929,"image_3_894_1.jpg, image_3_894_2.jpg, image_3_894_3.jpg"
Printed Embroidered Shirt - PE24-358 - XS,"Rs. 4,100.00 Rs. 2,460.00","Ease your confusion for styling by wearing this printed embroidered shirt from the latest pret summer collection.
Product Detail
Printed Embroidered Shirt
Shirt
Round Neckline With V Slit, Embroidered Front
Fabric: Lawn
Color: Black
Note:
Product color may vary slightly due to photographic lighting sources or monitor settings.",https://nishatlinen.com/collections/women/products/pe24-358,"image_3_895_1.jpg, image_3_895_2.jpg, image_3_895_3.jpg"
3 Piece - Gold & Silver Printed Loose Fabric - 42403311 - Shirt / 3 / 3,Rs. 880.00 Rs. 572.00,"Elevate your style game in gold & silver printed three-piece from the latest freedom to buy summer collection.
Product Detail:
Stars Prints Style Shirt with Dupatta and Trousers 
SHIRT
Shirt: 3 Meter (RS 800/-Mtr)
Fabric: Lawn
Color: Sea Green
DUPATTA
Dupatta: 2.5 Meter (RS 850/-Mtr)
Fabric: Voile
Color: Sea Green
TROUSERS
Trousers: 2.5 Meter (RS 680/-Mtr)
Fabric: Cambric
Color: Sea Green
Note:
Product color may slightly vary due to photographic lighting sources or your device settings.",https://nishatlinen.com/products/42403311,"image_3_896_1.jpg, image_3_896_2.jpg, image_3_896_3.jpg"
1 Piece - Printed Loose Fabric - 42403076 - Dupatta / 2.5 / 2.5,Rs. 670.00 Rs. 436.00,"Look chicest with this printed one-piece from the latest freedom to buy summer collection.
Product Detail:
Brush Stroke Textures In Prints Style Dupatta
DUPATTA
Dupatta: 2.5 Meter (RS 750/-Mtr)
Fabric: Voile
Color: White
Note:
Product color may slightly vary due to photographic lighting sources or your device settings.",https://nishatlinen.com/products/42403076,"image_3_897_1.jpg, image_3_897_2.jpg, image_3_897_3.jpg"
2 Piece - Printed Suit - AS24-84 - XS,"Rs. 5,690.00 Rs. 3,414.00","Enhance the value of your clothing for lovely appearance with this printed two-piece suit from the latest pret summer collection.
Product Detail
Dyed Shirt With Printed Trousers
Shirt
Collar Neckline With Placket, Puffed Sleeves
Fabric: Cambric
Color: Green
Trousers
Printed Loose Straight Trousers
Fabric: Cambric
Color: Green
Note:
Product color may vary slightly due to photographic lighting sources or monitor settings.",https://nishatlinen.com/products/as24-84,"image_3_898_1.jpg, image_3_898_2.jpg, image_3_898_3.jpg"
2 Piece - Printed Suit - 42401188,"Rs. 2,870.00 Rs. 1,865.50","Revamp your wardrobe with this printed two-piece from the latest unstitched summer collection.
Product Detail:
Textures With Floral Prints Shirt With Trousers
SHIRT
Printed Super Fine Lawn Shirt: 3 Meter
Fabric: Lawn
Color: Blue
TROUSERS
Printed Cambric Trousers: 2.5 Meter
Fabric: Cambric
Color: Green
Note:
Product color may slightly vary due to photographic lighting sources or your device settings.",https://nishatlinen.com/products/42401188,"image_3_899_1.jpg, image_3_899_2.jpg, image_3_899_3.jpg"
Printed Embroidered Shirt  - PS24-318 - XS,"Rs. 5,190.00 Rs. 3,114.00","Make your day magnificent by wearing this printed embroidered shirt from the latest pret summer collection.
Product Detail
Printed Embroidered Shirt 
Shirt
Band Neckline With Placket, Embroidered Neckline & Sleeves Edges
Fabric: Lawn 
Color: Black
Note:
Product color may vary slightly due to photographic lighting sources or monitor settings.",https://nishatlinen.com/products/ps24-318,"image_3_900_1.jpg, image_3_900_2.jpg, image_3_900_3.jpg"
3 Piece - Printed Embroidered Suit - 42401644,"Rs. 9,740.00 Rs. 6,331.00","Glorify yourself with this amazing printed embroidered three-piece from the latest unstitched summer collection.
Product Detail:
Ethnic Prints Style Shirt with Dupatta and Trousers
SHIRT
Solid Cambric Shirt: 3 Meter
Embroidered Front + Border
Fabric: Cambric
Color: Blue
DUPATTA
Digital Printed Brochia Dupatta: 2.5 Meter
Fabric: Brochia
Color: Blue
TROUSERS
Printed Cambric Trousers: 2.5 Meter
Fabric: Cambric
Color: Blue
Note:
Product color may slightly vary due to photographic lighting sources or your device settings.",https://nishatlinen.com/collections/women/products/42401644,"image_3_901_1.jpg, image_3_901_2.jpg, image_3_901_3.jpg"
3 Piece - Printed Suit - 42402116,"Rs. 4,990.00 Rs. 3,992.00","Look stylish with our daily wear printed three-piece from the latest unstitched summer collection.
Product Detail:
Block Printed Style Shirt with Dupatta and Trousers
SHIRT
Printed Lawn Shirt: 3 Meter
Fabric: Lawn
Color: Light Yellow
DUPATTA
Printed Doriya Dupatta: 2.5 Meter
Fabric: Doriya
Color: Light Yellow
TROUSERS
Solid Cambric Trousers: 2.5 Meter
Fabric: Cambric
Color: Light Yellow
Note:
Product color may slightly vary due to photographic lighting sources or your device settings.",https://nishatlinen.com/collections/women/products/42402116,"image_3_902_1.jpg, image_3_902_2.jpg, image_3_902_3.jpg"
3 Piece - Digital Printed Jacquard Embroidered Suit - 42401177,"Rs. 9,230.00 Rs. 5,999.50","Make a soft appearance in our digital printed jacquard embroidered three-piece from the latest unstitched summer collection.
Product Detail:
Floral Vines Style Shirt with Dupatta and Trousers
SHIRT
Digital Printed Brochia Jacquard Shirt: 3 Meter
Embroidered Motifs + Border
Fabric: Brochia Jacquard
Color: Light Beige
DUPATTA
Digital Printed Brochia Jacquard Dupatta: 2.5 Meter
Fabric: Brochia Jacquard
Color: Light Beige
TROUSERS
Dyed Cambric Trousers: 2.5 Meter
Fabric: Cambric
Color: ﻿Light Beige
Note:
Product color may slightly vary due to photographic lighting sources or your device settings.",https://nishatlinen.com/products/42401177,"image_3_903_1.jpg, image_3_903_2.jpg, image_3_903_3.jpg"
3 Piece - Printed Loose Fabric - 42403049 - Shirt / 3 / 3,Rs. 670.00 Rs. 436.00,"Brighten up your wardrobe with this printed three-piece from the latest freedom to buy summer collection.
Product Detail:
Floral Geometric Mix Printed Style Shirt with Dupatta and Trousers
SHIRT
Shirt: 3 Meter (RS 730/-Mtr)
Fabric: Lawn
Color: Dull Peach
DUPATTA
Dupatta: 2.5 Meter (RS 750/-Mtr)
Fabric: Voile
Color: Dull Peach
TROUSERS
Trousers: 2.5 Meter (RS 650/-Mtr)
Fabric: Cambric
Color: ﻿Dull Peach
Note:
Product color may slightly vary due to photographic lighting sources or your device settings.",https://nishatlinen.com/products/42403049,"image_3_904_1.jpg, image_3_904_2.jpg, image_3_904_3.jpg"
2 Piece - Printed Suit - 42401962,"Rs. 2,870.00 Rs. 1,865.50","Preserve your beautiful memories by wearing this printed two-piece from the latest unstitched summer collection.
Product Detail:
Geometric Printed Style Shirt with Trousers
SHIRT
Printed Super Fine Lawn Shirt: 3 Meter
Fabric: Lawn
Color: Black
TROUSERS
Solid Cambric Trousers: 2.5 Meter
Fabric: Cambric
Color: Black
Note:
Product color may slightly vary due to photographic lighting sources or your device settings.",https://nishatlinen.com/products/42401962,"image_3_905_1.jpg, image_3_905_2.jpg, image_3_905_3.jpg"
3 Piece - Digital Printed Suit - 42401499,"Rs. 8,200.00 Rs. 5,330.00","Get opulent lifestyle with unique combination of digital printed three-piece from the latest unstitched summer collection.
Product Detail:
Floral Bunhes With Laces Printed Style Shirt with Dupatta and Trousers
SHIRT
Digital Printed Brochia Jacquard Shirt: 3 Meter
Fabric: Jacquard
Color: Red
DUPATTA
Digital Printed Brochia Jacquard Dupatta: 2.5 Meter
Fabric: Jacquard
Color: Red
TROUSERS
Dyed Cambric Trousers: 2.5 Meter
Fabric: Cambric
Color: ﻿Red
Note:
Product color may slightly vary due to photographic lighting sources or your device settings.",https://nishatlinen.com/products/42401499,"image_3_906_1.jpg, image_3_906_2.jpg, image_3_906_3.jpg"
3 Piece - Printed Loose Fabric - 42403277 - Trouser / 2.5 / 2.5,Rs. 455.00 - Rs. 527.00,"Radiate confidence and charm with this printed three-piece from the latest freedom to buy summer collection.
Product Detail:
Floral Silhouettes With Bunches Style Shirt with Dupatta and Trousers
SHIRT
Shirt: 3 Meter (RS 750/-Mtr)
Fabric: Lawn
Color: Marsala
DUPATTA
Dupatta: 2.5 Meter (RS 780/-Mtr)
Fabric: Voile
Color: Marsala
TROUSERS
Trousers: 2.5 Meter (RS 680/-Mtr)
Fabric: Cambric
Color: ﻿Off White
Note:
Product color may slightly vary due to photographic lighting sources or your device settings.",https://nishatlinen.com/products/42403277,"image_3_907_1.jpg, image_3_907_2.jpg, image_3_907_3.jpg"
3 Piece - Printed Loose Fabric - 42403019 - Shirt / 3 / 3,Rs. 670.00 Rs. 436.00,"Indulge in sophistication as you drape yourself in this captivating printed three one-piece from the latest freedom to buy summer collection.
Product Detail:
Mughal Printed Style Shirt with Dupatta and Trousers
SHIRT
Shirt: 3 Meter (RS 730/-Mtr)
Fabric: Lawn
Color: Off White
DUPATTA
Dupatta: 2.5 Meter (RS 750/-Mtr)
Fabric: Voile
Color: Off White
TROUSERS
Trousers: 2.5 Meter (RS 650/-Mtr)
Fabric: Cambric
Color: ﻿Off White
Note:
Product color may slightly vary due to photographic lighting sources or your device settings.",https://nishatlinen.com/collections/women/products/42403019,"image_3_908_1.jpg, image_3_908_2.jpg, image_3_908_3.jpg"
3 Piece - Printed Loose Fabric - 42403140 - Dupatta / 2.5 / 2.5,Rs. 830.00 Rs. 540.00,"Unveil your inner goddess with printed three-piece from the latest freedom to buy summer collection.
Product Detail:
Persian Tile Patterns Printed Style Shirt with Dupatta and Trousers
SHIRT
Shirt: 3 Meter (RS 730/-Mtr)
Fabric: Lawn
Color: Blue
DUPATTA
Dupatta: 2.5 Meter (RS 750/-Mtr)
Fabric: Voile
Color: Blue
TROUSERS
Trousers: 2.5 Meter (RS 690/-Mtr)
Fabric: Cambric
Color: Blue
Note:
Product color may slightly vary due to photographic lighting sources or your device settings.",https://nishatlinen.com/products/42403140,"image_3_909_1.jpg, image_3_909_2.jpg, image_3_909_3.jpg"
3 Piece - Printed Loose Fabric - 42403170 - Shirt / 3 / 3,Rs. 830.00 Rs. 540.00,"Unlock the gateway to sophistication with this printed three-piece from the latest freedom to buy summer collection.
Product Detail:
Rose Patterns With Banarsi Borders Printed Style Shirt with Dupatta and Trousers
SHIRT
Shirt: 3 Meter (RS 730/-Mtr)
Fabric: Lawn
Color: Pink
DUPATTA
Dupatta: 2.5 Meter (RS 750/-Mtr)
Fabric: Voile
Color: Pink
TROUSERS
Trousers: 2.5 Meter (RS 780/-Mtr)
Fabric: Cambric
Color: Pink
Note:
Product color may slightly vary due to photographic lighting sources or your device settings.",https://nishatlinen.com/products/42403170,"image_3_910_1.jpg, image_3_910_2.jpg, image_3_910_3.jpg"
2 Piece - Embroidered Suit - PS24-107 - XS,"Rs. 7,690.00 Rs. 4,614.00","Indulge in a world of sheer enchantment with this embroidered two-piece suit from the latest pret summer collection.
Product Detail
Embroidered Shirt With Trousers
Shirt
Round Neckline With Slit & Piping, Embroidered Front & Sleeves, Paneled Shirt
Fabric: Cambric
Color: Pink
Trousers
Straight Trousers
Fabric: Cambric 
Color: Pink
Note:
Product color may vary slightly due to photographic lighting sources or monitor settings.",https://nishatlinen.com/products/ps24-107,"image_3_911_1.jpg, image_3_911_2.jpg, image_3_911_3.jpg"
1 Piece - Digital Printed Loose Fabric - 42403397 - Shirt / 3 / 3,Rs. 830.00 Rs. 540.00,"Effortlessly capture hearts with the delicate digital printed one-piece from the latest freedom to buy summer collection.
Product Detail:
Abstract Printed Style Shirt 
SHIRT
Shirt: 3 Meter (RS 830/-Mtr)
Fabric: Cotton 
Color: Pink

Note:
Product color may slightly vary due to photographic lighting sources or your device settings.",https://nishatlinen.com/products/42403397,"image_3_912_1.jpg, image_3_912_2.jpg, image_3_912_3.jpg"
3 Piece - Printed Suit - 42401850,"Rs. 6,150.00 Rs. 3,997.50","Get a versatile look with our printed three-piece from the latest unstitched summer collection.
Product Detail:
Block Print Paisleys Shirt with Dupatta and Trousers
SHIRT
Printed Lawn Shirt: 3 Meter
Fabric: Lawn
Color: Beige & Black
DUPATTA
Digital Printed Zari Lawn Dupatta: 2.5 Meter
Fabric: Zari Lawn
Color: Beige & Black
TROUSERS
Dyed Cambric Trousers: 2.5 Meter
Fabric: Cambric
Color: Beige
Note:
Product color may slightly vary due to photographic lighting sources or your device settings.",https://nishatlinen.com/collections/women/products/42401850,"image_3_913_1.jpg, image_3_913_2.jpg, image_3_913_3.jpg"
2 piece - Digital Printed Embroidered Suit - 42401747,"Rs. 5,130.00 Rs. 3,334.50","Get special attention is given by wearing this digital printed embroidered two-piece from the latest unstitched summer collection.
Product Detail:
Block Print Style Shirt with Trousers
SHIRT
Digital Printed Cambric Shirt: 3 Meter
Embroidered Neckline
Fabric: Cambric
Color: Maroon
TROUSERS
Solid Cambric Trousers: 2.5 Meter
Fabric: Cambric
Color: Maroon
Note:
Product color may slightly vary due to photographic lighting sources or your device settings.",https://nishatlinen.com/products/42401747,"image_3_914_1.jpg, image_3_914_2.jpg, image_3_914_3.jpg"
2 Piece - Embroidered Suit - PE24-149 - XS,"Rs. 8,200.00 Rs. 4,920.00","Radiate positivity and vibrancy in this embroidered two-piece suit from the latest pret summer collection. 
Product Detail
Embroidered Shirt With Dupatta
Shirt
Round Neckline With V Slit, Embroidered Front, Lace Detail on Sleeves Edges, Long Shirt
Fabric: Cambric
Color: Rust
Dupatta
Tassels Detail At Dupatta Corners
Fabric: Maysuri
Color: Rust
Note:
Product color may vary slightly due to photographic lighting sources or monitor settings.",https://nishatlinen.com/products/pe24-149,"image_3_915_1.jpg, image_3_915_2.jpg, image_3_915_3.jpg"
Printed Shirt - PE24-357 - XS,"Rs. 4,100.00 Rs. 2,460.00","Get a fabulous look by wearing this printed shirt from the latest pret summer collection.
Product Detail
Printed Shirt
Shirt
Round Neckline With Piping & Slit, Adda Work Detail On Front Piping
Fabric: Lawn
Color: Peach
Note:
Product color may vary slightly due to photographic lighting sources or monitor settings.",https://nishatlinen.com/collections/women/products/pe24-357,"image_3_916_1.jpg, image_3_916_2.jpg, image_3_916_3.jpg"
3 Piece - Printed Embroidered Suit - 42401153,"Rs. 7,180.00 Rs. 4,667.00","Begin Your Fashion Journey with our printed embroidered three-piece from the latest unstitched summer collection.
Product Detail:
Tie & Dye Patterns Prints Style Shirt with Dupatta and Trousers
SHIRT
Printed Super Fine Lawn Shirt: 3 Meter
Embroidered Motifs + Border 
Fabric: Lawn
Color: Pink
DUPATTA
Digital Printed Emboss Chiffon Dupatta: 2.5 Meter
Fabric: Chiffon
Color: Pink
TROUSERS
Dyed Cambric Trousers: 2.5 Meter
Fabric: Cambric
Color: White
Note:
Product color may slightly vary due to photographic lighting sources or your device settings.",https://nishatlinen.com/products/42401153,"image_3_917_1.jpg, image_3_917_2.jpg, image_3_917_3.jpg"
3 Piece - Yarn Dyed Embroidered Suit - 42402167,"Rs. 8,490.00 Rs. 6,792.00","Become the ultimate trendsetter with our yarn dyed embroidered three-piece from the latest unstitched summer collection.
Product Detail:
Yarn Dyed Dupatta With Block Print Booti On Shirt and Trousers
SHIRT
Jacquard Shirt: 3 Meter
Embroidered Neckline + Border
Fabric: Jacquard
Color: Off White
DUPATTA
Yarn Dyed Dupatta: 2.5 Meter
Fabric: Yarn Dyed
Color: Off White
TROUSERS
Solid Cambric Trousers: 2.5 Meter
Fabric: Solid Cambric
Color: Off White
Note:
Product color may slightly vary due to photographic lighting sources or your device settings.",https://nishatlinen.com/products/42402167,"image_3_918_1.jpg, image_3_918_2.jpg, image_3_918_3.jpg"
3 Piece - Printed Suit - 42401854,"Rs. 6,150.00 Rs. 3,997.50","Build your core wardrobe with this printed three-piece from the latest unstitched summer collection.
Product Detail:
Kashmiri Paisleys With Lace Motifs In Borders Printed Style Shirt with Dupatta and Trousers
SHIRT
Printed Lawn Shirt: 3 Meter
Fabric: Lawn
Color: Teal Green
DUPATTA
Digital Printed Zari Lawn Dupatta: 2.5 Meter
Fabric: Zari Lawn
Color: Teal Green
TROUSERS
Dyed Cambric Trousers: 2.5 Meter
Fabric: Cambric
Color: Teal Green
Note:
Product color may slightly vary due to photographic lighting sources or your device settings.",https://nishatlinen.com/products/42401854,"image_3_919_1.jpg, image_3_919_2.jpg, image_3_919_3.jpg"
3 Piece - Printed Suit - 42401664,"Rs. 5,640.00 Rs. 3,666.00","Refresh your wardrobe with this printed three-piece from the latest unstitched summer collection.
Product Detail:
Floral Printed Style Style Shirt with Dupatta and Trousers
SHIRT
Printed Super Fine Lawn Shirt: 3 Meter
Fabric: Lawn
Color: Pink
DUPATTA
Digital Printed Muzlin Dupatta: 2.5 Meter
Fabric: Muzlin
Color: Pink
TROUSERS
Dyed Cambric Trousers: 2.5 Meter
Fabric: Cambric
Color: ﻿Pink
Note:
Product color may slightly vary due to photographic lighting sources or your device settings.",https://nishatlinen.com/collections/women/products/42401664,"image_3_920_1.jpg, image_3_920_2.jpg, image_3_920_3.jpg"
3 Piece - Printed Suit - 42402102,"Rs. 4,990.00 Rs. 3,992.00","Look your best with this elegant printed three-piece from the latest unstitched summer collection.
Product Detail:
Banarsi Printed Style Shirt with Dupatta and Trousers
SHIRT
Printed Lawn Shirt: 3 Meter
Fabric: Lawn
Color: Red
DUPATTA
Printed Doriya Dupatta: 2.5 Meter
Fabric: Doriya
Color: Red
TROUSERS
Solid Cambric Trousers: 2.5 Meter
Fabric: Cambric
Color: Red
Note:
Product color may slightly vary due to photographic lighting sources or your device settings.",https://nishatlinen.com/products/42402102,"image_3_921_1.jpg, image_3_921_2.jpg, image_3_921_3.jpg"
3 Piece - Printed Embroidered Suit - 42402065,"Rs. 8,690.00 Rs. 5,648.50","Elevate your fashion identity with printed embroidered three-piece from the latest unstitched summer collection.
Product Detail:
Ethnic Style Shirt with Dupatta and Trousers
SHIRT
Printed Super Fine Lawn Shirt: 3 Meter
Embroidered Neckline + Motifs + Border
Fabric: Lawn
Color: Deep Blue
DUPATTA
Digital Printed Fancy Jacquard Dupatta: 2.5 Meter
Fabric: Jacquard
Color: Deep Blue
TROUSERS
Solid Cambric Trousers: 2.5 Meter
Fabric: Cambric
Color: Deep Blue
Note:
Product color may slightly vary due to photographic lighting sources or your device settings.",https://nishatlinen.com/products/42402065,"image_3_922_1.jpg, image_3_922_2.jpg, image_3_922_3.jpg"
3 Piece - Printed Loose Fabric - 42403308 - Shirt / 3 / 3,Rs. 880.00 Rs. 572.00,"Find your magic with this gorgeous printed three-piece from the latest freedom to buy summer collection.
Product Detail:
Florals With Lace Borders Style Shirt with Dupatta and Trousers 
SHIRT
Shirt: 3 Meter (RS 750/-Mtr)
Fabric: Lawn
Color: Beige
DUPATTA
Dupatta: 2.5 Meter (RS 780/-Mtr)
Fabric: Voile
Color: Beige
TROUSERS
Trousers: 2.5 Meter (RS 680/-Mtr)
Fabric: Cambric
Color: Beige
Note:
Product color may slightly vary due to photographic lighting sources or your device settings.",https://nishatlinen.com/collections/women/products/42403308,"image_3_923_1.jpg, image_3_923_2.jpg, image_3_923_3.jpg"
3 Piece - Printed Suit - 42402046,"Rs. 6,150.00 Rs. 3,997.50","Command attention and leave a lasting impression with this printed three-piece from the latest unstitched summer collection. 
Product Detail:
Floral Baroque Mix Printed Style Shirt with Dupatta & Trousers
SHIRT
Printed Super Fine Lawn Shirt: 3 Meter
Fabric: Lawn
Color: Black 
DUPATTA
Digital Printed Crinkle Chiffon Dupatta: 2.5 Meter
Fabric: Crinkle Chiffon
Color: Black
TROUSERS
Solid Cambric Trousers: 2.5 Meter
Fabric: Cambric
Color: Black
Note:
Product color may slightly vary due to photographic lighting sources or your device settings.",https://nishatlinen.com/collections/women/products/42402046,"image_3_924_1.jpg, image_3_924_2.jpg, image_3_924_3.jpg"
1 Piece - Gold Printed Loose Fabric - 42403236 - Dupatta / 2.5 / 2.5,Rs. 830.00 Rs. 540.00,"Adorn grace with this gold printed one-piece from the latest freedom to buy summer collection.
Product Detail:
Floral Jaal Printed Style Dupatta
DUPATTA
Dupatta: 2.5 Meter (RS 800/-Mtr)
Fabric: Voile
Color: Red

Note:
Product color may slightly vary due to photographic lighting sources or your device settings.",https://nishatlinen.com/collections/women/products/42403236,"image_3_925_1.jpg, image_3_925_2.jpg, image_3_925_3.jpg"
3 Piece - Printed Loose Fabric - 42403297 - Trouser / 2.5 / 2.5,Rs. 880.00 Rs. 572.00,"Look graceful in this printed three-piece from the latest freedom to buy summer collection.
Product Detail:
Modern Floral Printed Style Shirt with Dupatta and Trousers 
SHIRT
Shirt: 3 Meter (RS 750/-Mtr)
Fabric: Lawn
Color: Orange
DUPATTA
Dupatta: 2.5 Meter (RS 780/-Mtr)
Fabric: Voile
Color: Lilac
TROUSERS
Trousers: 2.5 Meter (RS 680/-Mtr)
Fabric: Cambric
Color: Orange
Note:
Product color may slightly vary due to photographic lighting sources or your device settings.",https://nishatlinen.com/collections/women/products/42403297,"image_3_926_1.jpg, image_3_926_2.jpg, image_3_926_3.jpg"
3 Piece - Digital Printed Suit - 42401555,"Rs. 8,200.00 Rs. 5,330.00","Stay updated with the trends by wearing this digital printed three-piece from the latest unstitched summer collection.
Product Detail:
Ethnic Style Shirt with Dupatta and Trousers
SHIRT
Digital Printed Brochia Jacquard Shirt: 3 Meter
Fabric: Jacquard
Color: Black
DUPATTA
Digital Printed Brochia Jacquard Dupatta: 2.5 Meter
Fabric: Jacquard
Color: Black
TROUSERS
Dyed Cambric Trousers: 2.5 Meter
Fabric: Cambric
Color: ﻿Black
Note:
Product color may slightly vary due to photographic lighting sources or your device settings.",https://nishatlinen.com/products/42401555,"image_3_927_1.jpg, image_3_927_2.jpg, image_3_927_3.jpg"
3 Piece - Printed Embroidered Suit - 42402065,"Rs. 8,690.00 Rs. 5,648.50","Elevate your fashion identity with printed embroidered three-piece from the latest unstitched summer collection.
Product Detail:
Ethnic Style Shirt with Dupatta and Trousers
SHIRT
Printed Super Fine Lawn Shirt: 3 Meter
Embroidered Neckline + Motifs + Border
Fabric: Lawn
Color: Deep Blue
DUPATTA
Digital Printed Fancy Jacquard Dupatta: 2.5 Meter
Fabric: Jacquard
Color: Deep Blue
TROUSERS
Solid Cambric Trousers: 2.5 Meter
Fabric: Cambric
Color: Deep Blue
Note:
Product color may slightly vary due to photographic lighting sources or your device settings.",https://nishatlinen.com/collections/women/products/42402065,"image_3_928_1.jpg, image_3_928_2.jpg, image_3_928_3.jpg"
2 Piece - Printed Suit - 42401631,"Rs. 3,590.00 Rs. 2,333.50","Make your day memorable with this graceful printed two-piece from the latest unstitched summer collection.
Product Detail:
Embroidery Style Borders With Ikkat Textures In Printed From Shirt with Dupatta
SHIRT
Printed Super Fine Lawn Shirt: 3 Meter
Fabric: Lawn
Color: Orange
DUPATTA
Digital Printed Crinkle Chiffon Dupatta: 2.5 Meter
Fabric: Crinkle Chiffon
Color: ﻿Orange
Note:
Product color may slightly vary due to photographic lighting sources or your device settings.",https://nishatlinen.com/collections/women/products/42401631,"image_3_929_1.jpg, image_3_929_2.jpg, image_3_929_3.jpg"
1 Piece - Paste Printed Loose Fabric - 42403087 - Trouser / 2.5 / 2.5,Rs. 670.00 Rs. 436.00,"Encapsulate the essence of modern and timeless refinement with our paste printed one-piece from the latest freedom to buy summer collection.
Product Detail:
Floral Block Prints Style Trousers
TROUSERS
Trousers: 2.5 Meter (RS 690/-Mtr)
Fabric: Cambric
Color: ﻿Black
Note:
Product color may slightly vary due to photographic lighting sources or your device settings.",https://nishatlinen.com/collections/women/products/42403087,"image_3_930_1.jpg, image_3_930_2.jpg, image_3_930_3.jpg"
Printed Dress - FS24-26 - XS,"Rs. 8,200.00 Rs. 4,920.00","For a polished and sophisticated look, opt for this printed dress from the latest summer collection. 
Product Detail
Printed Dress
Dress
V Neckline With Gusset, Pocket At Both Sides, Dropped Corner Dress
Fabric: Silk
Color: Blue
Note:
Product color may vary slightly due to photographic lighting sources or monitor settings.",https://nishatlinen.com/collections/women/products/fs24-26,"image_3_931_1.jpg, image_3_931_2.jpg, image_3_931_3.jpg"
Embroidered Shirt - PS24-96 - XS,"Rs. 3,590.00 Rs. 2,154.00","Look enticing this summer by wearing this embroidered shirt from the latest pret summer collection. 
Product Detail
Embroidered Shirt
Shirt
Round Neckline, Round Hem, Embroidered Neckline
Fabric: Cambric
Color: Parrot Green
Note:
Product color may vary slightly due to photographic lighting sources or monitor settings.",https://nishatlinen.com/products/ps24-96,"image_3_932_1.jpg, image_3_932_2.jpg, image_3_932_3.jpg"
3 Piece - Printed Embroidered Suit - 42401202,"Rs. 7,690.00 Rs. 4,998.50","Delicate your look with this printed embroidered three-piece from the latest unstitched summer collection.
Product Detail:
Butterflies Prints Style Shirt with Dupatta and Trousers
SHIRT
Printed Super Fine Lawn Shirt: 3 Meter
Embroidered Motifs
Fabric: Lawn
Color: Black
DUPATTA
Digital Printed Crinkle Chiffon Dupatta: 2.5 Meter
Fabric: Crinkle Chiffon
Color: Black
TROUSERS
Printed Cambric Trousers: 2.5 Meter
Fabric: Cambric
Color: ﻿Black
Note:
Product color may slightly vary due to photographic lighting sources or your device settings.",https://nishatlinen.com/collections/women/products/42401202,"image_3_933_1.jpg, image_3_933_2.jpg, image_3_933_3.jpg"
Printed Shirt - PS24-243 - XS,"Rs. 4,190.00 Rs. 2,514.00","Look and feel your best by wearing this printed shirt from the latest pret summer collection. 
Product Detail
Printed Shirt
Shirt
Round Neckline With Slit & Buttons Detail On Piping, Straight Shirt
Fabric: Lawn
Color: Sage
Note:
Product color may vary slightly due to photographic lighting sources or monitor settings.",https://nishatlinen.com/collections/women/products/ps24-243,"image_3_934_1.jpg, image_3_934_2.jpg, image_3_934_3.jpg"
2 Piece - Dyed Embroidered Suit - 42401066,"Rs. 5,640.00 Rs. 3,666.00","Make special occasions even more magical with this dyed embroidered two-piece from the latest unstitched summer collection.
Product Detail:
Shirt with Trousers
SHIRT
Embroidered Cambric Front:1.15 Meter
Dyed Cambric Back & Sleeves:1.85 Meter
Fabric: Cambric
Color: Off White
TROUSERS
Dyed Cambric Trousers: 2.5 Meter
Fabric: Cambric
Color: ﻿Off White
Note:
Product color may slightly vary due to photographic lighting sources or your device settings.",https://nishatlinen.com/collections/women/products/42401066,"image_3_935_1.jpg, image_3_935_2.jpg, image_3_935_3.jpg"
2 Piece - Printed Suit - PS24-312 - XS,"Rs. 4,510.00 Rs. 2,706.00","Radiate positivity and vibrancy in this printed two-piece suit from the latest pret summer collection.
Product Detail
Printed Shirt With Trousers
Shirt
Band V Neckline, Overlap Panel On Front Round Hem, Classic Shirt
Fabric: Cambric
Color: Olive Green
Trousers
Straight Trousers
Fabric: Cambric
Color: Olive Green
Note:
Product color may vary slightly due to photographic lighting sources or monitor settings.",https://nishatlinen.com/collections/women/products/ps24-312,"image_3_936_1.jpg, image_3_936_2.jpg, image_3_936_3.jpg"
3 Piece - Printed Loose Fabric - 42403289 - Shirt / 3 / 3,Rs. 880.00 Rs. 572.00,"Level up your wardrobe with gorgeous printed three-piece from the latest freedom to buy summer collection.
Product Detail:
Floral Prints Style Shirt with Dupatta and Trousers 
SHIRT
Shirt: 3 Meter (RS 750/-Mtr)
Fabric: Lawn
Color: Black
DUPATTA
Dupatta: 2.5 Meter (RS 780/-Mtr)
Fabric: Voile
Color: Black
TROUSERS
Trousers: 2.5 Meter (RS 680/-Mtr)
Fabric: Cambric
Color: Black
Note:
Product color may slightly vary due to photographic lighting sources or your device settings.",https://nishatlinen.com/products/42403289,"image_3_937_1.jpg, image_3_937_2.jpg, image_3_937_3.jpg"
Slip - PW24-99 - XS,"Rs. 1,350.00 Rs. 1,080.00","Add comfort and a soft and smooth feel to your daily wear with this slip from the latest winter collection.  
Product Detail
Basic Slip
Slip
Round Neckline Slip
Fabric: Voile
Color: Off White
Note:
Product color may slightly vary due to photographic lighting sources or your monitor settings.",https://nishatlinen.com/products/pw24-99,image_3_938_1.jpg
Basic Trousers - PE24-388 - XS,"Rs. 1,740.00 Rs. 1,044.00","Create the most iconic look and become a symbol of modern femininity with this basic trousers from the latest pret summer collection. 
Product Detail
Basic Trousers
Trousers
Loose Straight Trousers With Lace & Pintucks Detail On Hem
Fabric: Cambric
Color: White
Note:
Product color may vary slightly due to photographic lighting sources or monitor settings.",https://nishatlinen.com/products/pe24-388,"image_3_939_1.jpg, image_3_939_2.jpg, image_3_939_3.jpg"
3 Piece - Printed Suit - 42401426,"Rs. 5,130.00 Rs. 3,334.50","Look mesmerizing with this printed three-piece from the latest unstitched summer collection.
Product Detail:
Floral Patterns With Strokes Style Shirt with Dupatta and Trousers
SHIRT
Digital Printed Super Fine Lawn Shirt: 3 Meter
Fabric: Lawn
Color: Purple
DUPATTA
Digital Printed Silk Dupatta: 2.5 Meter
Fabric: Silk
Color: Ivory
TROUSERS
Dyed Cambric Trousers: 2.5 Meter
Fabric: Cambric
Color: Purple
Note:
Product color may slightly vary due to photographic lighting sources or your device settings.",https://nishatlinen.com/products/42401426,"image_3_940_1.jpg, image_3_940_2.jpg, image_3_940_3.jpg"
1 Piece - Digital Printed Loose Fabric - 42403058 - Shirt / 3 / 3,Rs. 670.00 Rs. 436.00,"Dive into the pool of style with our exclusive digital printed one-piece from the latest freedom to buy summer collection.
Product Detail:
Watercolor Floral Chintz Printed Style Shirt
SHIRT
Shirt: 3 Meter (RS 1090/-Mtr)
Fabric: Fancy Strip
Color: Yellow Ochre
Note:
Product color may slightly vary due to photographic lighting sources or your device settings.",https://nishatlinen.com/collections/women/products/42403058,"image_3_941_1.jpg, image_3_941_2.jpg, image_3_941_3.jpg"
3 Piece - Jacquard Suit - 42402120,"Rs. 9,990.00 Rs. 7,992.00","Elevate your daily style with this jacquard three-piece from the latest unstitched summer collection.
Product Detail:
Chunri Style Shirt with Dupatta and Trousers
SHIRT
Jacquard Shirt: 3 Meter
1 Lace: 1.25 Meter
1 Lace: 2.5 Meter
Fabric: Jacquard
Color: Red
DUPATTA
Digital Printed Crinkle Chiffon Dupatta: 2.5 Meter
Fabric: Crinkle Chiffon
Color: Red
TROUSERS
Jacquard Trousers: 2.5 Meter
Fabric: Jacquard
Color: Red
Note:
Product color may slightly vary due to photographic lighting sources or your device settings.",https://nishatlinen.com/products/42402120,"image_3_942_1.jpg, image_3_942_2.jpg, image_3_942_3.jpg"
3 Piece - Printed Suit - 42401884,"Rs. 5,640.00 Rs. 3,666.00","Get a sober look by wearing this printed three-piece from the latest unstitched summer collection.
Product Detail:
Embellished Printed Style Shirt with Dupatta and Trousers
SHIRT
Printed Super Fine Lawn Shirt: 3 Meter
Fabric: Lawn
Color: Green
DUPATTA
Digital Printed Muzlin Dupatta: 2.5 Meter
Fabric: Muzlin
Color: Green
TROUSERS
Solid Cambric Trousers: 2.5 Meter
Fabric: Cambric
Color: Green
Note:
Product color may slightly vary due to photographic lighting sources or your device settings.",https://nishatlinen.com/collections/women/products/42401884,"image_3_943_1.jpg, image_3_943_2.jpg, image_3_943_3.jpg"
Embroidered Tunic - PS24-104 - XS,"Rs. 3,790.00 Rs. 2,274.00","Brighten your wardrobe with this embroidered tunic from the latest pret summer collection.
Product Detail
Embroidered Tunic
Tunic
Round Neckline With Placket, Embroidered Front
Fabric: Cambric
Color: Red
Note:
Product color may vary slightly due to photographic lighting sources or monitor settings.",https://nishatlinen.com/products/ps24-104,"image_3_944_1.jpg, image_3_944_2.jpg, image_3_944_3.jpg"
2 Piece - Printed Suit - PS24-291 - XS,"Rs. 5,130.00 Rs. 3,078.00","Embrace glamour & shine like a star with this printed two-piece suit from the latest pret summer collection. 
Product Detail
Printed Shirt With Trousers
Shirt
Overlap V Neckline With Placket, Loose Long Straight Shirt
Fabric: Cambric
Color: Red
Trousers
Loose Straight Trousers
Fabric: Cambric
Color: Red
Note:
Product color may vary slightly due to photographic lighting sources or monitor settings.",https://nishatlinen.com/products/ps24-291,"image_3_945_1.jpg, image_3_945_2.jpg, image_3_945_3.jpg"
2 Piece - Embroidered Suit - PE24-89 - XS,"Rs. 6,670.00 Rs. 4,002.00","Power up your look and make a mark in everyone’s heart by styling this embroidered two-piece suit from the latest pret summer collection.
Product Detail
Embroidered Shirt With Trousers
Shirt
Round Neckline With Piping & Slit, Embroidered Neckline & Sleeves
Fabric: Cambric
Color: Pink
Trousers
Straight Trousers
Fabric: Cambric
Color: Pink
Note:
Product color may vary slightly due to photographic lighting sources or monitor settings.",https://nishatlinen.com/products/pe24-89,"image_3_946_1.jpg, image_3_946_2.jpg, image_3_946_3.jpg"
2 piece - Digital Printed Embroidered Suit - 42401743,"Rs. 5,130.00 Rs. 3,334.50","Look gorgeous effortlessly by wearing this digital printed embroidered two-piece from the latest unstitched summer collection.
Product Detail:
Paper Textures Style Shirt with Trousers
SHIRT
Digital Printed Cambric Shirt: 3 Meter
Embroidered Neckline + Motifs
Fabric: Cambric
Color: Red
TROUSERS
Solid Cambric Trousers: 2.5 Meter
Fabric: Cambric
Color: Red
Note:
Product color may slightly vary due to photographic lighting sources or your device settings.",https://nishatlinen.com/collections/women/products/42401743,"image_3_947_1.jpg, image_3_947_2.jpg, image_3_947_3.jpg"
3 Piece - Printed Suit - PE24-276 - XS,"Rs. 8,730.00 Rs. 5,238.00","Drape yourself in class and make the epitome of elegance with this embroidered three-piece suit from the latest pret summer collection.
Product Detail
Embroidered Shirt With Dupatta & Trousers
Shirt
Round Neckline With Slit & Piping, Paneled Shirt 
Fabric: Lawn
Color: Orange
Dupatta
Printed Dupatta
Fabric: Net
Color: Olive Green
Trousers
Printed Trousers
Fabric: Cambric
Color: Olive Green
Note:
Product color may vary slightly due to photographic lighting sources or monitor settings.",https://nishatlinen.com/collections/women/products/pe24-276,"image_3_948_1.jpg, image_3_948_2.jpg, image_3_948_3.jpg"
3 Piece - Digital Printed Suit - 42401553,"Rs. 8,200.00 Rs. 5,330.00","Get the ultimate queen look by wearing this digital printed three-piece from the latest unstitched summer collection. 
Product Detail:
Floral Style Shirt with Dupatta and Trousers
SHIRT
Digital Printed Brochia Jacquard Shirt: 3 Meter
Fabric: Jacquard
Color: Lilac
DUPATTA
Digital Printed Brochia Jacquard Dupatta: 2.5 Meter
Fabric: Jacquard
Color: Lilac
TROUSERS
Dyed Cambric Trousers: 2.5 Meter
Fabric: Cambric
Color: Lilac
Note:
Product color may slightly vary due to photographic lighting sources or your device settings.",https://nishatlinen.com/collections/women/products/42401553,"image_3_949_1.jpg, image_3_949_2.jpg, image_3_949_3.jpg"
3 Piece - Printed Suit - 42401480,"Rs. 6,150.00 Rs. 3,997.50","Make your day pleasingly memorable with this printed three-piece from the latest unstitched summer collection.
Product Detail:
Paisley Embroidery Patterns Style Shirt with Dupatta and Trousers
SHIRT
Printed Super Fine Lawn Shirt: 3 Meter
1 Lace: 1.25 Meter
1 Lace: 2.5 Meter
Fabric: Lawn
Color: Peach
DUPATTA
Digital Printed Crinkle Chiffon Dupatta: 2.5 Meter
Fabric: Crinkle Chiffon
Color: Peach
TROUSERS
Printed Cambric Trousers: 2.5 Meter
Fabric: Cambric
Color: Peach
Note:
Product color may slightly vary due to photographic lighting sources or your device settings.",https://nishatlinen.com/products/42401480,"image_3_950_1.jpg, image_3_950_2.jpg, image_3_950_3.jpg"
2 Piece - Printed Suit - PE24-380 - XS,"Rs. 5,640.00 Rs. 3,384.00","Treat yourself to a new look with this printed two-piece suit from the latest pret summer collection. 
Product Detail
Printed Shirt With Shalwar
Shirt
Band Neckline With Slit, Printed Shirt
Fabric: Lawn
Color: Purple
Shalwar
Printed Shalwar
Fabric: Cambric
Color: Purple
Note:
Product color may vary slightly due to photographic lighting sources or monitor settings.",https://nishatlinen.com/products/pe24-380,"image_3_951_1.jpg, image_3_951_2.jpg, image_3_951_3.jpg"
1 Piece - Digital Printed Loose Fabric - 42403200 - Shirt / 3 / 3,Rs. 830.00 Rs. 540.00,"Transform every moment into a timeless affair with our digital printed one-piece from the latest freedom to buy summer collection.
Product Detail:
Block Printed Style Shirt 
SHIRT
Shirt: 3 Meter (RS 830/-Mtr)
Fabric: Dobby Lawn
Color: Mint Green

Note:
Product color may slightly vary due to photographic lighting sources or your device settings.",https://nishatlinen.com/products/42403200,"image_3_952_1.jpg, image_3_952_2.jpg, image_3_952_3.jpg"
3 Piece - Printed Embroidered Suit - 42401838,"Rs. 7,690.00 Rs. 4,998.50","Make a truly elegant statement in this printed embroidered three-piece from the latest unstitched summer collection.
Product Detail:
Floral Print Style Shirt with Dupatta and Trousers
SHIRT
Printed Lawn Shirt: 3 Meter
Embroidered Neckline + Border
Fabric: Lawn
Color: Light Grey
DUPATTA
Digital Printed Zari Lawn Dupatta: 2.5 Meter
Fabric: Zari Lawn
Color: Multi
TROUSERS
Solid Cambric Trousers: 2.5 Meter
Fabric: Cambric
Color: White
Note:
Product color may slightly vary due to photographic lighting sources or your device settings.",https://nishatlinen.com/collections/women/products/42401838,"image_3_953_1.jpg, image_3_953_2.jpg, image_3_953_3.jpg"
2 Piece - Dyed Embroidered Suit - 42401261,"Rs. 5,640.00 Rs. 3,666.00","Upgrade your evening outdoor look with this dyed embroidered two-piece from the latest unstitched summer collection.
Product Detail:
Shirt with Trousers
SHIRT
Dyed Cambric Shirt: 3 Meter
Embroidered Front + Border
Fabric: Cambric
Color: Pink
TROUSERS
Dyed Cambric Trousers: 2.5 Meter
Fabric: Cambric
Color: Pink
Note:
Product color may slightly vary due to photographic lighting sources or your device settings.",https://nishatlinen.com/products/42401261,"image_3_954_1.jpg, image_3_954_2.jpg, image_3_954_3.jpg"
3 Piece - Printed Embroidered Suit - 42401826,"Rs. 9,990.00 Rs. 6,493.50","Be dedicated in this printed embroidered three-piece from the latest unstitched summer collection.
Product Detail:
Floral Bunch Dupatta With Textured Shirt and Trousers
SHIRT
Printed Super Fine Lawn Shirt: 3 Meter
Embroidered Front + Motifs
Fabric: Lawn
Color: Peach
DUPATTA
Embroidered Organza Dupatta: 2.5 Meter
Fabric: Organza
Color: Peach
TROUSERS
Solid Cambric Trousers: 2.5 Meter
Fabric: Cambric
Color: Peach
Note:
Product color may slightly vary due to photographic lighting sources or your device settings.",https://nishatlinen.com/collections/women/products/42401826,"image_3_955_1.jpg, image_3_955_2.jpg, image_3_955_3.jpg"
3 Piece - Digital Printed Embroidered Suit - 42401792,"Rs. 8,200.00 Rs. 5,330.00","Delicate your look with this digital printed embroidered three-piece from the latest unstitched summer collection.
Product Detail:
Ethnic Print Style Shirt with Dupatta and Trousers
SHIRT
Digital Printed Super Fine Lawn Shirt: 3 Meter
2 Embroidered Motifs + Border
Fabric: Lawn
Color: Pink
DUPATTA
Digital Printed Silk Dupatta: 2.5 Meter
Fabric: Silk
Color: Pink
TROUSERS
Solid Cambric Trousers: 2.5 Meter
Fabric: Cambric
Color: Pink
Note:
Product color may slightly vary due to photographic lighting sources or your device settings.",https://nishatlinen.com/collections/women/products/42401792,"image_3_956_1.jpg, image_3_956_2.jpg, image_3_956_3.jpg"
3 Piece - Printed Suit - 42401813,"Rs. 6,660.00 Rs. 4,329.00","Express yourself with confidence printed three-piece from the latest unstitched summer collection.
Product Detail:
Floral & Laces Printed Style Shirt with Dupatta and Trousers
SHIRT
Printed Super Fine Lawn Shirt: 3 Meter
Fabric: Lawn
Color: Beige
DUPATTA
Digital Printed Crinkle Chiffon Dupatta: 2.5 Meter
Fabric: Crinkle Chiffon
Color: Beige
TROUSERS
Printed Cambric Trousers: 2.5 Meter
Fabric: Cambric
Color: Beige
Note:
Product color may slightly vary due to photographic lighting sources or your device settings.",https://nishatlinen.com/products/42401813,"image_3_957_1.jpg, image_3_957_2.jpg, image_3_957_3.jpg"
Slip - PW24-97 - XS,"Rs. 1,350.00 Rs. 1,080.00","Add comfort and a soft and smooth feel to your daily wear with this slip from the latest winter collection.   
Product Detail
Basic Slip
Slip
Round Neckline Slip
Fabric: Voile
Color: Black
Note:
Product color may slightly vary due to photographic lighting sources or your monitor settings.",https://nishatlinen.com/products/pw24-97,image_3_958_1.jpg
3 Piece - Digital Printed Embroidered Suit - 42401444,"Rs. 8,720.00 Rs. 5,668.00","Experience a stunning statement by wearing this digital printed embroidered three-piece from the latest unstitched summer collection.
Product Detail:
Floral Style Shirt with Dupatta and Trousers
SHIRT
Digital Printed Super Fine Grid Lawn Shirt: 3 Meter
Embroidered Motifs + Border
Fabric: Lawn
Color: Off White
DUPATTA
Digital Printed Super Fine Grid Lawn Dupatta: 2.5 Meter
Fabric: Lawn
Color: Off White
TROUSERS
Dyed Cambric Trousers: 2.5 Meter
Fabric: Cambric
Color: Off White
Note:
Product color may slightly vary due to photographic lighting sources or your device settings.",https://nishatlinen.com/products/42401444,"image_3_959_1.jpg, image_3_959_2.jpg, image_3_959_3.jpg"
3 Piece - Gold Paste Printed Embroidered Suit - 42401901,"Rs. 8,720.00 Rs. 5,668.00","Celebrate timeless elegance in our gold paste printed embroidered three-piece from the latest unstitched summer collection.
Product Detail:
Paisleys Prints Style Shirt with Dupatta and Trousers
SHIRT
Gold Paste Printed Super Fine Lawn Shirt: 3 Meter
Embroidered Neckline + Border
Fabric: Lawn
Color: Blue
DUPATTA
Gold Paste Printed Lawn Dupatta: 2.5 Meter
Fabric: Lawn
Color: Magenta
TROUSERS
Dyed Cambric Trousers: 2.5 Meter
Fabric: Cambric
Color: Blue
Note:
Product color may slightly vary due to photographic lighting sources or your device settings.",https://nishatlinen.com/collections/women/products/42401901,"image_3_960_1.jpg, image_3_960_2.jpg, image_3_960_3.jpg"
2 Piece - Printed Suit - PE24-353 - XS,"Rs. 4,570.00 Rs. 2,742.00","Expand your wardrobe with this printed two-piece suit from the latest pret summer collection.
Product Detail
Printed Shirt With Trousers
Shirt
Round Neckline With Placket, Box Pleat At Front
Fabric: Cambric
Color: Yellow
Trousers
Printed Straight Trousers
Fabric: Cambric
Color: Yellow
Note:
Product color may vary slightly due to photographic lighting sources or monitor settings.",https://nishatlinen.com/products/pe24-353,"image_3_961_1.jpg, image_3_961_2.jpg, image_3_961_3.jpg"
3 Piece - Printed Loose Fabric - 42403272 - Shirt / 3 / 3,Rs. 455.00 - Rs. 527.00,"Upgrade your wardrobe with printed three-piece from the latest freedom to buy summer collection.
Product Detail:
Block Prints Style Printed Shirt with Dupatta and Trousers
SHIRT
Shirt: 3 Meter (RS 750/-Mtr)
Fabric: Lawn
Color: Biscuit
DUPATTA
Dupatta: 2.5 Meter (RS 780/-Mtr)
Fabric: Voile
Color: Biscuit
TROUSERS
Trousers: 2.5 Meter (RS 680/-Mtr)
Fabric: Cambric
Color: Biscuit
Note:
Product color may slightly vary due to photographic lighting sources or your device settings.",https://nishatlinen.com/products/42403272,"image_3_962_1.jpg, image_3_962_2.jpg, image_3_962_3.jpg"
3 Piece - Printed Loose Fabric - 42403105 - Shirt / 3 / 3,Rs. 830.00 Rs. 540.00,"Refresh your wardrobe with this stunning printed three-piece from the latest freedom to buy summer collection.
Product Detail:
Modern Leaf Bunches Printed Style Shirt with Dupatta and Trousers
SHIRT
Shirt: 3 Meter (RS 730/-Mtr)
Fabric: Lawn
Color: Black & Off White
DUPATTA
Dupatta: 2.5 Meter (RS 750/-Mtr)
Fabric: Voile
Color: Black
Note: Fabric used in shoot for gown is dupatta fabric
TROUSERS
Trousers: 2.5 Meter (RS 650/-Mtr)
Fabric: Cambric
Color: Black & Off White
Note:
Product color may slightly vary due to photographic lighting sources or your device settings.",https://nishatlinen.com/collections/women/products/42403105,"image_3_963_1.jpg, image_3_963_2.jpg, image_3_963_3.jpg"
2 Piece - Printed Suit - PE24-219 - XS,"Rs. 6,660.00 Rs. 3,996.00","Glorify yourself with this amazing printed two-piece suit from the latest pret summer collection. 
Product Detail
Printed Shirt With Trousers
Shirt
Round Neckline With Piping & Slit
Fabric: Lawn
Color: Blue
Trousers
Loose Straight Trousers
Fabric: Cambric
Color: Blue
Note:
Product color may vary slightly due to photographic lighting sources or monitor settings.",https://nishatlinen.com/products/pe24-219,"image_3_964_1.jpg, image_3_964_2.jpg, image_3_964_3.jpg"
3 Piece - Printed Suit - 42401938,"Rs. 7,180.00 Rs. 4,667.00","For a stunningly spectacular look with our printed three-piece from the latest unstitched summer collection.
Product Detail:
Watercolor Floral Printed Style Shirt with Dupatta and Trousers
SHIRT
Printed Zari Lawn Shirt: 3 Meter
Fabric: Zari Lawn
Color: Off White
DUPATTA
Digital Printed Zari Lawn Dupatta: 2.5 Meter
Fabric: Zari Lawn
Color: Off White
TROUSERS
Printed Cambric Trousers: 2.5 Meter
Fabric: Cambric
Color: Off White
Note:
Product color may slightly vary due to photographic lighting sources or your device settings.",https://nishatlinen.com/collections/women/products/42401938,"image_3_965_1.jpg, image_3_965_2.jpg, image_3_965_3.jpg"
2 Piece - Printed Suit - 42402147,"Rs. 3,290.00 Rs. 2,632.00","Brighten up your wardrobe with this printed two-piece from the latest unstitched summer collection.
Product Detail:
Banarsi Printed Style Shirt with Trousers
SHIRT
Digital Printed Cambric Shirt: 3 Meter
Fabric: Cambric
Color: Black
TROUSERS
Digital Printed Cambric Trousers: 2.5 Meter
Fabric: Cambric
Color: Black
Note:
Product color may slightly vary due to photographic lighting sources or your device settings.",https://nishatlinen.com/products/42402147,"image_3_966_1.jpg, image_3_966_2.jpg, image_3_966_3.jpg"
2 Piece - Printed Suit - PS24-300 - XS,"Rs. 4,820.00 Rs. 2,892.00","Get a brighter look by wearing this printed two-piece suit from the latest pret summer collection.
Product Detail
Printed Shirt With Trousers
Shirt
Indian Invisible Neckline, Pleats Detail At Front, Round Hem
Fabric: Cambric
Color: Pistachio
Trousers
Loose Trousers
Fabric: Cambric
Color: Pistachio
Note:
Product color may vary slightly due to photographic lighting sources or monitor settings.",https://nishatlinen.com/collections/women/products/ps24-300,"image_3_967_1.jpg, image_3_967_2.jpg, image_3_967_3.jpg"
3 Piece - Jacquard Embroidered Suit - 42402086,"Rs. 9,990.00 Rs. 6,493.50","Preserve your beautifull memories by wearing this jacquard embroidered three-piece from the latest unstitched summer collection.
Product Detail:
Chunri Printed Style Shirt with Dupatta and Trousers
SHIRT
Fancy Jacquard Shirt: 2.1 Meter
Embroidered Front + Motifs 
Fabric: Jacquard 
Color: Bluish Grey
DUPATTA
Yarn Dyed Dupatta: 2.5 Meter
Fabric: Yarn Dyed
Color: Teal
TROUSERS
Solid Cambric Trousers: 1.7 Meter
Fabric: Cambric
Color: Bluish Grey
Note:
Product color may slightly vary due to photographic lighting sources or your device settings.",https://nishatlinen.com/collections/women/products/42402086,"image_3_968_1.jpg, image_3_968_2.jpg, image_3_968_3.jpg"
Embroidered Shirt - AS24-47 - XS,"Rs. 5,130.00 Rs. 3,078.00","Envelop yourself in the embrace of opulence with this embroidered shirt from the latest pret summer collection. 
Product Detail
Embroidered Shirt
Shirt
Collar Neckline With Placket, Embroidered Front & Sleeves Edges
Fabric: Yarn Dyed
Color: Sky Blue
Note:
Product color may vary slightly due to photographic lighting sources or monitor settings.",https://nishatlinen.com/collections/women/products/as24-47,"image_3_969_1.jpg, image_3_969_2.jpg, image_3_969_3.jpg"
Embroidered Trousers - PE24-256 - XS,"Rs. 2,560.00 Rs. 1,536.00","Upgrade your wardrobe with this embroidered trousers from the latest pret summer collection. 
Product Detail
Embroidered Trousers
Trousers
Loose Straight Trousers With Embroidered Hem
Fabric: Cambric
Color: Off White
Note:
Product color may vary slightly due to photographic lighting sources or monitor settings.",https://nishatlinen.com/products/pe24-256,"image_3_970_1.jpg, image_3_970_2.jpg, image_3_970_3.jpg"
3 Piece - Digital Printed Embroidered Suit - 42401783,"Rs. 8,200.00 Rs. 5,330.00","Make your day memorable with this graceful digital printed embroidered three-piece from the latest unstitched summer collection.
Product Detail:
Decorative Style Shirt with Dupatta and Trousers
SHIRT
Digital Printed Super Fine Lawn Shirt: 3 Meter
Embroidered Neckline + Motifs + Border
Fabric: Lawn
Color: Magenta
DUPATTA
Digital Printed Silk Dupatta: 2.5 Meter
Fabric: Silk
Color: Magenta
TROUSERS
Solid Cambric Trousers: 2.5 Meter
Fabric: Cambric
Color: Off White
Note:
Product color may slightly vary due to photographic lighting sources or your device settings.",https://nishatlinen.com/collections/women/products/42401783,"image_3_971_1.jpg, image_3_971_2.jpg, image_3_971_3.jpg"
2 Piece - Printed Suit - 42401719,"Rs. 3,070.00 Rs. 1,995.50","Strut in style with this printed two-piece from the latest unstitched summer collection.
Product Detail:
Floral Stems Prints Style Shirt with Dupatta
SHIRT
Printed Super Fine Lawn Shirt: 3 Meter
Fabric: Lawn
Color: Pashmina
DUPATTA
Printed Voile Dupatta: 2.5 Meter
Fabric: Voile
Color: Pashmina
Note:
Product color may slightly vary due to photographic lighting sources or your device settings.",https://nishatlinen.com/products/42401719,"image_3_972_1.jpg, image_3_972_2.jpg, image_3_972_3.jpg"
2 Piece - Embroidered Suit - PE24-128 - XS / S,"Rs. 6,660.00 Rs. 3,996.00","Radiate positivity and vibrancy in this embroidered two-piece suit from the latest pret summer collection.  
Product Detail
Embroidered Shirt With Trousers
Shirt
Round Neckline With Piping & Slit, Embroidered Front & Sleeves, Top Stitches Detail On Sleeves, Embroidered Shirt
Fabric: Cambric
Color: Pink
Trousers
Straight Trousers
Fabric: Cambric
Color: Pink
Note:
Product color may vary slightly due to photographic lighting sources or monitor settings.",https://nishatlinen.com/collections/women/products/pe24-128,"image_3_973_1.jpg, image_3_973_2.jpg, image_3_973_3.jpg"
2 Piece - Embroidered Suit - FS24-64 - XS,"Rs. 10,290.00 Rs. 6,174.00","Get an essential graceful look in this embroidered two-piece suit from the latest pret summer collection.
Product Detail
Embroidered Tunic With Trousers
Tunic
Band Neckline With Shell Buttons On Front, Panels Detail On Sleeves, Embroidered Front & Sleeves, Button Down Tunic
Fabric: Jacquard
Color: Yellow
Trousers
Fabric: Jacquard
Color: Yellow
Note:
Product color may vary slightly due to photographic lighting sources or monitor settings.",https://nishatlinen.com/products/fs24-64,"image_3_974_1.jpg, image_3_974_2.jpg, image_3_974_3.jpg"
Printed Shirt - PS24-250 - XS,"Rs. 3,390.00 Rs. 2,034.00","Capture hearts and mesmerize souls with this printed shirt from the latest pret summer collection. 
Product Detail
Printed Shirt
Shirt
Band Neckline With Buttons Detail On Placket, Round Hem
Fabric: Lawn
Color: Blue
Note:
Product color may vary slightly due to photographic lighting sources or monitor settings.",https://nishatlinen.com/collections/women/products/ps24-250,"image_3_975_1.jpg, image_3_975_2.jpg, image_3_975_3.jpg"
Embroidered Shirt - PS24-19 - XS,"Rs. 4,310.00 Rs. 2,586.00","Embrace glamour & shine like a star with this embroidered shirt from the latest pret pre summer collection.
Product Detail
Embroidered Shirt
Shirt
Band Neckline With Lace Patch Detail, Pearls & Loops Detail At Sleeves, Front Open Hem
Fabric: Jacquard
Color: Mustard
Note:
Product color may vary slightly due to photographic lighting sources or monitor settings.",https://nishatlinen.com/products/ps24-19,"image_3_976_1.jpg, image_3_976_2.jpg, image_3_976_3.jpg"
3 Piece - Printed Embroidered Suit - 42401847,"Rs. 7,690.00 Rs. 4,998.50","Upgrade your evening outdoor look with our printed embroidered three-piece from the latest unstitched summer collection.
Product Detail:
Mughal Leafy Vines Style Shirt with Dupatta and Trousers
SHIRT
Printed Lawn Shirt: 3 Meter
Embroidered Neckline + Border
Fabric: Lawn
Color: Green
DUPATTA
Digital Printed Zari Lawn Dupatta: 2.5 Meter
Fabric: Zari Lawn
Color: Green
TROUSERS
Dyed Cambric Trousers: 2.5 Meter
Fabric: Cambric
Color: Green
Note:
Product color may slightly vary due to photographic lighting sources or your device settings.",https://nishatlinen.com/collections/women/products/42401847,"image_3_977_1.jpg, image_3_977_2.jpg, image_3_977_3.jpg"
2 Piece - Printed Suit - PE24-399 - XS,"Rs. 4,570.00 Rs. 2,742.00","Radiate positivity and vibrancy in this printed two-piece suit from the latest pret summer collection.
Product Detail
Printed Shirt With Trousers
Shirt
Band Neckline With Placket, Printed Shirt
Fabric: Cambric
Color: Mint
Trousers
Loose Trousers
Fabric: Cambric
Color: Mint
Note:
Product color may vary slightly due to photographic lighting sources or monitor settings.",https://nishatlinen.com/products/pe24-399,"image_3_978_1.jpg, image_3_978_2.jpg, image_3_978_3.jpg"
3 Piece - White & Gold Paste Printed Embroidered Suit - 42401903,"Rs. 8,720.00 Rs. 5,668.00","Immerse yourself in the elegance of white & gold paste printed embroidered three-piece from the latest unstitched summer collection.
Product Details:
Ethnic Style Shirt with Dupatta & Trousers
SHIRT
Gold & White Paste Printed Super Fine Lawn Shirt: 3 Meter
Embroidered Motifs + Border
Fabric: Lawn
Color: Black
DUPATTA
Gold & White Paste Printed Lawn Dupatta: 2.5 Meter
Fabric: Lawn
Color: Black
TROUSERS
Dyed Cambric Trousers: 2.5 Meter
Fabric: Cambric
Color: ﻿Black
Note:
Product color may slightly vary due to photographic lighting sources or your device settings.",https://nishatlinen.com/products/42401903,"image_3_979_1.jpg, image_3_979_2.jpg, image_3_979_3.jpg"
3 Piece - Printed Loose Fabric - 42403118 - Shirt / 3 / 3,Rs. 830.00 Rs. 540.00,"Make your look lavish by wearing this printed three-piece from the latest freedom to buy summer collection.
Product Detail:
Abstract Floral Printed Style Shirt with Dupatta and Trousers
SHIRT
Shirt: 3 Meter (RS 730/-Mtr)
Fabric: Lawn
Color: Black
DUPATTA
Dupatta: 2.5 Meter (RS 750/-Mtr)
Fabric: Voile
Color: Pink
Note: Fabric used in shoot for gown is dupatta fabric
TROUSERS
Trousers: 2.5 Meter (RS 650/-Mtr)
Fabric: Cambric
Color: Black
Note:
Product color may slightly vary due to photographic lighting sources or your device settings.",https://nishatlinen.com/collections/women/products/42403118,"image_3_980_1.jpg, image_3_980_2.jpg, image_3_980_3.jpg"
3 Piece - Printed Suit - 42402023,"Rs. 5,130.00 Rs. 3,334.50","Make your catchy with this wonderful printed three-piece from the latest unstitched summer collection.
Product Detail:
Floral Printed Style Shirt with Dupatta and Trousers
SHIRT
Printed Super Fine Lawn Shirt: 3 Meter
Fabric: Lawn
Color: Beige
DUPATTA
Digital Printed Crinkle Chiffon Dupatta: 2.5 Meter
Fabric: Crinkle Chiffon
Color: Beige
TROUSERS
Solid Cambric Trousers: 2.5 Meter
Fabric: Cambric
Color: Beige
Note:
Product color may slightly vary due to photographic lighting sources or your device settings.",https://nishatlinen.com/collections/women/products/42402023,"image_3_981_1.jpg, image_3_981_2.jpg, image_3_981_3.jpg"
1 Piece - Digital Printed Loose Fabric - 42403388 - Shirt / 3 / 3,"Rs. 1,120.00 Rs. 728.00","Turn every moment into an everlasting memory with our digital printed one-piece from the latest freedom to buy summer collection.
Product Detail:
Linear Floral Jaal Printed Style Shirt 
SHIRT
Shirt: 3 Meter (RS 830/-Mtr)
Fabric: Dobby Lawn
Color: Off White

Note:
Product color may slightly vary due to photographic lighting sources or your device settings.",https://nishatlinen.com/collections/women/products/42403388,"image_3_982_1.jpg, image_3_982_2.jpg, image_3_982_3.jpg"
2 Piece - Printed Suit - 42402153,"Rs. 3,290.00 Rs. 2,632.00","Elevate your daily style with this printed two-piece from the latest unstitched summer collection.
Product Detail:
Florals & Chevrons With Embellished Borders in Prints Style Shirt with Trousers
SHIRT
Digital Printed Cambric Shirt: 3 Meter
Fabric: Cambric
Color: Brown
TROUSERS
Digital Printed Cambric Trousers: 2.5 Meter
Fabric: Cambric
Color: Multi
Note:
Product color may slightly vary due to photographic lighting sources or your device settings.",https://nishatlinen.com/collections/women/products/42402153,"image_3_983_1.jpg, image_3_983_2.jpg, image_3_983_3.jpg"
Basic Shirt - PE24-28 - XS / S,"Rs. 3,590.00 Rs. 2,154.00","Elevate your style and embody elegance with this basic shirt from the latest pret summer collection. 
Product Detail
Basic Shirt
Shirt
Collar Neckline With Buttons Detail At Packet, Lace Detail On Sleeves Edges
Fabric: Cambric
Color: Light Blue
Note:
Product color may vary slightly due to photographic lighting sources or monitor settings.",https://nishatlinen.com/collections/women/products/pe24-28,"image_3_984_1.jpg, image_3_984_2.jpg, image_3_984_3.jpg"
3 Piece - Digital Printed Suit - 42401052,"Rs. 4,610.00 Rs. 2,996.50","Get the tale of elegance and grace by wearing digital printed three-piece from the latest unstitched summer collection.
Product Detail:
Block Printed Style Motifs Shirt with Dupatta and Trousers
SHIRT
Digital Printed Super Fine Lawn Shirt: 3 Meter
Fabric: Lawn
Color: Orange
DUPATTA
Digital Printed Voile Dupatta: 2.5 Meter
Fabric: Voile
Color: Orange
TROUSERS
Dyed Cambric Trousers: 2.5 Meter
Fabric: Cambric
Color: ﻿Orange
Note:
Product color may slightly vary due to photographic lighting sources or your device settings.",https://nishatlinen.com/collections/women/products/42401052,"image_3_985_1.jpg, image_3_985_2.jpg, image_3_985_3.jpg"
3 Piece - Embroidered Suit - 42401428,"Rs. 9,740.00 Rs. 6,331.00","Drape yourself in class and embody elegance with this embroidered three-piece from the latest unstitched summer collection.
Product Detail:
Bold Flower With Silhouettes Style Shirt with Dupatta and Trousers
SHIRT
Dyed Cambric Shirt: 3 Meter
Embroidered Front + Motifs 
Fabric: Cambric
Color: Yellow
DUPATTA
Digital Printed Pure Chiffon Dupatta: 2.5 Meter
Fabric: Chiffon
Color: Black
TROUSERS
Dyed Cambric Trousers: 2.5 Meter
Fabric: Cambric
Color: Yellow
Note:
Product color may slightly vary due to photographic lighting sources or your device settings.",https://nishatlinen.com/collections/women/products/42401428,"image_3_986_1.jpg, image_3_986_2.jpg, image_3_986_3.jpg"
2 Piece - Embroidered Suit - PS24-342 - XS,"Rs. 7,190.00 Rs. 4,314.00","Radiate positivity and vibrancy in this embroidered two-piece suit from the latest pret summer collection.
Product Detail
Embroidered Shirt With Trousers
Shirt
Round Band Pleated Neckline With Embellishment, Back Forward Hem, Embroidered Sleeves, Embroidered Shirt With Front Open At Hem
Fabric: Cambric
Color: Tea Pink
Trousers
Straight Trousers
Fabric: Cambric
Color: Tea Pink
Note:
Product color may vary slightly due to photographic lighting sources or monitor settings.",https://nishatlinen.com/products/ps24-342,"image_3_987_1.jpg, image_3_987_2.jpg, image_3_987_3.jpg"
2 Piece - Embroidered Suit - PE24-154 - XS,"Rs. 5,640.00 Rs. 3,384.00","Find the perfect look for you with this embroidered two-piece suit from the latest pret summer collection. 
Product Detail
Embroidered Shirt With Trousers
Shirt
Round Neckline With Slit & Piping, Embroidered Front Panel On Hem
Fabric: Cambric
Color: Yellow
Trousers
Straight Trousers
Fabric: Cambric
Color: Yellow
Note:
Product color may vary slightly due to photographic lighting sources or monitor settings.",https://nishatlinen.com/products/pe24-154,"image_3_988_1.jpg, image_3_988_2.jpg, image_3_988_3.jpg"
Embroidered Dress - FE24-72 - XS,"Rs. 13,330.00 Rs. 7,998.00","From the first touch to the final flourish, look classy with this embroidered dress from the latest pret summer collection.  
Product Detail
Embroidered Dress
Dress
Embroidered Front & Sleeves With Lace Detail, Loose Straight Sleeves, Embroidered Neckline, Sleeves & Hem, Front Open Gown Dress
Fabric: Fancy Polyester
Color: Emerald
Note:
Product color may vary slightly due to photographic lighting sources or monitor settings.",https://nishatlinen.com/collections/women/products/fe24-72,"image_3_989_1.jpg, image_3_989_2.jpg, image_3_989_3.jpg"
3 Piece - Printed Loose Fabric - 42403300 - Shirt / 3 / 3,Rs. 880.00 Rs. 572.00,"Make a truly glamorous statement in this printed three-piece from the latest freedom to buy summer collection.
Product Detail:
Ethnic Printed Style Shirt with Dupatta and Trousers 
SHIRT
Shirt: 3 Meter (RS 750/-Mtr)
Fabric: Lawn
Color: Pink
DUPATTA
Dupatta: 2.5 Meter (RS 780/-Mtr)
Fabric: Voile
Color: Red
TROUSERS
Trousers: 2.5 Meter (RS 720/-Mtr)
Fabric: Cambric
Color: Red
Note:
Product color may slightly vary due to photographic lighting sources or your device settings.",https://nishatlinen.com/products/42403300,"image_3_990_1.jpg, image_3_990_2.jpg, image_3_990_3.jpg"
3 Piece - Printed Embroidered Suit - 42402033,"Rs. 9,490.00 Rs. 6,168.50","Delicate your look with this printed embroidered three-piece from the latest unstitched summer collection.
Product Detail:
Textured Floral Prints Style Shirt with Dupatta and Trousers
SHIRT
Printed Super Fine Lawn Shirt: 3 Meter
Embroidered Neckline + Border
Fabric: Lawn
Color: Coral
DUPATTA
Printed Banarsi Brochia Dupatta: 2.5 Meter
Fabric: Banarsi Brochia
Color: Coral
TROUSERS
Solid Cambric Trousers: 2.5 Meter
Fabric: Cambric
Color: Coral
Note:
Product color may slightly vary due to photographic lighting sources or your device settings.",https://nishatlinen.com/collections/women/products/42402033,"image_3_991_1.jpg, image_3_991_2.jpg, image_3_991_3.jpg"
1 Piece - Digital Printed Loose Fabric - 42403102 - Shirt / 3 / 3,Rs. 670.00 Rs. 436.00,"Blossom into summer romance with the allure of our digital printed one-piece from the latest freedom to buy summer collection.
Product Detail:
Sunflowers Printed Style Shirt
SHIRT
Shirt: 3 Meter (RS 1090/-Mtr)
Fabric: Fancy Strip
Color: Beige
Note:
Product color may slightly vary due to photographic lighting sources or your device settings.",https://nishatlinen.com/products/42403102,"image_3_992_1.jpg, image_3_992_2.jpg, image_3_992_3.jpg"
3 Piece - Printed Loose Fabric - 42403005 - Shirt / 3 / 3,Rs. 670.00 Rs. 436.00,"Grace and elegance are intertwined in this printed three-piece from the latest freedom to buy summer collection.
Product Detail:
Ethnic Printed Style Shirt with Dupatta and Trousers
SHIRT
Shirt: 3 Meter (RS 730/-Mtr)
Fabric: Lawn
Color: Carrot
DUPATTA
Dupatta: 2.5 Meter (RS 750/-Mtr)
Fabric: Voile
Color: Carrot
TROUSERS
Trousers: 2.5 Meter (RS 650/-Mtr)
Fabric: Cambric
Color: ﻿Carrot
Note:
Product color may slightly vary due to photographic lighting sources or your device settings.",https://nishatlinen.com/collections/women/products/42403005,"image_3_993_1.jpg, image_3_993_2.jpg, image_3_993_3.jpg"
3 Piece - Embroidered Suit - 42402058,"Rs. 8,690.00 Rs. 5,648.50","Make your catchy with this wonderful embroidered three-piece from the latest unstitched summer collection.
Product Detail:
Kashmiri Patterns In Printed Form Style Shirt with Dupatta and Trousers
SHIRT
Solid Slub Cambric Shirt: 3 Meter
Embroidered Front Panel + Border
Fabric: Cambric
Color: Green
DUPATTA
Digital Printed Slub Dupatta: 2.5 Meter
Fabric: Slub
Color: Green
TROUSERS
Solid Cambric Trousers: 2.5 Meter
Fabric: Cambric
Color: Green
Note:
Product color may slightly vary due to photographic lighting sources or your device settings.",https://nishatlinen.com/collections/women/products/42402058,"image_3_994_1.jpg, image_3_994_2.jpg, image_3_994_3.jpg"
3 Piece - Printed Suit - 42402017,"Rs. 5,130.00 Rs. 3,334.50","Build your core wardrobe with this printed three-piece from the latest unstitched summer collection.
Product Detail:
Mughal Floral Printed Style Shirt with Dupatta and Trousers
SHIRT
Printed Super Fine Lawn Shirt: 3 Meter
Fabric: Lawn
Color: Skin
DUPATTA
Digital Printed Crinkle Chiffon Dupatta: 2.5 Meter
Fabric: Crinkle Chiffon
Color: Multi
TROUSERS
Solid Cambric Trousers: 2.5 Meter
Fabric: Cambric
Color: Skin
Note:
Product color may slightly vary due to photographic lighting sources or your device settings.",https://nishatlinen.com/collections/women/products/42402017,"image_3_995_1.jpg, image_3_995_2.jpg, image_3_995_3.jpg"
3 Piece - Gold Printed Suit - 42401390,"Rs. 6,660.00 Rs. 4,329.00","Elevate your style by wearing this gold printed three-piece from the latest unstitched summer collection.
Product Detail:
Abstract Floral Printed Style Shirt with Dupatta and Trousers
SHIRT
Gold Printed Super Fine Lawn Shirt: 3 Meter
Fabric: Lawn
Color: Magenta
DUPATTA
Digital Printed Maysuri Dupatta: 2.5 Meter
Fabric: Maysuri
Color: Magenta
TROUSERS
Dyed Cambric Trousers: 2.5 Meter
Fabric: Cambric
Color: Magenta
Note:
Product color may slightly vary due to photographic lighting sources or your device settings.",https://nishatlinen.com/collections/women/products/42401390,"image_3_996_1.jpg, image_3_996_2.jpg, image_3_996_3.jpg"
3 Piece - Digital Printed Loose Fabric - 42403164 - Shirt / 3 / 3,Rs. 830.00 Rs. 540.00,"Uplift your look with digital printed three-piece from the latest freedom to buy summer collection.
Product Detail:
Floral Mix Printed Style Shirt with Dupatta and Trousers
SHIRT
Shirt: 3 Meter (RS 750/-Mtr)
Fabric: Lawn
Color: Black
DUPATTA
Dupatta: 2.5 Meter (RS 780/-Mtr)
Fabric: Voile
Color: Black
TROUSERS
Trousers: 2.5 Meter (RS 690/-Mtr)
Fabric: Cambric
Color: Black
Note:
Product color may slightly vary due to photographic lighting sources or your device settings.",https://nishatlinen.com/products/42403164,"image_3_997_1.jpg, image_3_997_2.jpg, image_3_997_3.jpg"
2 Piece - Dyed Embroidered Suit - 42401729,"Rs. 5,640.00 Rs. 3,666.00","Get sober look by wearing this dyed embroidered two-piece from the latest unstitched summer collection.
Product Detail:
Shirt with Trousers
SHIRT
Solid Cambric Shirt: 3 Meter
Embroidered Front + Border
Fabric: Cambric
Color: Deep Mink 
TROUSERS
Solid Cambric Trousers: 2.5 Meter
Fabric: Cambric
Color: Deep Mink 
Note:
Product color may slightly vary due to photographic lighting sources or your device settings.",https://nishatlinen.com/collections/women/products/42401729,"image_3_998_1.jpg, image_3_998_2.jpg, image_3_998_3.jpg"
2 Piece - Printed Embroidered Suit - 42401946,"Rs. 5,640.00 Rs. 3,666.00","Attract special attention by wearing this printed embroidered two-piece from the latest unstitched summer collection.
Product Detail:
Tie & Dye Textures With Ethnic Print On Top Style Shirt with Dupatta
SHIRT
White Paste Printed Super Fine Lawn Shirt: 3 Meter
Embroidered Front + Border
Fabric: Lawn
Color: Off White
DUPATTA
Digital Printed Silk Dupatta: 2.5 Meter
Fabric: Silk
Color: Off White & Blue
Note:
Product color may slightly vary due to photographic lighting sources or your device settings.",https://nishatlinen.com/collections/women/products/42401946,"image_3_999_1.jpg, image_3_999_2.jpg, image_3_999_3.jpg"
Printed Embroidered Shirt - PE24-337 - XS,"Rs. 4,300.00 Rs. 2,580.00","Unleash your inner muse by wearing this printed embroidered shirt from the latest pret summer collection.
Product Detail
Printed Embroidered Shirt
Shirt
Band Neckline With Slit & Piping, Embroidered Sleeves
Fabric: Lawn
Color: Light Grey
Note:
Product color may vary slightly due to photographic lighting sources or monitor settings.",https://nishatlinen.com/collections/women/products/pe24-337,"image_3_1000_1.jpg, image_3_1000_2.jpg, image_3_1000_3.jpg"
